0 1 0.32124
1 2 0.34571
1 18 0.28868
1 19 0.37799
2 3 0.30365
2 18 0.24453
3 4 0.29630
3 16 0.29666
3 17 0.31086
4 5 0.32617
4 15 0.33118
4 16 0.27959
5 6 0.35053
5 14 0.30745
6 7 0.33213
6 13 0.28933
6 14 0.33610
7 8 0.30670
7 12 0.40000
7 13 0.36406
8 9 0.31459
8 11 0.25823
8 12 0.31884
9 10 0.22331
9 11 0.34002
10 11 0.31291
10 29 0.24398
11 12 0.34594
11 28 0.23558
12 13 0.28217
12 27 0.26080
13 14 0.30547
13 26 0.34810
14 15 0.31602
14 24 0.32544
14 25 0.35887
14 26 0.31569
15 16 0.36212
15 23 0.35514
15 24 0.36762
15 25 0.32885
16 17 0.34588
16 22 0.32036
16 23 0.30265
16 24 0.31008
17 18 0.28106
17 22 0.25392
17 23 0.26984
18 19 0.32197
18 21 0.37115
18 22 0.29075
19 20 0.35652
20 21 0.38920
20 39 0.42635
21 22 0.30287
21 38 0.30886
21 39 0.32602
22 23 0.33652
23 24 0.36030
24 25 0.34435
25 26 0.26987
25 34 0.35830
25 35 0.38912
26 27 0.30902
26 33 0.33608
26 34 0.40536
27 28 0.35769
27 31 0.27429
27 32 0.30511
27 33 0.24331
28 29 0.33271
28 31 0.27208
28 32 0.27199
29 30 0.28005
29 31 0.26290
30 31 0.23813
31 32 0.32004
31 33 0.23032
32 33 0.38779
33 34 0.37512
34 35 0.31628
34 36 0.34006
35 36 0.29320
36 37 0.29025
37 38 0.32182
38 39 0.37153
