2104
60 1487
120 22265
229 21815
289 21956
305 22415
435 2725
478 2849
479 2850
697 22792
724 3308
736 3317
848 2875
875 22331
903 22523
921 3404
977 3680
988 22594
1072 3048
1076 9460
1110 23096
1116 22702
1124 3525
1143 2388
1194 23062
1237 22346
1290 2957
1325 22616
1338 23317
1419 4412
1443 22934
1598 3284
1889 3429
1924 23418
2013 3801
2085 3734
2150 23678
2183 4189
2207 4995
2208 4996
2237 5042
2272 5405
2323 4138
2369 5426
2398 24098
2406 4485
2463 23393
2496 23138
2542 23920
2694 24020
2781 4740
2784 29202
2883 5579
2971 24407
2983 5790
3006 5982
3084 24371
3164 24620
3211 6457
3231 6249
3361 24507
3396 24536
3397 24537
3481 23819
3553 6655
3601 24842
3682 5562
3716 24732
3742 24763
3805 6885
3936 24398
4041 7147
4061 7216
4137 7456
4170 7292
4192 7331
4251 7381
4266 7785
4280 6909
4346 7809
4355 7414
4409 6330
4482 6298
4500 7775
4538 6951
4545 7699
4563 7845
4659 8208
4698 25223
4764 25349
4819 25023
4902 7458
4965 7128
4981 8208
5019 8312
5028 8208
5042 25528
5050 8621
5063 8468
5185 7923
5186 7924
5189 8604
5358 7634
5385 8840
5389 8811
5408 8858
5474 8107
5496 26280
5536 9457
5551 25732
5552 7844
5577 8445
5596 9057
5620 9133
5627 8685
5696 9140
5731 9178
5783 9263
5788 25945
5828 9193
5833 9337
5872 9253
5968 8347
5985 9542
6012 10053
6133 8861
6298 25666
6322 26264
6356 9892
6434 26376
6435 26377
6436 26378
6608 25875
6863 25907
6913 11202
6955 26983
6978 10422
6979 26616
6998 10911
7017 10663
7030 10685
7031 10686
7170 10646
7206 11054
7348 10858
7441 16952
7471 10016
7553 10029
7574 11978
7627 12023
7851 11794
7930 27292
8005 11647
8026 11878
8048 11909
8069 11244
8118 27439
8151 27017
8155 10217
8156 10201
8157 10202
8193 4470
8321 27491
8404 11959
8410 12783
8414 12374
8438 27626
8506 10753
8548 10718
8622 12574
8648 10878
8722 11720
8891 11118
8965 12785
8975 27885
9088 12932
9191 13151
9214 11897
9234 12014
9296 12847
9455 13398
9573 12728
9580 13950
9739 12118
9747 12997
9765 27618
9815 27989
9836 13642
9933 13886
10002 13415
10019 13457
10273 13991
10285 13736
10457 14188
10579 14026
10581 14027
10590 14451
10729 14560
10757 28674
10781 14589
10854 14463
10865 14671
10866 14672
10916 14736
11093 14478
11100 14265
11128 28524
11163 14988
11165 14968
11479 15337
11495 14881
11515 29170
11655 14267
11680 15251
11738 14624
11746 14702
11812 15523
11856 15458
11935 14852
11936 14853
11961 16410
11992 14848
12021 15265
12036 14951
12171 16144
12181 16136
12387 15379
12416 29046
12916 16605
13011 16068
13042 16827
13060 16714
13139 17581
13164 15964
13192 16849
13199 16953
13217 16981
13345 17011
13353 17780
13360 17708
13378 16463
13384 16963
13433 17077
13459 16602
13505 16661
13591 17414
13629 18012
13639 17353
13716 16924
13887 17450
14055 17617
14058 17578
14103 17402
14122 17811
14150 17285
14205 17521
14359 18175
14413 17891
14538 18974
14556 17791
14598 18125
14607 18066
14625 17841
14683 17904
14751 18873
14764 18950
14797 18662
14798 17643
14860 18652
14877 18953
14950 18345
14966 19151
14980 30678
14992 18351
15145 19307
15280 18305
15397 18928
15398 19017
15429 30820
15721 19348
15775 18632
16011 19923
16069 20051
16081 19782
16362 19230
16404 20551
16857 19882
16988 19926
17156 20094
17157 20095
17248 32036
17254 31810
17288 20625
17353 20355
17441 20469
17484 20519
17486 20520
17645 20473
20401 32913
20431 21582
20467 22316
20491 21790
20508 32972
20523 32983
20524 32984
20536 33321
20554 33336
20558 22525
20578 21726
20652 2814
20675 22025
20680 1916
20695 33446
20732 22054
20734 33495
20786 33609
20794 22684
20846 22742
20854 33361
20975 22214
21059 3599
21087 33945
21105 33997
21152 23007
21185 23252
21230 23287
21250 23117
21295 34120
21301 34139
21320 34157
21618 23880
21622 23679
21692 23226
21702 33973
21796 34415
21797 34073
21807 23263
21811 23486
21829 34465
21834 34454
21900 23940
21932 24020
21940 24038
21983 5539
21993 34609
22018 24247
22022 34055
22098 34695
22111 24268
22133 24192
22134 24193
22144 34353
22148 34772
22150 34221
22151 34222
22173 34742
22175 23740
22299 34379
22363 34889
22396 24670
22429 35094
22479 23980
22482 35042
22657 35224
22696 35256
22705 24910
22750 35418
22766 6245
22773 25097
22808 35278
22809 35279
22814 35348
22848 25077
22970 35480
22997 35562
23039 25415
23126 25272
23157 25513
23197 25509
23198 25510
23247 15671
23264 35456
23286 25621
23301 25588
23334 35571
23358 25369
23390 35753
23399 26006
23409 35575
23428 48634
23448 35797
23471 25551
23485 35927
23501 25766
23504 25834
23513 8823
23520 25855
23571 25657
23605 36008
23634 36030
23762 25734
23794 25486
23797 26146
23834 25811
23835 25812
23913 25865
23960 26207
24020 8672
24055 26519
24177 26487
24244 26563
24384 26863
24433 26759
24535 36918
24536 36919
24593 27122
24596 36804
24624 36778
24675 27227
24747 27348
24748 27278
24877 36466
24901 27619
24915 27539
24927 27716
24961 27348
24982 36817
24983 27539
24984 27507
25017 27550
25018 27551
25024 27552
25033 27228
25048 27587
25081 27647
25089 28013
25107 36586
25113 27348
25159 10028
25160 26810
25187 26821
25188 26822
25227 27821
25257 26925
25263 27232
25271 27868
25280 27276
25293 27318
25309 27784
25310 27147
25324 27189
25332 27817
25333 27818
25336 37377
25363 27854
25364 27893
25407 37409
25415 28022
25478 37226
25503 27442
25513 28087
25514 28088
25520 13388
25528 27788
25571 28147
25572 27520
25609 27905
25615 13417
25645 28192
25685 27635
25686 27636
25696 28002
25701 27987
25746 27990
25752 13135
25864 28169
25872 27862
26050 37397
26051 37398
26066 28585
26076 28021
26095 13827
26107 28615
26113 28342
26149 28531
26158 28685
26175 28396
26199 28014
26232 28473
26234 14497
26248 28747
26328 28824
26337 14698
26373 14807
26395 28894
26397 28909
26419 28922
26425 28887
26426 28888
26453 28963
26454 38123
26465 14943
26471 28979
26481 28972
26482 28973
26514 28649
26559 29038
26591 28328
26637 29098
26658 29126
26701 15362
26709 15385
26711 29178
26729 29081
26756 15468
26763 15489
26779 28740
26780 28741
26805 28789
26813 28750
26863 29298
26905 15698
26918 29642
26919 29651
26920 29652
26938 29673
26966 29258
26981 29212
26984 29409
26987 28911
27003 29222
27004 38229
27024 29246
27043 15571
27051 29759
27085 15125
27112 29538
27115 29548
27160 16114
27239 29456
27240 29457
27285 29136
27299 16043
27322 29157
27323 29158
27458 16314
27469 29729
27473 17188
27485 29697
27489 29705
27552 16495
27560 29518
27611 30296
27665 29621
27670 30340
27673 16185
27721 16939
27743 17659
27785 29795
27806 29791
27807 29792
27831 17060
27855 29832
27873 30075
27874 17136
27884 17044
27926 17893
27929 16637
27930 30163
27944 30145
27967 30552
28021 30011
28022 30012
28025 30288
28061 30001
28102 17505
28144 30648
28190 18176
28195 30853
28272 30409
28423 39313
28476 17943
28493 18368
28516 18409
28551 30689
28566 30882
28569 30575
28593 30337
28603 18605
28609 30347
28614 30836
28639 30979
28653 19026
28654 19027
28661 17930
28674 18234
28723 31050
28746 18350
28752 30986
28778 30718
28828 18682
28840 19369
28866 19324
28875 30600
28902 30642
28927 31073
28951 18402
29029 30914
29045 18863
29095 31449
29121 30840
29133 19626
29144 30857
29186 31071
29187 31072
29238 18775
29251 31440
29254 19769
29267 31008
29283 31128
29284 31129
29325 31198
29355 19912
29405 19067
29501 19274
29517 32012
29530 31467
29639 19865
29738 20028
29784 31430
29958 31656
30003 20026
30011 31691
30068 27053
30091 20284
30107 31826
30151 31879
30152 20430
30560 20716
30564 20716
31397 44845
31811 32925
31817 33065
31821 32599
31876 33117
31924 33340
31949 41326
31959 33046
31991 33556
32065 33596
32122 33617
32161 41371
32162 33739
32214 33163
32262 33772
32281 33742
32285 33302
32320 33281
32339 33814
32376 34082
32450 41515
32451 41516
32461 33972
32484 34159
32544 34300
32555 41960
32616 34246
32617 42017
32698 33952
32706 34347
32767 33957
32773 34046
32774 34047
32778 34053
32860 42203
32874 34645
32885 23374
32992 42184
33024 34662
33062 41857
33093 34355
33131 34670
33133 34763
33254 42467
33269 35123
33272 42090
33366 42409
33385 35197
33389 35182
33407 42493
33416 42510
33441 35244
33524 34749
33530 35068
33540 35270
33558 35360
33562 35370
33652 35533
33704 35262
33760 35272
33774 19982
33783 42538
33814 35693
33822 35355
33856 35733
33861 35759
33874 42856
33907 42871
33911 35760
33987 35549
33993 42899
34001 35575
34066 35768
34076 35701
34088 35973
34150 43007
34245 35857
34308 35730
34330 12860
34334 35763
34343 36076
34389 36226
34399 36234
34414 36205
34473 35951
34499 35980
34631 36662
34635 36672
34641 36822
34642 36823
34675 36686
34709 36338
34713 36732
34716 36748
34717 37036
34745 36739
34756 36950
34757 36951
34775 36595
34807 37001
34817 36773
34851 37035
34859 26847
34865 36865
34893 36906
34894 36907
34973 37022
35001 37005
35007 36971
35010 43533
35026 37073
35039 37092
35043 37146
35053 36820
35107 37132
35110 37150
35125 36565
35129 37187
35166 43401
35175 37036
35176 37219
35203 37225
35217 37259
35254 36782
35255 36783
35260 37299
35267 37044
35287 36927
35296 37346
35302 36947
35316 37372
35318 37001
35322 37280
35323 37281
35347 37343
35355 37394
35370 27407
35420 37453
35446 27742
35464 37501
35465 37502
35468 37496
35496 37535
35504 37556
35506 37575
35508 37260
35515 43990
35548 37339
35555 37635
35556 37631
35560 37614
35562 37357
35573 27934
35575 37554
35583 37653
35592 37573
35601 37586
35602 37348
35603 37349
35605 37387
35606 37388
35615 37683
35616 37678
35631 37406
35638 37713
35639 37223
35667 44081
35668 37473
35723 37798
35730 37506
35746 37515
35757 28166
35765 37608
35797 37638
35807 37813
35832 37671
35852 37623
35865 28342
35871 37914
35883 37933
35897 37888
35915 28146
35943 37981
35952 38008
35976 38006
35977 38007
35984 37804
35997 37953
35998 38012
36016 28057
36029 38091
36030 38092
36072 37762
36074 38071
36157 38181
36167 38208
36189 38066
36203 38168
36209 38240
36241 37924
36272 37717
36313 29153
36314 29154
36379 37884
36395 38037
36403 29267
36411 38430
36447 37945
36453 38394
36457 38460
36458 38717
36468 38465
36481 38133
36543 38448
36564 38333
36588 38454
36595 38513
36606 38486
36627 38502
36637 29498
36642 38709
36693 38585
36695 38933
36722 29723
36727 38652
36739 38760
36768 29606
36786 38435
36790 44501
36793 38799
36794 38800
36795 44559
36830 29654
36842 30122
36909 29767
36976 38899
36981 38653
37015 39193
37019 29932
37020 38923
37037 38952
37069 39056
37081 30023
37144 30015
37145 30076
37181 38904
37209 39378
37221 39354
37231 39098
37288 29972
37302 30329
37310 38970
37326 39346
37327 39347
37331 39023
37332 39024
37351 39364
37353 44793
37388 39400
37391 39085
37395 30741
37442 39233
37455 30424
37479 39577
37493 39180
37506 30994
37517 39340
37521 39338
37524 39155
37531 39156
37533 39167
37549 30973
37571 30609
37580 39413
37599 31045
37632 30719
37634 39749
37635 39192
37640 39192
37676 31103
37740 31255
37799 30744
37883 39699
37907 31186
37917 39425
37924 39984
37940 49338
37945 30900
37962 31437
37975 31409
37997 39836
38026 39517
38029 39788
38049 39805
38053 31320
38056 30964
38060 31491
38065 39599
38071 39595
38087 39847
38180 39924
38231 31230
38273 39873
38366 31544
38401 31692
38421 40190
38489 40142
38511 40172
38598 40193
38630 31816
38677 31941
38744 40369
38803 40432
38826 32064
38950 40442
39049 38653
39258 10742
39846 41255
39861 41017
39862 41018
39871 41087
39885 46267
39924 46372
39928 41027
39937 41087
39940 41328
39980 46564
39987 46580
39988 46373
39995 46581
40004 41455
40016 46399
40019 41449
40055 33169
40093 41185
40105 41642
40106 41643
40110 41432
40122 41213
40129 41670
40140 46677
40169 46712
40191 41283
40224 41311
40302 46813
40319 46831
40330 46951
40365 41881
40376 46998
40434 41945
40436 46621
40438 41901
40443 46897
40480 46790
40506 41929
40517 46824
40524 41970
40585 42015
40600 42122
40647 47130
40684 47157
40753 47208
40754 42180
40763 47273
40769 47218
40792 47241
40802 42193
40803 47230
40881 47068
40892 42362
40895 42427
40922 47311
40923 47138
40940 42333
40992 42497
41046 42559
41072 42530
41187 42327
41206 42735
41211 42482
41258 42741
41277 42756
41294 35627
41328 42895
41345 42830
41346 42831
41384 42889
41389 42898
41394 42906
41400 47551
41401 47552
41409 47722
41415 42880
41420 47580
41429 47699
41437 47572
41438 47573
41489 42827
41503 42811
41516 42984
41517 43074
41549 43077
41586 42801
41587 42802
41609 42821
41621 47816
41637 35934
41652 47664
41715 36412
41747 43250
41794 43323
41851 43452
41860 43448
41874 43392
41882 36338
41905 43523
41929 43662
42040 43468
42077 43500
42078 43501
42092 43670
42177 43803
42210 43506
42237 43574
42238 43575
42276 43888
42301 43862
42319 43561
42346 43956
42393 43991
42400 44005
42401 44006
42415 43882
42416 43901
42423 44036
42426 44031
42427 44032
42431 44043
42441 43880
42465 48378
42474 43916
42480 48370
42486 44081
42493 43924
42505 43933
42522 43840
42530 43799
42558 44024
42571 48475
42578 44045
42583 44046
42596 48459
42607 44028
42610 44066
42613 44166
42621 43940
42630 44098
42633 43891
42660 44182
42686 44241
42692 43930
42693 44236
42704 44261
42730 44281
42753 44295
42763 44309
42782 44335
42788 44350
42801 44358
42803 44365
42825 44085
42844 44020
42847 44395
42848 44396
42890 44426
42911 44457
42922 44469
42947 44502
42955 44437
42956 44488
42959 44254
42962 44521
42963 44522
42970 44530
42972 44535
42982 44543
42987 44167
42990 48774
42992 44250
43003 44447
43014 44569
43016 44580
43023 44389
43038 44568
43053 44514
43062 44529
43091 38170
43101 44384
43105 38458
43107 44470
43138 44713
43141 44605
43147 38727
43160 44616
43170 44491
43192 44888
43224 44559
43225 48962
43229 44456
43232 39007
43269 39083
43357 44897
43371 39211
43372 39212
43381 44910
43420 38945
43447 44926
43458 44977
43461 39018
43464 44965
43486 39354
43487 39098
43492 44848
43502 45143
43512 44834
43514 39164
43537 39202
43547 38970
43560 44944
43561 44930
43565 39366
43572 45190
43577 44928
43585 45025
43590 39409
43600 44954
43605 45044
43620 30853
43664 45065
43684 39127
43692 45262
43694 39340
43696 39238
43705 45354
43710 39156
43711 39061
43719 45069
43727 39328
43739 39404
43760 45098
43768 45217
43771 39439
43774 39728
43783 39301
43784 39302
43804 39739
43828 49353
43833 45197
43875 39842
43886 45091
43918 45136
43937 39695
43976 45191
43984 45452
43985 45438
43993 45254
43999 39836
44009 39627
44010 39628
44046 45309
44047 45265
44057 39720
44071 39961
44076 45310
44085 45314
44095 39995
44102 45337
44106 39889
44109 39774
44127 40120
44150 40153
44205 45453
44215 45609
44232 45635
44234 45628
44236 40137
44266 45517
44275 40441
44283 45605
44303 39971
44350 45629
44392 40249
44440 40193
44451 40423
44475 45754
44486 40258
44518 45790
44549 40371
44579 45823
44593 40425
44595 40455
44605 40410
44606 40411
44627 45867
44700 40460
44736 45828
45282 46273
45304 46290
45305 46291
45308 46338
45336 46315
45466 46383
45485 46433
45486 46434
45492 50216
45502 50458
45503 46464
45504 46465
45511 46700
45562 46844
45576 46750
45589 50402
45590 50403
45595 50260
45602 46759
45603 46760
45604 46751
45605 46752
45645 46929
45653 50586
45679 50502
45714 50635
45723 46628
45734 46928
45758 46799
45781 46786
45786 47125
45792 47028
45793 47030
45803 47041
45804 47042
45806 50669
45810 47119
45817 50687
45828 47076
45833 50535
45834 50536
45841 50654
45854 47098
45862 46915
45863 42231
45878 47132
45892 47213
45898 50491
45901 47156
45906 50592
45907 50593
45908 50584
45920 47226
45927 46982
45929 50605
45973 50780
45978 50643
46017 47297
46041 47252
46043 50644
46153 47462
46187 47444
46200 47440
46225 47478
46287 47538
46293 51012
46303 47547
46304 47548
46307 47465
46316 47577
46323 47479
46366 47449
46377 51082
46399 47653
46405 47676
46443 47690
46444 51104
46452 47630
46456 47674
46457 47675
46479 47636
46494 47739
46512 47643
46520 47859
46538 47809
46544 47619
46545 40442
46563 47836
46589 51096
46630 47912
46638 47800
46651 47725
46655 51314
46661 47954
46685 47971
46687 47973
46692 47986
46698 51329
46703 48014
46732 48072
46759 47850
46776 47943
46831 48073
46920 48010
46969 43622
47022 48181
47023 48182
47042 48297
47045 43539
47055 43939
47093 48430
47094 48431
47105 51482
47109 48195
47123 48257
47130 48363
47144 48447
47146 48385
47154 48386
47168 48499
47169 48500
47171 48384
47176 48487
47183 48413
47185 48318
47195 48403
47201 48428
47214 51699
47221 48496
47222 48497
47228 48446
47237 48530
47276 48576
47282 48411
47283 48412
47296 48585
47297 48586
47301 48603
47317 48534
47337 48639
47341 48642
47350 51741
47352 48644
47376 48661
47384 44348
47385 44349
47389 44351
47391 48627
47395 44362
47407 48694
47408 48695
47412 48696
47413 48697
47414 48693
47417 48719
47434 48706
47436 48718
47437 48719
47450 44391
47459 48708
47463 48731
47467 48473
47472 48750
47473 48751
47474 48745
47476 48567
47480 44418
47503 48769
47513 48758
47524 48780
47527 44443
47529 48786
47534 51804
47537 48788
47543 48798
47552 48802
47553 48803
47557 48793
47562 48809
47568 48813
47569 48822
47574 48823
47575 48824
47590 48832
47595 48895
47598 48836
47600 48838
47604 48840
47605 48846
47612 44571
47635 48862
47645 48872
47675 44577
47714 49060
47719 48882
47728 51906
47748 44682
47749 48991
47758 44752
47769 49005
47772 48814
47790 48964
47793 48826
47807 44738
47811 49036
47812 49037
47818 44814
47819 44815
47830 44745
47831 49029
47849 48897
47920 44894
47938 44899
47949 44881
47952 49124
47975 49193
47976 49194
47983 49051
47998 45105
48012 49097
48014 45006
48036 49118
48044 49108
48065 49304
48072 45028
48100 49346
48101 45244
48102 45245
48132 49191
48154 45115
48168 45338
48171 52298
48173 45125
48184 49177
48185 49178
48190 45372
48191 45373
48199 49457
48200 49458
48211 45348
48220 45374
48225 49403
48230 49276
48249 45342
48251 49239
48252 45269
48261 49299
48281 49511
48284 49267
48294 45247
48309 45234
48310 49474
48331 45518
48336 49323
48341 49320
48352 49553
48355 49337
48364 49567
48370 52293
48381 49509
48384 49420
48405 45460
48414 45274
48422 49635
48424 45626
48427 49693
48444 49647
48495 45715
48567 49593
48569 45548
48594 45886
48616 49596
48617 49620
48646 49663
48647 49629
48650 45662
48660 45703
48683 49701
48691 49712
48729 45795
48734 45870
48739 49735
48762 49760
48796 45844
48817 45840
48822 49817
49276 50109
49277 50110
49310 52872
49327 50301
49370 50317
49380 50335
49398 52960
49422 53003
49443 52945
49448 53016
49457 50402
49458 50403
49472 50433
49477 50436
49480 50488
49487 50428
49496 50457
49503 50448
49531 50501
49614 50692
49629 50741
49632 50708
49708 21820
49718 50638
49736 53213
49773 53237
49800 50867
49867 50935
49874 53316
49911 50988
49914 53196
49925 53203
49926 53204
49949 51075
49973 53386
49976 51116
50057 51151
50061 51159
50090 47462
50091 47463
50200 51196
50213 51319
50259 53586
50263 51337
50322 51448
50350 51443
50409 48098
50413 51527
50426 51332
50443 48137
50455 51563
50483 48265
50503 51603
50506 51623
50535 48331
50538 51660
50542 51632
50565 51664
50577 51516
50579 51607
50585 51608
50588 51687
50601 51698
50604 51691
50611 53698
50613 51707
50621 51560
50627 51659
50644 48382
50667 48476
50674 51597
50675 51598
50678 51709
50694 51764
50725 51792
50726 53887
50731 53844
50735 44007
50750 53886
50767 51845
50774 51849
50781 51856
50793 48664
50800 48692
50814 48727
50839 48560
50840 51897
50849 48772
50856 48777
50857 51793
50858 51912
50871 51918
50881 48625
50885 48834
50887 51871
50896 51962
50905 51976
50906 51977
50924 48901
50925 48902
50927 52012
50928 51999
50929 51882
50935 51966
50938 48919
50948 51958
50953 48940
50958 49046
50959 49047
50962 51971
50965 52036
50966 52037
50973 52103
50981 52111
50983 51903
50990 52052
51016 52066
51047 48960
51058 52177
51066 52079
51085 52050
51090 52204
51099 52115
51112 49461
51116 52128
51126 49085
51127 52090
51133 49127
51148 52163
51165 52121
51171 49182
51180 52166
51230 52286
51233 52178
51241 52141
51252 52227
51254 52229
51272 52325
51273 52239
51277 49290
51301 52316
51306 49396
51310 49463
51320 52200
51327 52205
51330 52213
51333 49233
51334 49234
51335 52215
51353 52243
51384 52312
51392 49309
51394 49311
51402 49389
51444 49601
51452 49427
51454 49531
51468 49551
51470 52354
51494 52365
51496 52367
51505 54269
51641 54452
51672 49750
51673 49751
51680 49765
51701 52559
51702 52560
52066 52763
52113 52930
52136 52965
52146 54734
52162 52955
52283 54833
52288 53109
52297 54757
52298 54758
52305 54829
52335 53179
52338 54839
52356 53201
52357 54872
52373 54891
52380 53102
52414 54916
52432 53310
52457 53254
52459 54983
52464 53336
52467 53253
52482 53362
52504 53385
52513 53411
52514 53412
52527 54930
52533 53428
52536 55049
52538 55066
52574 54993
52591 55010
52614 53517
52636 53535
52650 53453
52693 53510
52735 53644
52739 53657
52749 53597
52753 53653
52756 55193
52771 53696
52797 55130
52798 53728
52810 53571
52812 53741
52840 55165
52847 53768
52858 53786
52863 53734
52864 55178
52905 53773
52908 53692
52912 53687
52913 53691
52916 53774
52923 53819
52934 55211
52946 53831
52973 53855
52974 53806
52990 53865
52991 53837
52995 53764
53023 53886
53030 53878
53040 53899
53044 53934
53048 55339
53057 53896
53071 53856
53072 53958
53073 53961
53090 53969
53103 53861
53108 53929
53116 53926
53117 54005
53118 54010
53123 54049
53130 54037
53144 54014
53169 52008
53173 53995
53192 54006
53219 54072
53220 54074
53228 52124
53229 55451
53230 54068
53231 54069
53235 52125
53242 54104
53247 52142
53280 54106
53282 54139
53285 54115
53286 54116
53325 52325
53344 54231
53355 54134
53359 54234
53361 54221
53365 54238
53368 54245
53380 54210
53387 55557
53389 54191
53391 54229
53396 54202
53403 52368
53408 54214
53411 54293
53416 54261
53429 54232
53445 54344
53462 54307
53463 54308
53464 54341
53487 54339
53492 54334
53493 54335
53499 54295
53501 52425
53530 54326
53569 54357
53570 54358
53592 52574
53594 54452
53608 52521
53649 52566
53904 54637
53906 54569
53941 54673
53971 54632
53984 55908
53999 54753
54003 54647
54007 54777
54028 54801
54034 54803
54044 54815
54049 55979
54075 55974
54076 55975
54090 55994
54125 56033
54127 54883
54132 56017
54135 56046
54142 54897
54184 54857
54216 55013
54227 54990
54235 56107
54242 55016
54243 55017
54253 55044
54268 55060
54276 55080
54282 55055
54331 55052
54334 55121
54356 55137
54357 55162
54392 55110
54397 55199
54412 55215
54420 55230
54428 55227
54436 55164
54454 55182
54458 55191
54461 55189
54474 53760
54494 56276
54495 55275
54509 55309
54516 55287
54524 55299
54547 55349
54585 55395
54588 55338
54597 55331
54601 54010
54605 55397
54623 55421
54626 55447
54631 55446
54633 53970
54664 55524
54665 55525
54666 55475
54694 55460
54700 54125
54702 55537
54704 55484
54707 55467
54709 55491
54717 54118
54745 55500
54746 55501
54754 54142
54755 54143
54765 55571
54773 55547
54774 54169
54775 54170
54787 55564
54788 55534
54790 54194
54805 55546
54807 55545
54809 55576
54834 55619
54837 55590
54838 55638
54846 54296
54849 55609
54856 54278
54859 54308
54865 54281
54867 55629
54869 54323
54887 54360
54900 55650
54924 54348
54931 55727
54933 54422
54940 54421
54965 55736
55189 55927
55200 55937
55204 56691
55207 55912
55222 55956
55232 55939
55238 54810
55244 56692
55285 56733
55288 56034
55370 56781
55398 56128
55409 56138
55483 56210
55484 56211
55539 56873
55559 56282
55560 56295
55561 56288
55563 56238
55568 56293
55574 56253
55579 56283
55587 56308
55595 56311
55604 56337
55613 55342
55614 55293
55615 56360
55626 56367
55637 56377
55643 56346
55644 56384
55658 55386
55659 55431
55661 56372
55670 56379
55690 56418
55694 56453
55709 56410
55727 56431
55731 56429
55739 56455
55743 56471
55747 55549
55749 56456
55761 56435
55765 56452
55768 55574
55769 55575
55789 56484
55799 55657
55800 55658
55812 55677
55813 56521
55817 55712
55820 56507
55832 55666
55834 56541
56023 57172
56035 57166
56041 57193
56043 56712
56044 57191
56119 56780
56125 57223
56136 56796
56147 56811
56148 56812
56157 56816
56173 57245
56184 56852
56196 56862
56208 56877
56221 56890
56263 56925
56266 56908
56276 56942
56278 56941
56286 56949
56287 56950
56290 56960
56299 56964
56302 56964
56303 56954
56311 56970
56312 56959
56332 56975
56341 57011
56345 56977
56351 56419
56354 56464
56358 57008
56369 57009
56377 57010
56380 56456
56397 57018
56404 56508
56418 57033
56419 57031
56424 57048
56434 56514
56440 56513
56462 57053
56555 57476
56558 57160
56561 57484
56588 57496
56596 57520
56599 57209
56611 57218
56641 57268
56674 57289
56687 57302
56699 57317
56719 57346
56720 57345
56721 57348
56732 57015
56733 57366
56738 57361
56765 57407
56783 57406
56849 57460
56877 57501
56883 57696
56896 57518
56899 57525
56916 57543
56924 57548
56940 57572
56961 57748
56978 57612
57001 57372
57007 57631
57018 57651
57021 57641
57081 57693
57087 57704
57115 57839
57139 57748
57141 57751
57146 57757
57148 57769
57152 57774
57153 57770
57158 57621
57164 57779
57207 57914
57212 57918
57215 57832
57228 57848
57237 57859
57243 57866
57249 57759
57257 57873
57265 57876
57267 57883
57305 57920
57332 57943
57335 57943
57343 57951
57349 57956
57351 57889
57369 58020
57370 58021
57382 58002
57386 58003
57390 58006
57391 58007
57436 58042
57449 58058
57456 58070
57461 58072
