1179
75 19264
198 19193
461 18941
489 19292
543 19078
741 18635
750 18598
1239 30091
1363 29994
1487 18000
1926 29761
2060 29620
2119 17408
2216 29426
2390 29377
2391 29376
2479 29299
2491 29349
2526 16852
2561 16733
2567 16802
2708 29164
2735 29129
2771 16662
2793 16553
2803 29161
2957 29086
2990 29064
3122 28867
3194 28987
3219 28923
3383 16202
3533 37172
3549 15900
3797 15610
3801 28566
3977 28412
3986 2296
4147 12422
4381 28190
4442 28154
4577 28067
4812 27898
4813 27897
5097 27744
5120 14538
5121 14543
5149 27632
5630 27419
5683 27384
5786 27327
5873 13502
5886 13482
5887 27354
5936 13437
6014 13292
6192 27161
6457 12747
6654 26909
6771 12506
7003 12203
7077 12131
7113 26564
7180 11496
7193 11499
7336 26303
7458 11475
7471 11476
7494 26182
7608 26149
7635 26111
7771 26023
7820 11273
7912 11236
7913 11235
8107 25809
8475 10737
8500 11463
8780 10131
8929 25344
9253 10829
9444 10661
9750 8867
9886 8906
9887 8907
10028 54087
10129 8722
10422 10196
10534 8182
10535 8182
10546 41092
10663 24443
10686 24431
10801 8597
10889 7789
10890 24241
10905 7789
10906 7788
10911 8541
10952 24274
11086 24150
11118 34047
11296 24434
11297 24435
11339 7817
11662 8173
11757 7817
11821 39529
11854 7753
11887 24176
11888 24177
12023 7995
12118 8529
12123 7806
12342 7817
12384 7406
12427 8181
12473 8527
12482 23524
12510 8182
12574 23815
12714 7350
12997 23489
13133 6843
13398 6639
13794 6951
13832 5299
13863 6226
13950 6275
14011 5913
14027 23052
14220 5729
14703 22085
15067 22191
15185 4462
15233 5522
15572 21628
15573 21629
15684 21774
15709 21572
16129 4049
16287 3642
16609 20777
16649 20777
17345 21067
17455 21714
17582 2934
17658 2862
17659 2861
17841 1632
18122 2331
19026 1565
19027 1564
19124 48278
19719 2463
20143 2416
20357 415
20908 30582
20925 30782
20986 30739
20987 30738
20990 38458
21047 30496
21049 30694
21208 38486
21228 38504
21240 30416
21308 38440
21312 18498
21359 30286
21447 30211
21527 38244
21636 38159
21642 17976
21657 29823
21691 17728
21692 38119
21769 38119
21949 29612
21956 37965
21957 37964
21980 17407
22314 16893
22346 29216
22359 29298
22383 29259
22415 29242
22475 37583
22529 37399
22586 43174
22628 16336
22631 37356
22681 16024
22686 29044
22732 37233
22939 28783
23351 36858
23792 27666
23793 27665
23980 36329
24011 36320
24071 36283
24451 27048
24732 12685
24736 35869
24838 12291
24857 26931
24873 12595
24968 26545
24979 26545
25013 35519
25049 12280
25147 26307
25323 35257
25351 35315
25362 11846
25537 35247
25665 34987
25700 11311
25701 11310
25704 26143
25740 34978
25955 25162
25956 25161
26006 25415
26214 25226
26242 25056
26244 24857
26646 39135
26723 34203
26748 9660
26749 9659
26821 34114
27072 24393
27084 24394
27129 34214
27154 23913
27251 23998
27275 23913
27278 24220
27469 24058
27587 23850
27795 23744
27903 23698
27905 33598
27915 33532
27938 23538
28021 33272
28084 23382
28091 33390
28158 23439
28246 33455
28268 7208
28361 7059
28396 7589
28422 23210
28434 7070
28449 32920
28454 23173
28495 33164
28542 22976
28543 22975
28563 23054
28598 32703
28613 32974
28631 6815
28645 6987
28814 22553
28840 22453
28915 5875
28963 22959
29030 32533
29077 22647
29185 32558
29202 22180
29367 22617
29606 5357
29619 5026
29646 31849
29689 31936
29705 5586
29759 21805
29792 31973
29811 21594
29812 21593
29877 5327
29909 21447
29985 20822
30000 31938
30023 5068
30050 4985
30069 21184
30137 4302
30211 31764
30218 31793
30410 22139
30508 31468
30626 20262
30718 31317
30729 20314
30875 21643
30877 31184
30901 19845
30971 3186
31129 19931
31290 19824
31315 19803
31536 2609
31561 19862
31755 2507
32251 38658
32259 43998
32308 44084
32420 30494
32421 30493
32461 43973
32469 38280
32483 43916
32505 38273
32524 38208
32567 30103
32606 30096
32674 43788
32731 43744
32942 37968
32961 43615
32984 43599
32994 37922
33046 43542
33118 29493
33169 43433
33200 43357
33356 29200
33489 37460
33512 37419
33513 37418
33531 47177
33764 43044
33901 42952
33967 36907
34221 9132
34241 36689
34242 36688
34273 28115
34301 36724
34327 42660
34356 36700
34373 36666
34374 36665
34432 36619
34481 42554
34482 42555
34593 42500
34780 42388
34781 42387
34832 35999
34836 42347
34920 42311
35044 42119
35128 35808
35135 35880
35137 35839
35144 26805
35256 26809
35280 35578
35292 26820
35402 26650
35416 41878
35434 41914
35522 26476
35647 35277
35719 35573
35755 35052
35789 26178
35797 41628
35850 25364
35853 44350
35879 41543
35944 35060
35951 41439
35997 41458
36082 45969
36226 41404
36235 41361
36601 41024
36612 41227
36733 34262
36749 34265
36756 34225
36781 41088
36801 41065
36845 34175
36881 34129
36967 40959
36992 33997
37005 34248
37021 33953
37065 33920
37092 33951
37096 34213
37118 34003
37132 33861
37187 33845
37194 33814
37225 33727
37272 33698
37321 33697
37346 33681
37351 33654
37366 33659
37367 24454
37376 33865
37381 33649
37402 24402
37423 40463
37425 24385
37445 33603
37459 40425
37461 33601
37473 33468
37492 33565
37502 33542
37506 33392
37515 40507
37556 40644
37563 23902
37575 33496
37592 33453
37600 40503
37614 33416
37625 40302
37631 33446
37635 33447
37638 24182
37653 33411
37683 33374
37696 23243
37707 33393
37713 33369
37714 33368
37717 40191
37773 33223
37792 33565
37798 33251
37807 33237
37866 23712
37884 32747
37909 32690
37928 40142
37944 40097
37967 32621
37996 32584
38159 33104
38208 33151
38235 33131
38236 33132
38271 32476
38391 32549
38433 33322
38486 32433
38695 32822
38709 22548
38895 32027
38899 5253
38998 22259
39049 22500
39098 22396
39155 39193
39211 39494
39215 22255
39233 4546
39263 22289
39290 21836
39346 31555
39347 31554
39364 31538
39396 31167
39412 32353
39498 31101
39545 38818
39627 31134
39681 31030
39689 21451
39694 38839
39879 38781
39890 31759
39971 32002
40159 30901
40160 30900
40201 24670
40473 31010
40647 38511
40652 44067
40653 44066
40702 38447
40728 43994
40758 38303
40764 43829
40777 47779
40779 47761
40814 43763
40822 38333
40841 43858
40844 43810
40850 42562
40888 47668
40909 43729
40959 47605
40989 43694
41004 47602
41016 43680
41018 43649
41055 47520
41056 47519
41117 43505
41122 37860
41160 47375
41221 37767
41259 43320
41282 43351
41283 47275
41309 47313
41311 43286
41371 43318
41448 47177
41516 47163
41696 42967
41721 47026
41981 49998
42013 42601
42014 42600
42147 46728
42188 42596
42229 13388
42444 42251
42466 46480
42516 46421
42538 46412
42626 41927
42735 26512
42741 42016
42746 46242
42756 35627
42778 41692
42811 49441
42867 41627
42982 46021
42992 46016
43004 45978
43116 35154
43207 46202
43323 45789
43360 25329
43401 41049
43467 41161
43496 25076
43611 45589
43781 40832
43799 40564
43803 40835
43840 45459
43889 40764
43906 45489
43932 40716
43939 45510
43940 45383
43954 45507
43956 40673
43990 40639
43991 45463
44006 40623
44020 45211
44027 40600
44031 40590
44032 40589
44036 40610
44042 40602
44043 40601
44045 45406
44056 48877
44057 40585
44061 40218
44081 40531
44115 40498
44121 40387
44138 40476
44147 40453
44194 40119
44205 40032
44253 44983
44261 33252
44313 33406
44330 40352
44351 40383
44352 40382
44360 44981
44361 40354
44362 40353
44370 33086
44372 45004
44379 44947
44395 33014
44396 33013
44412 44956
44425 39879
44454 33013
44468 39833
44469 40285
44496 39815
44511 32893
44529 39890
44584 33330
44607 44744
44613 32799
44616 39778
44745 33080
44910 44681
44934 39190
44944 39367
44947 32804
44948 32805
44951 40138
44988 22396
44993 39553
45046 22280
45104 44395
45124 39204
45125 39203
45126 44419
45166 32496
45220 39681
45244 39234
45262 39120
45265 38815
45274 38848
45356 44215
45364 44350
45418 44288
45465 44388
45524 31940
45599 38803
45608 39396
45613 38820
45624 39375
45628 31754
45670 38984
45814 31673
45984 47905
45991 47868
46009 50729
46031 44071
46077 47828
46094 43938
46109 47708
46147 47745
46153 50692
46174 43724
46188 50668
46189 47604
46202 50655
46220 50639
46237 47535
46250 47612
46265 50626
46271 47582
46272 50603
46273 50602
46274 47574
46275 50599
46283 43576
46290 50592
46291 50591
46311 47517
46315 47509
46360 43513
46364 47452
46394 43478
46400 50494
46420 50468
46433 50430
46434 50429
46448 50406
46464 50408
46465 50407
46474 47337
46489 50413
46501 43337
46529 47272
46542 43283
46686 50246
46719 47106
46760 50204
46790 50167
46799 50164
46800 50163
46814 50149
46837 50121
46849 46910
46856 50126
46872 50096
46915 50048
46933 50035
46982 50000
47033 49960
47058 49980
47067 49919
47068 49920
47098 46836
47119 49937
47169 9138
47174 49896
47179 46729
47241 49840
47286 49792
47344 46561
47362 46546
47378 49718
47403 42197
47538 42050
47546 46256
47562 46244
47567 46241
47585 46223
47589 46219
47663 49396
47676 41865
47703 49373
47714 41856
47756 41831
47800 45976
47834 41704
47836 41688
48001 49098
48073 49105
48099 49075
48155 45601
48170 45596
48265 49043
48283 45712
48299 45696
48318 45476
48382 41091
48384 48876
48386 45483
48396 41080
48397 41081
48402 48866
48403 45439
48411 45364
48418 45243
48430 45491
48431 45492
48473 45191
48474 45190
48500 45417
48501 48742
48519 45336
48530 40744
48534 48768
48603 45433
48614 45131
48644 45365
48645 48550
48654 45325
48656 40458
48680 45270
48684 48603
48696 40322
48697 40321
48698 45273
48699 45272
48700 45258
48703 45264
48704 45263
48707 45242
48716 45310
48717 45309
48718 45300
48719 45299
48750 45266
48751 45265
48755 44952
48769 40326
48771 45221
48774 44987
48802 45194
48803 45193
48809 40249
48836 40175
48840 40194
48854 40205
48919 40058
48960 48419
49047 44835
49051 48334
49062 44946
49070 48330
49073 40123
49097 44636
49108 48301
49118 48305
49164 48302
49171 44447
49177 48164
49181 44534
49199 44399
49267 44367
49276 48178
49281 39775
49290 39747
49320 48086
49367 44323
49378 39628
49389 48081
49407 39604
49426 44280
49428 44169
49451 48057
49472 44432
49527 47954
49601 44239
49703 44499
49830 44363
49873 50791
49878 52721
49942 50761
49960 50743
49979 50721
49980 50722
49983 50677
49989 50666
50007 50697
50029 50690
50030 50689
50049 52591
50058 52612
50082 50590
50092 50594
50105 50590
50109 50588
50121 52569
50133 50534
50139 50563
50179 47428
50194 47397
50216 50416
50222 52478
50260 50364
50268 50355
50269 50354
50278 50379
50321 52388
50322 52387
50332 50331
50334 47213
50344 52396
50402 50241
50428 52355
50513 50111
50564 47131
50584 52232
50593 52230
50597 52225
50633 46872
50665 52157
50688 46821
50780 52109
50896 46553
50950 51922
51003 51900
51018 42062
51050 49456
51094 46346
51095 46346
51108 46325
51116 41902
51123 46279
51201 51747
51202 51748
51215 49370
51235 46191
51309 49152
51426 49073
51482 48965
51522 49021
51533 51545
51564 49056
51582 51528
51657 45786
51659 45770
51677 45744
51684 45742
51698 51455
51709 48857
51719 51358
51722 48854
51756 51408
51847 45366
51849 45340
51851 51202
51856 45323
51862 48778
51869 51236
51873 45461
51903 51177
51906 48483
51908 48569
51946 45249
51947 48694
51948 51218
51976 45103
51977 45102
51989 51140
51994 48818
52074 45083
52081 45184
52103 48466
52163 45038
52196 48130
52200 48149
52205 48137
52213 50956
52214 48112
52216 50957
52227 48239
52229 48238
52242 48118
52244 50957
52286 48177
52293 48070
52312 50920
52327 48079
52355 50929
52372 48171
52373 48170
52403 48135
52430 44315
52633 52665
52635 52664
52656 52684
52690 52636
52708 52604
52709 52603
52722 53888
52723 53887
52763 52551
52818 53821
52834 50414
52930 50273
53017 52323
53056 52254
53125 53600
53146 52128
53183 53564
53203 53552
53204 53551
53225 53558
53240 53540
53301 51948
53319 51928
53328 53457
53373 53427
53429 53366
53452 53342
53453 53341
53455 51812
53473 53316
53491 51774
53578 53261
53600 53251
53623 49288
53636 51533
53657 51599
53674 51584
53680 51582
53686 51509
53687 51503
53691 53191
53693 53186
53696 51562
53708 51475
53712 51545
53713 51546
53728 51540
53741 51527
53763 51515
53831 48957
53836 51418
53837 51419
53853 51408
53857 53065
53858 53066
53865 48946
53892 53031
53896 53085
53902 54223
53903 54222
53934 51388
53941 51236
53943 53002
53950 45461
53960 52999
53968 48789
53995 52977
54069 51097
54073 48725
54080 48700
54092 48680
54115 52874
54122 52844
54134 52830
54142 51246
54170 48531
54174 48118
54180 51215
54191 50914
54202 50910
54203 54032
54214 50897
54217 51173
54221 44803
54232 50875
54240 52780
54290 52748
54339 48315
54360 48243
54478 54849
54480 54864
54494 53948
54503 53932
54513 53920
54553 53878
54554 53858
54558 52543
54564 53870
54569 53861
54635 53778
54651 53787
54829 53624
54856 53572
54891 53559
54954 53482
54993 53417
54994 53504
55010 53393
55052 53352
55062 51865
55063 51864
55080 51805
55129 54342
55130 54343
55178 53222
55179 53221
55182 53223
55211 53173
55228 53222
55229 53221
55273 51524
55275 53149
55285 53143
55309 51511
55333 51485
55338 54193
55349 51438
55364 53103
55396 54146
55416 53086
55451 54102
55473 51275
55484 52913
55502 54096
55505 51138
55542 54063
55545 52805
55546 52802
55561 52812
55564 51167
55565 54025
55568 54016
55571 50980
55574 51149
55575 51150
55576 54038
55616 52839
55617 52840
55767 54853
55779 54829
55812 53850
55870 54689
55904 54687
55927 53703
55989 53648
56014 55235
56016 54539
56108 51951
56128 53460
56164 53423
56210 54323
56216 54352
56225 53238
56253 54275
56282 54277
56288 55060
56293 54266
56299 54250
56308 55043
56314 54241
56319 54236
56367 53109
56376 53119
56379 54138
56404 54982
56418 53009
56427 53071
56435 54061
56452 54043
56459 54942
56484 54899
56485 52998
56583 55445
56585 55430
56595 54814
56607 55414
56668 54687
56687 55311
56730 55235
56809 55620
56846 55584
56852 55134
56862 55111
56866 55105
56884 55565
56910 55071
56925 55057
56960 54255
56977 55503
56992 55494
57004 55474
57006 54180
57010 55485
57024 54998
57081 55771
57124 55737
57191 55285
57192 55284
57238 55190
57284 55101
57323 55053
57335 55541
57337 55529
57348 55028
57361 55800
57420 56135
57476 55722
57490 56091
57492 55923
57496 55915
57524 55656
57537 55650
57542 55205
57620 55025
57630 55794
57748 56178
57751 56019
57766 56003
57776 55826
57777 55994
57779 56157
57871 56238
57873 56012
57876 56156
57883 56232
57951 56311
58002 56350
58018 56388
58022 56362
58027 56318
58058 56380
58067 56410
