1353
577 38621
769 19347
1504 19617
2277 19087
2464 19120
2526 18730
2567 18691
2708 18288
2772 18755
2874 18871
2875 18870
2888 18856
2939 18671
2957 18322
3103 18375
3219 29803
3755 17827
3764 317
4084 17437
4442 29174
4443 16769
4921 18302
4941 22716
5257 16573
5384 16471
5646 15701
5786 15540
5834 16525
5942 28330
6014 16317
6336 14386
6354 28531
6444 27943
6570 15334
6613 15266
6818 15525
6825 15334
7429 14655
7466 14846
7475 4099
7632 27383
7635 27238
7652 27995
7741 14419
7817 14320
7912 14458
7913 14457
8052 14914
8053 14913
8268 12932
8347 12853
8376 27005
8598 26659
8650 2574
8731 26549
8737 13330
8771 27321
8816 12200
8914 13287
9004 13340
9005 13339
9037 13440
9080 27177
9253 13269
9381 26467
9843 26163
9886 12413
9887 12414
10129 12316
10201 25673
10202 25672
10253 25643
10258 5730
10663 26236
10685 26226
10686 26225
10786 26525
10801 11938
10878 25389
11118 34882
11176 25224
11494 11544
11720 25944
12143 9007
12260 11209
12287 24634
12473 11845
12574 25483
12693 10769
12839 10573
13177 24842
13240 8092
13338 9832
13499 7774
13527 9793
13532 9967
13557 11209
13710 9472
13832 23758
13846 8691
13869 9329
13886 24814
14027 24458
14041 9905
14088 23767
14184 24655
14305 8394
14547 23824
14750 23244
14814 23696
14857 8012
14858 8011
14890 8714
14961 33392
15004 23419
15192 8156
15265 23420
15273 6668
15572 22912
15573 22913
15618 15938
15684 23062
15685 23061
15797 7056
15819 7698
15896 23335
16129 7132
16502 6722
16514 5686
16601 23004
16602 22537
16628 22519
16849 32937
16924 22381
17305 22390
17329 22529
17345 22500
17370 6386
17375 27423
17447 21624
17466 6082
17540 6335
17547 6416
17735 5686
17841 21818
17953 21415
18052 22259
18140 2551
18176 22139
18267 5272
18374 21043
18402 21393
18448 4795
18582 21289
18584 2143
18600 21351
18863 32009
19026 22030
19027 22029
19173 20754
19392 21549
19626 21371
19771 20615
19839 395
19840 394
19913 280
19925 20416
19926 20415
19943 343
19985 2709
20042 20050
20182 1535
20454 19884
20473 3667
20483 19971
20484 19970
20586 20437
20595 20437
21359 18605
21406 41215
21780 19666
21956 30578
21957 30577
22065 19190
22172 19130
22206 30467
22383 30336
22453 29809
22529 29714
22576 30263
22626 18455
22751 18274
23055 38199
23174 17642
23252 29602
23288 17549
23313 17491
23396 17203
23587 49777
23769 29280
24020 37562
24127 28788
24269 37422
24423 15875
24454 28674
24460 28688
24536 15648
24537 15647
24609 15804
24620 28590
24708 27900
24753 15297
24856 15285
25026 15003
25047 27473
25049 14914
25050 14913
25072 27422
25087 14847
25173 27810
25323 27237
25361 26858
25573 26616
25632 27444
25639 27428
25656 13912
25701 13835
25704 27356
26143 13021
26264 12886
26361 35515
26821 34966
26822 34967
27072 25336
27074 25448
27084 26095
27093 34716
27129 35464
27154 25448
27227 25981
27325 35010
27391 25841
27469 25714
27545 26147
27546 25636
27552 35157
27586 25637
27653 25636
27666 25542
27903 25335
27934 10485
28005 10372
28014 34069
28021 34233
28068 25138
28088 25353
28111 34000
28161 33955
28182 10119
28210 34707
28211 34706
28216 34110
28246 34677
28247 34675
28260 34655
28376 24479
28422 24801
28739 23799
28750 23516
28824 24511
28840 23780
28915 24439
28916 24438
28963 24380
29004 24301
29005 24300
29029 33489
29030 33490
29040 24289
29057 24097
29105 33395
29157 33115
29168 33177
29177 23881
29178 23880
29325 5832
29358 8087
29366 23955
29367 23954
29409 23882
29456 33416
29457 33415
29481 22801
29538 7623
29542 23889
29621 32945
29642 33676
29673 23598
29705 7688
29759 33588
29791 32869
29811 33180
29842 22589
29865 23808
29938 33070
30000 32977
30011 22382
30088 32623
30232 40057
30296 22982
30334 32088
30412 21597
30452 40381
30508 32269
30694 22176
30718 32102
30868 31871
30901 20983
31008 31679
31030 20803
31064 20700
31072 5383
31100 31990
31127 31729
31153 31515
31196 32440
31197 32439
31261 31467
31277 5054
31290 21000
31320 22160
31365 39165
31383 31380
31409 32013
31427 31046
31470 31371
31472 31016
31554 31865
31569 31935
31595 20045
31644 31243
31702 19849
31724 20786
31774 31829
31878 31061
31912 20007
31922 30958
31963 30972
31981 20008
32562 17943
32800 30721
32835 38875
32836 38874
32882 44318
32914 30680
32984 38825
32985 38826
33118 30437
33169 44126
33258 44319
33264 38634
33266 38633
33361 30250
33363 30161
33364 30160
33489 38335
33512 38274
33513 38273
33739 30188
33799 37959
33855 29674
33929 29605
33931 29594
34011 29496
34047 43632
34073 37704
34356 37598
34432 37531
34481 37253
34711 44164
34781 43386
34836 37261
34894 37170
35161 317
35177 28230
35210 15089
35218 43160
35275 36889
35292 36873
35322 28041
35361 36789
35416 36332
35418 37564
35449 27940
35480 14454
35516 27787
35670 27565
35712 27491
35719 27583
35733 27530
35789 27397
35790 27396
35944 36153
35951 42317
35989 27270
36002 27163
36181 27018
36203 36092
36234 42414
36244 36041
36455 35757
36732 42189
36733 42188
36756 35481
36760 42167
36804 35461
36813 42124
36833 41924
36870 35385
36967 41874
36991 41995
36992 41994
36999 35055
37042 34900
37114 35136
37132 41898
37136 35134
37225 35026
37234 41827
37235 41828
37244 35183
37270 34900
37271 34983
37272 34981
37366 34901
37372 34916
37377 34917
37378 34918
37461 34804
37473 41534
37492 41681
37496 34752
37506 41484
37516 41455
37535 34705
37537 34704
37556 41637
37563 25269
37575 34724
37577 34683
37635 41605
37683 41558
37696 34542
37707 34586
37708 34585
37713 34557
37714 34556
37717 33762
37749 41377
37773 34291
37774 34290
37798 41488
37807 41485
37920 45782
37928 41007
37950 41023
37967 33488
38010 40906
38011 40905
38064 40878
38068 34133
38069 34132
38083 41206
38155 40918
38159 34191
38163 40839
38189 40634
38214 24536
38229 33502
38271 40704
38297 33409
38309 33519
38346 40721
38352 33376
38430 33978
38435 33093
38486 40755
38503 40749
38538 40515
38585 40688
38695 33865
38723 23986
38727 33826
38822 40295
38882 45287
38899 23783
38967 40221
38972 39984
39057 33280
39065 23575
39098 23526
39114 51974
39127 40003
39156 39982
39211 40514
39253 39820
39271 33186
39272 33187
39276 32097
39346 40193
39386 22892
39396 31894
39409 40171
39425 39700
39443 32132
39444 32133
39481 31839
39498 31797
39513 31949
39520 39610
39538 31752
39545 39581
39615 22638
39617 39538
39627 39721
39678 39599
39681 39624
39763 39514
39839 39490
39847 32778
39879 39569
39885 31254
39959 44775
39966 39135
40039 31034
40058 39342
40059 39341
40106 39062
40128 39481
40153 39626
40160 31849
40161 31053
40176 32227
40178 39619
40204 38994
40258 39043
40273 39034
40305 39048
40314 38998
40357 39064
40432 30915
41018 44318
41131 38737
41201 38630
41226 38698
41250 44341
41256 38638
41269 44319
41279 44270
41282 44182
41283 43952
41309 48109
41311 43922
41380 43940
41385 38435
41395 44053
41440 44085
41469 43956
41515 43897
41516 43898
41636 43851
41682 38017
41729 37939
41738 37932
41881 37938
41902 43485
41970 43579
41980 47730
41995 37598
42005 43613
42090 43238
42122 43538
42184 47610
42186 43483
42188 43401
42467 43217
42528 36930
42584 47030
42585 47029
42607 36789
42676 36466
42735 36672
42741 42924
42746 47015
42886 42767
42927 46858
43008 27270
43270 50022
43401 41816
43431 46551
43466 41827
43482 41737
43505 42198
43538 49689
43547 35648
43549 34695
43612 35557
43622 41826
43647 35386
43670 42048
43781 41859
43799 46108
43888 41765
43889 41766
43891 45997
43906 46252
43917 41544
43924 46210
43932 41713
43939 46341
43940 46072
43956 41656
43990 41575
44005 41611
44006 41610
44020 45819
44027 41586
44031 41574
44036 41599
44041 41575
44042 41581
44045 46146
44057 41569
44061 45791
44066 41367
44081 41525
44092 41550
44111 41303
44115 41494
44122 46038
44138 41478
44139 41479
44187 45971
44195 40778
44201 40774
44226 41466
44244 45713
44267 41222
44290 45660
44333 45661
44348 41318
44349 41317
44351 46075
44352 46074
44365 41295
44386 41224
44387 41223
44389 45695
44398 49263
44412 45687
44432 41019
44457 41164
44468 40719
44469 41175
44491 45550
44514 40821
44515 40820
44529 40822
44559 40506
44605 45619
44614 41008
44616 45613
44638 41108
44715 49008
44738 41022
44765 40855
44799 40808
44825 40174
44840 45287
44850 45270
44879 45254
44908 40023
44909 40022
44910 45403
44962 48978
44973 48904
44980 45083
45002 45153
45062 45020
45065 45225
45096 33174
45124 45172
45125 45171
45126 45091
45127 40544
45176 39708
45244 45277
45245 45276
45247 45048
45257 45040
45262 45198
45265 39586
45272 44860
45274 44837
45277 45185
45310 39538
45314 44796
45328 39526
45337 44826
45356 44822
45359 44763
45374 48871
45381 44876
45385 48741
45401 44679
45402 44680
45414 53739
45433 39618
45469 44656
45495 44713
45501 40232
45519 48618
45547 44775
45599 44931
45613 44943
45629 44641
45668 44896
45672 39042
45674 44472
45689 44905
45710 44467
45715 44848
45737 44687
45753 44478
45755 44475
45760 44492
45767 44544
45772 39034
45794 44562
45800 38998
45840 39893
46290 48296
46320 44338
46337 51162
46357 48205
46360 44277
46383 51048
46386 48227
46394 44242
46433 48070
46434 48069
46444 44194
46452 44183
46464 51015
46465 51014
46542 44117
46581 44083
46584 44046
46637 48014
46657 48000
46721 43876
46742 43853
46750 43839
46776 43858
46799 50821
46808 43775
46915 50740
46979 43665
47022 47778
47028 47683
47030 47682
47033 47572
47041 47669
47042 47668
47063 47739
47068 47487
47175 47533
47179 47654
47208 47599
47218 47580
47328 43240
47344 47482
47362 47457
47378 50553
47403 43196
47428 47322
47494 42989
47521 42944
47636 42820
47739 42730
47781 36248
47800 46771
47808 46988
47824 47313
47849 49920
47850 49921
47851 46747
47953 42456
47972 42429
48022 50005
48092 49712
48095 41709
48118 46513
48180 46577
48189 46231
48198 46231
48299 46464
48318 49618
48378 41851
48384 49646
48386 46249
48396 41831
48402 49636
48403 49621
48429 41750
48436 51999
48473 45805
48501 49455
48520 45734
48530 41602
48534 49512
48543 49516
48551 49502
48559 49385
48614 49399
48644 46116
48656 41348
48684 49303
48695 46065
48701 49208
48703 46028
48704 46027
48714 49391
48716 46055
48717 46054
48721 46012
48742 46023
48750 46015
48751 46014
48752 45980
48753 46018
48755 45678
48764 45995
48769 45990
48771 45972
48788 45957
48802 45954
48803 45953
48809 45948
48811 49173
48822 45937
48843 51800
48846 45889
48882 49231
48893 45394
48919 45789
48928 45367
48947 49017
48959 49177
48960 49119
48962 49431
49017 49162
49034 45261
49037 45665
49047 49252
49051 49022
49059 45307
49070 51711
49077 45167
49097 49013
49108 48976
49112 45724
49124 40885
49154 45088
49155 45089
49160 49047
49164 49006
49170 48891
49171 45071
49177 48821
49178 48820
49190 48945
49191 48908
49193 45504
49199 45033
49202 48832
49211 45025
49217 45570
49258 48822
49267 48798
49276 48846
49309 48734
49320 48735
49353 45445
49368 48736
49370 48773
49378 40428
49384 48715
49385 48721
49414 48894
49426 48733
49428 48634
49456 48584
49472 45189
49484 40306
49492 48615
49498 48639
49509 40173
49511 48875
49527 51449
49546 48591
49553 44994
49578 48543
49582 48776
49583 48775
49596 48502
49601 48761
49607 48747
49624 44540
49625 44539
49631 48555
49665 48434
49671 44551
49672 48394
49703 45129
49706 44439
49735 48435
49736 44473
49750 48415
49837 44412
50110 51189
50124 51172
50133 51201
50138 48282
50147 51176
50148 51175
50194 48210
50216 51021
50259 50947
50260 50948
50269 50943
50310 48066
50323 48035
50324 48034
50332 51002
50386 47990
50387 47989
50410 50967
50432 47903
50433 47904
50436 50896
50466 47892
50474 47876
50488 47864
50549 50827
50584 50709
50611 52704
50651 39164
50688 47602
50689 47603
50719 50717
50720 50716
50769 52685
50780 50654
50786 50674
50856 47407
50896 47358
51012 50405
51116 47098
51147 47060
51151 47032
51211 50146
51275 50074
51288 50142
51332 49812
51358 49925
51385 46571
51429 46706
51470 49776
51522 49843
51531 49634
51564 49833
51579 52123
51582 52199
51597 49574
51598 49573
51603 46465
51658 46439
51659 46438
51664 49770
51677 46415
51690 51963
51698 52132
51709 49631
51731 49589
51737 51922
51738 52103
51763 51898
51786 49666
51824 51852
51841 49556
51845 49544
51847 49560
51856 49538
51865 46064
51866 46063
51880 49507
51882 51842
51886 51838
51888 53481
51895 49478
51908 51901
51946 45959
51947 49411
51948 51876
51971 51859
51977 49377
51989 51783
52103 51865
52124 45755
52142 49274
52166 49243
52200 48814
52205 48804
52206 48790
52213 51556
52215 48803
52242 51539
52244 48767
52295 51520
52312 51540
52327 51526
52332 51505
52345 48638
52355 51594
52365 48621
52367 51435
52373 51634
52394 53136
52395 51444
52396 53145
52447 51335
52448 51326
52466 48413
52520 48431
52546 51260
52559 48393
52560 48392
52598 19014
52599 51238
52779 51167
52834 51129
52895 52937
52906 50987
52913 52884
52974 52802
52979 50924
52996 50865
53056 50841
53091 50725
53109 52743
53174 50615
53196 52534
53202 54100
53203 52525
53204 52524
53225 54092
53252 54074
53263 50499
53291 50480
53340 50394
53374 53910
53429 53859
53455 52431
53517 50133
53578 53721
53601 53812
53613 52249
53616 52296
53625 53815
53636 52142
53657 52267
53674 52251
53680 52248
53686 52090
53687 52093
53696 52228
53708 52075
53715 52211
53728 52205
53741 52196
53763 52187
53764 52014
53836 52049
53837 52050
53855 54722
53896 53547
53919 53502
53929 53490
53945 53535
53951 49579
53960 51834
53967 49534
53995 54598
54005 49446
54006 51795
54013 53381
54017 53403
54020 53408
54058 53357
54069 53375
54115 53319
54122 53267
54134 53250
54139 49215
54142 51851
54151 51868
54174 51539
54180 53422
54191 51519
54195 53275
54202 53214
54210 53246
54214 53204
54220 53185
54232 51481
54236 53230
54240 53209
54247 51464
54250 53157
54253 53177
54254 53163
54272 51430
54289 51570
54295 51407
54297 53145
54309 51374
54316 53075
54326 53121
54339 48944
54344 53207
54348 53087
54361 53095
54365 48842
54370 51619
54380 51615
54383 53073
54417 53068
54452 51554
54582 51154
54639 54289
54643 52915
54645 52927
54661 54259
54668 52894
54757 54159
54777 52785
54805 52764
54829 54136
54830 54135
54857 54038
54869 54025
54872 54096
54990 54000
54993 53902
55010 53886
55016 53990
55044 52469
55130 53742
55164 53696
55171 52336
55178 53606
55188 53750
55192 53664
55199 54791
55209 52077
55215 54783
55228 53606
55247 53722
55275 53617
55280 53522
55285 53643
55299 54697
55303 53513
55309 52113
55323 53581
55333 52088
55342 53630
55351 54630
55352 54629
55381 52023
55385 52016
55386 54603
55396 54597
55470 53327
55478 54554
55484 54549
55489 54533
55505 53448
55510 53425
55536 54473
55545 53234
55546 53232
55560 54471
55561 54470
55568 54451
55587 53196
55590 54432
55593 53358
55606 54440
55656 53096
55665 53301
55686 54340
55693 53078
55740 19762
55870 55064
55904 55082
55912 54212
55944 54198
55971 54144
55989 54123
56051 54067
56108 54018
56120 54905
56128 53968
56210 54803
56220 54810
56238 54719
56276 54706
56288 55455
56289 54673
56291 55453
56293 54725
56308 55437
56345 55413
56346 55388
56347 55385
56355 53603
56356 55383
56376 53576
56414 55340
56419 54654
56427 51913
56429 55833
56431 55330
56432 55329
56435 54492
56452 54481
56459 55309
56480 54472
56484 55257
56487 54453
56490 55243
56497 55237
56503 55235
56513 55774
56541 54510
56659 55095
56668 55082
56682 55065
56687 55699
56691 55062
56809 55974
56812 54892
56835 55561
56836 55560
56862 55515
56866 55512
56884 55463
56904 55436
56905 55435
56911 55903
56925 55464
56937 55394
56944 55444
56950 54728
56952 55893
56977 55842
57004 55289
57009 55830
57010 55827
57019 55810
57027 55796
57033 55788
57034 55338
57043 55770
57053 55194
57055 55297
57118 55733
57124 55731
57160 55695
57166 55680
57190 55663
57191 55666
57192 55665
57225 55601
57238 55571
57255 55546
57275 56230
57276 56229
57285 56223
57296 55917
57313 55905
57323 55434
57336 56176
57337 55884
57348 55401
57349 55400
57360 56151
57361 56154
57406 56122
57408 55806
57476 56063
57485 56304
57486 56303
57492 56050
57493 56049
57518 56021
57532 56006
57537 56000
57578 55937
57641 56131
57645 56353
57650 56159
57715 56264
57748 56529
57751 56398
57758 56524
57760 56519
57766 56512
57770 56510
57773 56517
57777 56506
57779 56505
57789 56484
57850 56606
57863 56600
57871 56594
57873 56521
57883 56584
57912 56568
57921 56684
57956 56655
57982 56568
57992 56628
58002 56712
58007 56706
58010 56700
58019 56742
58047 56747
58058 56732
58070 56758
58072 56759
