2983
63 21311
97 21324
100 21466
112 1831
125 21139
130 1404
138 21564
175 1208
190 1746
194 21636
219 1564
228 21602
249 1834
250 21451
252 21568
273 1613
291 1637
299 1619
313 21584
331 1675
385 21480
389 2662
422 1999
434 2017
449 2049
461 2137
473 21579
488 21609
510 1793
511 1794
522 21640
543 1829
605 1850
630 21798
676 1959
695 2174
714 2030
733 1998
736 22088
749 2165
750 2483
757 2058
760 2072
777 21978
778 2475
803 21703
817 21842
829 2496
856 2822
871 21998
879 2541
922 33092
942 2743
950 21957
1015 22015
1024 2086
1077 21768
1122 22047
1123 2712
1144 22214
1151 22375
1179 21858
1183 3088
1200 22408
1314 3394
1315 3395
1323 22237
1337 22227
1350 3266
1363 21902
1467 22582
1486 22597
1510 22367
1517 22353
1625 3238
1679 22684
1710 22579
1736 22743
1746 3241
1784 3477
1818 3346
1847 3022
1848 22242
1856 3728
1960 22780
1982 3688
1988 3161
2017 3527
2032 3521
2039 3649
2146 22452
2147 22453
2188 5014
2189 5015
2204 23112
2226 4026
2227 4007
2253 4079
2289 4306
2301 23175
2307 22892
2315 4328
2336 4573
2353 3265
2375 23196
2425 4245
2428 4264
2472 3659
2479 4333
2482 3787
2491 3684
2492 3685
2526 3723
2573 3474
2583 4422
2665 22909
2666 22760
2667 22761
2708 22714
2709 4634
2765 23274
2793 4032
2875 4556
2923 4119
2957 4176
2988 4476
3045 4964
3067 5191
3068 5192
3074 23081
3142 5072
3158 5337
3163 23302
3211 5290
3212 23596
3215 23668
3219 23144
3242 4866
3253 5470
3276 4589
3292 5531
3308 23721
3317 23722
3334 23731
3348 23732
3429 23172
3456 23121
3481 5865
3503 23647
3535 5421
3549 23790
3579 5554
3608 5336
3643 4727
3644 5560
3745 23771
3797 23932
3903 48144
4029 23857
4042 4962
4094 5010
4095 5011
4329 24390
4357 6622
4720 24052
4767 5882
4812 6271
4813 6272
4864 6794
4920 6557
5185 7358
5348 8012
5403 8060
5418 25104
5426 7753
5539 7633
5626 8300
5661 7778
5757 8298
5770 7792
5786 7301
5835 8274
5884 7951
5995 25276
6072 25148
6155 8589
6191 8681
6213 8711
6218 8677
6308 8583
6327 47087
6330 7664
6375 8641
6408 8942
6423 25736
6435 24963
6436 8700
6437 8701
6441 8757
6442 8758
6444 24962
6462 25640
6467 9211
6468 9210
6497 9012
6513 8989
6514 8990
6538 8799
6559 9197
6622 9235
6640 8277
6735 25086
6771 9415
6782 9461
6818 9489
6972 25829
6986 9649
7117 9774
7129 8861
7141 9493
7167 9559
7192 9880
7193 9881
7196 25973
7227 9573
7243 9818
7288 9624
7304 9650
7341 8835
7342 8836
7345 9804
7359 10137
7373 9200
7381 9721
7395 25515
7438 25810
7456 9880
7470 9300
7471 9301
7553 10305
7602 10311
7604 10271
7629 10346
7634 9167
7635 25758
7636 10124
7705 10111
7739 10278
7742 10224
7793 10278
7817 10433
7867 10338
7868 10339
7881 10363
7885 10432
7887 10433
7905 10476
7912 10655
7913 10656
7923 26108
8019 10505
8107 10058
8254 10737
8261 9931
8301 10793
8477 8830
8478 8831
8604 10992
8621 11164
8635 11060
8651 10996
8677 11066
8686 11016
8717 11105
8780 11101
8858 11246
8864 11400
9021 10809
9138 27056
9150 27056
9257 11213
9312 26932
9337 11680
9393 10956
9592 12254
9601 12262
9627 11809
9771 12022
9841 11296
10000 12185
10045 12646
10050 11959
10053 27867
10129 12706
10150 12582
10210 12369
10217 27132
10344 13272
10345 13273
10517 12824
10663 12982
10686 12993
10739 12761
10786 28167
10801 13139
10883 13177
10884 13178
10911 13200
11050 13552
11056 13551
11173 14209
11174 14156
11217 13414
11313 28199
11349 13153
11365 13256
11378 13556
11403 15003
11546 14209
11590 13819
11613 14911
11679 13171
11773 14277
11933 14239
11937 14764
12012 14179
12023 14277
12125 13304
12214 15215
12280 14418
12392 13836
12574 14670
12631 50592
12675 14780
12676 14807
12677 14808
12692 14821
12693 14822
12714 13819
12860 25333
12955 14558
13010 15068
13086 14569
13123 14622
13149 14172
13177 14661
13240 14183
13241 14184
13332 15119
13398 15363
13415 14941
13417 15174
13426 14945
13429 14859
13447 15411
13619 15144
13832 14577
13960 14179
14013 10372
14049 15270
14088 15057
14169 15643
14217 15912
14256 16022
14338 16133
14364 16172
14378 15929
14583 29522
14595 15675
14616 15954
14666 16167
14762 16546
14777 15980
14783 16102
14784 16103
14833 16168
14890 16636
15011 16692
15017 16227
15032 16679
15067 16430
15081 16842
15092 16833
15093 16834
15117 16483
15133 16870
15141 16470
15201 16539
15233 16967
15235 16553
15282 17017
15298 16619
15320 17093
15324 16527
15343 16653
15391 16614
15396 17090
15397 16872
15429 16949
15442 16615
15458 16976
15502 17193
15593 17253
15655 17354
15671 16744
15766 16831
15840 17507
15865 17328
15887 17346
15935 17571
16024 17658
16089 17719
16094 17246
16114 17827
16163 17263
16185 17303
16216 18389
16227 17699
16248 18416
16271 17966
16495 18088
16507 18069
16515 18657
16538 17830
16576 18160
16586 18322
16645 18287
16650 17604
16665 18239
16769 18468
16775 17302
16802 18296
16885 18499
16893 18500
16939 18533
16981 18576
16989 18185
17044 18542
17063 18637
17066 2248
17071 18556
17114 18642
17120 18708
17141 18663
17156 18334
17164 18404
17188 19187
17267 18739
17276 18651
17305 18684
17329 18875
17345 18867
17346 18868
17384 18356
17409 18630
17477 30910
17536 18520
17553 38508
17589 19046
17590 19047
17658 19548
17659 19549
17678 18710
17694 18798
17755 18793
17791 18897
18075 31131
18083 19990
18086 19178
18116 19370
18134 19521
18143 7254
18145 19455
18303 19369
18442 19389
18489 20393
18519 20420
18523 19988
18530 19587
18608 20323
18789 36403
18843 20163
18863 20066
18880 20332
18963 19852
19006 20371
19049 20098
19275 20207
19282 19945
19367 20235
19470 20155
19575 20244
19716 20365
19839 20523
20856 32416
20882 40382
20888 21151
20890 21478
20908 21530
20912 21164
20919 21393
20920 21377
20926 21471
20933 40701
20934 20921
20948 20921
20950 21654
20952 1952
20964 21446
20967 21602
20986 21211
20987 21212
20990 32836
20995 21592
20999 20977
21047 21623
21061 21666
21068 21503
21089 21701
21106 32842
21109 32600
21118 32596
21132 21619
21137 20956
21157 32767
21166 21410
21167 21409
21184 21417
21187 32662
21208 21736
21214 21835
21235 21906
21257 21520
21272 21935
21273 32878
21286 21742
21294 21739
21312 22009
21326 22160
21327 22161
21350 21998
21394 22052
21400 22045
21421 21982
21447 21895
21457 33037
21477 21970
21486 32860
21499 22130
21514 44251
21523 22018
21535 22284
21662 33287
21683 33221
21695 22440
21737 22291
21784 22565
21796 33001
21806 3146
21821 33376
21834 22611
21865 22728
21905 22308
21917 33171
21931 22160
21951 33511
21956 22293
21980 22706
21996 33639
22062 43751
22088 33633
22197 33387
22206 22891
22331 22628
22351 22713
22383 33759
22442 33791
22446 23282
22456 22569
22477 3577
22529 22629
22550 22884
22628 33993
22629 33994
22637 23022
22667 34025
22688 33854
22755 34193
22781 33927
22793 23697
22799 23698
22800 23699
22808 34231
22922 23645
22969 10885
23096 34526
23101 34447
23103 34538
23110 34069
23111 34070
23133 24167
23192 34151
23204 34094
23223 24263
23244 34752
23283 24056
23362 24188
23440 34857
23481 23871
23499 7078
23503 23953
23511 28803
23593 7652
23671 24413
23706 24655
23708 24988
23739 34681
23769 24715
23805 24974
24022 25094
24101 24887
24192 24997
24193 24998
24200 25023
24206 25144
24207 25145
24246 25043
24352 25326
24407 25479
24419 35461
24454 25495
24455 25496
24726 25913
24727 25914
24733 35869
24753 25742
24773 25172
24780 25954
24781 25955
24782 25915
24910 35893
24916 26040
24940 25981
25006 26029
25013 35689
25029 26058
25035 27213
25047 35792
25051 35997
25063 36037
25064 35803
25071 35858
25090 26166
25093 26399
25105 25932
25147 26457
25159 26300
25196 26366
25232 26370
25266 26095
25301 26186
25346 26086
25347 26087
25389 26581
25408 26146
25424 26169
25425 26170
25435 26268
25476 26639
25510 26636
25513 26685
25528 26691
25561 36101
25572 26262
25617 26731
25660 26750
25672 11047
25681 26811
25700 26937
25704 10981
25705 27012
25732 11082
25734 26651
25792 27057
25811 26705
25821 26753
25846 27076
25901 26535
25929 27104
25946 27048
25963 27179
25967 36625
25976 27161
25977 27193
25978 27194
26014 27202
26026 27216
26030 27232
26143 27083
26201 27532
26214 27548
26219 27600
26264 27407
26310 27433
26372 27511
26377 27605
26378 27606
26562 27642
26616 12482
26723 27342
26729 27814
26736 27964
26804 27791
26821 27464
26822 27465
26863 28075
26896 27856
26925 27563
26941 27578
26947 28132
26971 28145
27004 27980
27026 28204
27027 28223
27031 28029
27038 28226
27064 27655
27085 28265
27093 27676
27129 28293
27175 28315
27228 13399
27230 13401
27232 27970
27233 27971
27244 28346
27278 13921
27348 29399
27390 28534
27391 28535
27407 28104
27439 28577
27469 14228
27513 14318
27551 14394
27618 28242
27625 28313
27636 13652
27653 28677
27713 28790
27716 14326
27744 28359
27772 28912
27788 28663
27789 28664
27797 28942
27811 28940
27812 28941
27856 14984
27885 28996
27905 28757
27954 14924
27990 28827
28002 28870
28014 28573
28052 15091
28068 29156
28071 28903
28083 28931
28084 28932
28087 29096
28088 29097
28090 29174
28146 37800
28158 15443
28166 28978
28182 29013
28202 29273
28218 15418
28234 29038
28244 15168
28246 29327
28270 29323
28284 28979
28309 14500
28333 15917
28342 29153
28359 15812
28374 29364
28434 15738
28440 15446
28454 29536
28495 29330
28524 29192
28542 15655
28543 15656
28553 29157
28585 29588
28598 29094
28615 29635
28621 15439
28626 29557
28739 29454
28747 29747
28789 15820
28804 29756
28812 29544
28816 16270
28894 16579
28911 15999
28973 29922
29011 29979
29045 29898
29077 30034
29111 29805
29124 30094
29126 30097
29127 29876
29129 16983
29153 17074
29154 17075
29157 29812
29158 29813
29170 17113
29206 16964
29211 17186
29212 16959
29217 17015
29260 17267
29270 17260
29273 30155
29276 30184
29304 30268
29326 30012
29446 30118
29459 30412
29460 30413
29493 30468
29505 30181
29513 17630
29538 17876
29542 17889
29554 17835
29557 30470
29572 17708
29589 30563
29619 30585
29621 17411
29627 30488
29651 18441
29652 18442
29676 30591
29677 30602
29688 17515
29689 17516
29719 30590
29752 30604
29759 30900
29779 18079
29788 30645
29812 18242
29832 17814
29865 30696
29877 30732
29905 18393
29932 30772
29972 30594
29976 30811
29978 18434
30000 30865
30019 18507
30023 18513
30050 18564
30054 18528
30080 18205
30086 30873
30137 31010
30138 31011
30149 18732
30163 31000
30184 18731
30194 31035
30211 18685
30230 18906
30231 18907
30232 30872
30249 30835
30296 19383
30303 18978
30348 18574
30349 31141
30355 30915
30359 30886
30361 19073
30389 19106
30392 30974
30412 30931
30422 31460
30428 31223
30486 19653
30508 31097
30547 31273
30552 19765
30563 19332
30569 31244
30580 19738
30599 19358
30622 19426
30626 39601
30627 31321
30639 19327
30640 31201
30644 31213
30645 31214
30670 19118
30678 31232
30692 31666
30694 19885
30701 19895
30705 19619
30719 19576
30741 20103
30759 19646
30784 31548
30787 20126
30800 31278
30817 19732
30857 31316
30877 19567
30879 19708
30880 19709
30882 20001
30901 19508
30910 19440
30963 19678
31050 31848
31070 20504
31072 19996
31073 20145
31075 31631
31127 31677
31148 19941
31149 19942
31198 31748
31223 20509
31250 31924
31261 31705
31281 31638
31282 31639
31312 31660
31315 20282
31363 31851
31423 31908
31458 20490
32207 32475
32211 40397
32243 32486
32251 32496
32287 32685
32304 32880
32308 40575
32342 32822
32343 32823
32362 32642
32369 32747
32379 40606
32395 32832
32407 32833
32417 32817
32421 32849
32443 40696
32461 40681
32465 40710
32477 40714
32505 33031
32509 32952
32510 32953
32524 40859
32528 32973
32529 32974
32542 33042
32554 40888
32569 40774
32626 33053
32627 33230
32672 40997
32717 33321
32736 33267
32738 33167
32744 40974
32772 33021
32794 33290
32803 33297
32825 40839
32835 32994
32855 33436
32872 40779
32882 40814
32883 40815
32890 33107
32907 33439
32913 40893
32943 33362
32972 40929
32983 40940
32994 41089
33043 40990
33046 40995
33074 41293
33158 41247
33171 33651
33213 33783
33218 41279
33235 33788
33282 33499
33285 22493
33286 22494
33302 33403
33310 33754
33319 33774
33321 33809
33364 33782
33461 34000
33489 33691
33501 33895
33580 33606
33585 41532
33596 41606
33600 33781
33601 34187
33602 34188
33604 34193
33610 41626
33612 34202
33629 41639
33630 23699
33704 23626
33711 34172
33739 34437
33745 41470
33763 6153
33764 33975
33795 34310
33833 34498
33854 41721
33883 34414
33890 34634
33945 34688
33961 42110
33966 34097
33967 34098
33986 24159
34014 34246
34046 41685
34047 41686
34055 34107
34066 34786
34067 34787
34072 34647
34087 24154
34102 24166
34150 24408
34159 34831
34327 41873
34347 34991
34370 42195
34427 35012
34432 42105
34488 42211
34489 35193
34490 35194
34578 35144
34593 34937
34597 35175
34615 42197
34639 35228
34670 35239
34681 35237
34742 35448
34769 35513
34781 42379
34793 35601
34836 42415
34901 35688
34917 35606
34920 42449
34927 35721
34938 35230
34986 35757
35081 35390
35136 35946
35139 35614
35144 35938
35153 35624
35246 36031
35250 36039
35255 35719
35268 35927
35347 36027
35348 36028
35358 36011
35374 36179
35381 35768
35418 42856
35434 42636
35468 35824
35471 36158
35473 36178
35480 36165
35554 10464
35562 36362
35575 36107
35600 36134
35636 36303
35638 36131
35663 42759
35691 36427
35701 36246
35704 36391
35718 36256
35730 36115
35745 36390
35753 36420
35760 36428
35763 36149
35797 36458
35805 36477
35853 26693
35879 42963
35909 36537
35927 27005
35931 36601
35934 36413
35951 36302
35973 36589
35977 36323
35989 36657
35994 43114
35997 43013
36002 36588
36028 36665
36030 36648
36056 36661
36063 27176
36064 27177
36083 36634
36100 27242
36117 36729
36154 36712
36155 36713
36174 36885
36197 36911
36210 36798
36302 27497
36315 37109
36333 36993
36353 37008
36381 37095
36413 36116
36457 37038
36501 37094
36543 37174
36544 36763
36578 37335
36601 43283
36605 36828
36662 37301
36664 36908
36732 37363
36733 37364
36746 37264
36748 37382
36756 37388
36772 37055
36773 37346
36781 37412
36810 37393
36813 37451
36817 37302
36833 37615
36869 37519
36870 37520
36881 37527
36906 37535
36907 37536
36918 37693
36919 37694
36950 37728
36951 37729
36980 37615
37001 37615
37022 37650
37028 37642
37029 37643
37032 37270
37045 37314
37061 28533
37065 37680
37076 37340
37092 37735
37111 37615
37132 37762
37136 37774
37150 37615
37225 28876
37272 37960
37277 37861
37299 37431
37357 37815
37360 37602
37375 37725
37387 37833
37388 37834
37397 37661
37406 28834
37411 38035
37414 38104
37415 38105
37423 37568
37425 37891
37429 29047
37441 28882
37452 38141
37459 37619
37473 37951
37494 28712
37502 38192
37506 37965
37516 37970
37543 37975
37547 29172
37553 37994
37556 38221
37570 38040
37592 38248
37599 38019
37600 38020
37614 38262
37631 38278
37644 44054
37653 38293
37656 38051
37665 38005
37677 38313
37683 38309
37684 38147
37691 38271
37707 38333
37717 37826
37746 29406
37755 38194
37762 38085
37773 38227
37777 38215
37798 38388
37807 38396
37842 22656
37860 29548
37878 38115
37879 38116
37884 38044
37909 38106
37951 38101
37966 38349
37967 38177
37972 29562
38034 38346
38067 29790
38133 38389
38136 29841
38159 29889
38176 38436
38189 38432
38200 38475
38212 38605
38240 29991
38246 29681
38346 38681
38347 38682
38352 29858
38367 30130
38389 38721
38391 38811
38397 30176
38429 38701
38432 30146
38447 38892
38448 38893
38458 38891
38461 39049
38479 30258
38483 30293
38486 30204
38501 38940
38529 39055
38611 30394
38637 38869
38659 30432
38687 39141
38695 39195
38697 30571
38709 39201
38717 30817
38719 39125
38727 30597
38799 39262
38800 39263
38802 30637
38831 30644
38833 39254
38899 30758
38900 39326
38918 30728
38920 39070
38938 39182
38945 39384
38952 30869
38967 39283
38987 39453
39006 39491
39010 30638
39019 30695
39023 30761
39024 30762
39049 39476
39118 39543
39133 31063
39152 39578
39153 39425
39191 39591
39218 31142
39227 39526
39264 31187
39287 31204
39290 39689
39294 31249
39313 31183
39321 39716
39338 31303
39341 31253
39353 39705
39368 39576
39386 31381
39396 39602
39412 39751
39425 39639
39458 39724
39475 31519
39476 31738
39498 39697
39520 39738
39527 39771
39538 31291
39545 31322
39555 31819
39583 31514
39584 39886
39599 39783
39615 31614
39616 31883
39617 39802
39627 31502
39667 39841
39680 31569
39694 31530
39696 31715
39699 39949
39711 31522
39739 32005
39767 40001
39768 40002
39772 39878
39790 40007
39803 40025
39834 39934
39836 40065
39859 31942
39933 39996
39939 31878
40039 40036
40106 40096
40550 40370
40556 45693
40577 49497
40601 45879
40635 40624
40639 40451
40684 45901
40688 45913
40702 40629
40714 40622
40719 45928
40721 45831
40724 40667
40725 45947
40728 40665
40748 45859
40754 40761
40756 40710
40758 40782
40764 46014
40779 40605
40795 45991
40803 45895
40814 40889
40822 40731
40830 40795
40835 40806
40841 40805
40844 40808
40851 46048
40864 40891
40888 45961
40905 46101
40920 46094
40923 40743
40931 40735
40935 40742
40959 40765
40963 33290
40965 40923
40976 40966
40978 40827
40980 40682
40982 40959
40997 40810
41001 41041
41005 46170
41017 40815
41018 40814
41019 41009
41029 41124
41041 41036
41047 46206
41055 46277
41056 46278
41060 33111
41066 46106
41099 46287
41102 41143
41105 46382
41115 40880
41117 46308
41126 46391
41158 40924
41189 41216
41248 41281
41250 46460
41255 46419
41270 41028
41275 41299
41279 41362
41280 46354
41283 46211
41310 41066
41343 41377
41344 41378
41352 41380
41370 46491
41375 41432
41415 33949
41448 41193
41464 46486
41487 46343
41492 46561
41505 41625
41506 41626
41515 41373
41533 41724
41536 41561
41565 41717
41600 41470
41606 41722
41615 41471
41628 41638
41632 46669
41645 46758
41647 46686
41670 46751
41688 41690
41721 46626
41735 41496
41738 41783
41754 41824
41836 46874
41857 41637
41929 42005
41942 46795
41984 42071
42042 41952
42050 42115
42103 47111
42133 42175
42146 42285
42156 42197
42163 47139
42169 46971
42172 42205
42180 42229
42184 47129
42190 42348
42203 47186
42288 42357
42301 42447
42317 42137
42326 42147
42327 42148
42332 42369
42367 42525
42393 42560
42429 42528
42430 42529
42438 42233
42466 42384
42467 42659
42481 35614
42498 42707
42546 42674
42556 42578
42580 42718
42585 42472
42626 42661
42692 42819
42728 42864
42741 42871
42753 42894
42756 42883
42765 36134
42770 42773
42777 47486
42791 42752
42802 42774
42803 42924
42811 42833
42830 42937
42831 42938
42834 42954
42880 42982
42895 43072
42898 43014
42899 43004
42906 43028
42943 43065
42951 47554
42954 43053
42955 43054
42959 43120
42972 43150
42982 42988
42990 43103
42996 43001
43002 43141
43004 42926
43005 43124
43008 36657
43016 43144
43017 43145
43054 43166
43070 43190
43074 43234
43077 43199
43116 43208
43138 43350
43152 43343
43158 36835
43250 43361
43314 43438
43323 43519
43346 43536
43361 43487
43362 47808
43468 43520
43481 43379
43482 43380
43494 47974
43533 43602
43611 43516
43656 37332
43765 43719
43781 37844
43799 43726
43803 43952
43811 43821
43871 43888
43881 43891
43889 38055
43920 43842
43924 43936
43928 37908
43939 44082
43940 43862
43956 44103
43991 44150
44002 44004
44005 38260
44020 43867
44024 44053
44031 44184
44036 38296
44041 44193
44042 38302
44044 44075
44057 38315
44066 38151
44081 44228
44082 44097
44093 43942
44115 38392
44119 38252
44120 44158
44139 38414
44147 38424
44166 38425
44167 44031
44180 44111
44187 38332
44188 44066
44189 44067
44192 48400
44194 38240
44201 44080
44214 44177
44215 44178
44223 38318
44231 44263
44255 44267
44259 44281
44286 44240
44287 44219
44294 44225
44295 44372
44313 44396
44332 44289
44333 44257
44335 38664
44349 44430
44351 44440
44355 44428
44358 44450
44362 38692
44367 38699
44374 44288
44377 44300
44385 38717
44395 38841
44406 44340
44410 44462
44426 38805
44453 38841
44467 44408
44468 38679
44469 44552
44470 44436
44498 44421
44502 38901
44510 38907
44515 38817
44529 38837
44530 38919
44536 38920
44538 44538
44539 44536
44559 44492
44565 44493
44566 44494
44571 44641
44577 44598
44578 44599
44590 38988
44591 38996
44596 38940
44603 44495
44607 44512
44616 38970
44638 44656
44639 39014
44656 44728
44685 38869
44712 44753
44713 44778
44727 39088
44728 39180
44731 44779
44734 39125
44738 44764
44745 44785
44753 44835
44763 44704
44768 39232
44780 39266
44802 39304
44821 39296
44825 44696
44848 44782
44868 39386
44887 39563
44895 44760
44903 39348
44925 44964
44932 39453
44935 44953
44938 39624
44941 44871
44944 39321
44946 39452
44947 44981
44948 44982
44971 45144
44972 45021
44975 39475
44977 45035
45002 39412
45015 39562
45033 39752
45040 39569
45045 39698
45046 45103
45050 39598
45059 39796
45092 39689
45094 45118
45106 39839
45124 39677
45125 39678
45140 39885
45141 45202
45163 45309
45176 39611
45192 45354
45198 45173
45202 39936
45220 45247
45240 45383
45244 39978
45245 39979
45252 45170
45262 45399
45274 45189
45279 45218
45280 45211
45284 45199
45285 45215
45294 45250
45295 45251
45306 39832
45307 39833
45309 45234
45327 45240
45330 45285
45345 45454
45352 39863
45356 45264
45365 45339
45454 45440
45494 45390
45508 40009
45956 45864
45957 45798
45959 49444
45967 49446
45972 45879
45978 45856
45979 45857
45984 45740
45991 49508
45998 45748
46008 49530
46018 45898
46021 49574
46022 49575
46024 49460
46036 45768
46038 49539
46051 45940
46054 45881
46062 45880
46067 45921
46068 45922
46074 45817
46077 45919
46092 45971
46094 45920
46096 49591
46106 45837
46110 49676
46112 45868
46118 45997
46134 49634
46139 49636
46147 49652
46148 45907
46153 45909
46185 46078
46186 49724
46188 45941
46190 46061
46196 49686
46202 49602
46203 46072
46220 49630
46222 46148
46225 45996
46247 46192
46250 46011
46254 46131
46263 46241
46266 49650
46269 46154
46270 49786
46272 46024
46273 46025
46274 46045
46275 46028
46283 49817
46287 46239
46290 49671
46313 49846
46315 46074
46316 46276
46323 46107
46334 49825
46353 49818
46360 46317
46373 49731
46374 49835
46383 49710
46384 49711
46385 49865
46389 49886
46390 49887
46400 49850
46405 49885
46407 46311
46408 46312
46423 46282
46426 46405
46432 46373
46434 49746
46444 46386
46448 46149
46464 49765
46465 49766
46470 46228
46487 46203
46488 46204
46543 41387
46564 49985
46585 46599
46699 46667
46719 50082
46721 46679
46742 46693
46748 46673
46774 50146
46790 46607
46798 46761
46808 46717
46813 50167
46814 46634
46824 46652
46837 46665
46839 50253
46843 50271
46871 46907
46897 46830
46898 46710
46915 50122
46933 46736
46962 50279
46982 46779
47019 50209
47033 46846
47073 47063
47085 50402
47098 47024
47111 47025
47121 47079
47147 50451
47179 47190
47194 47140
47204 47106
47213 50513
47216 47173
47252 47130
47273 47239
47274 42309
47311 50568
47335 47098
47353 50619
47362 47340
47383 47153
47421 47246
47422 47247
47521 42712
47538 47515
47546 47380
47551 47452
47552 47453
47562 47398
47567 47397
47585 47418
47617 47509
47625 47594
47630 47533
47636 47541
47663 47500
47664 47501
47672 47571
47674 47620
47675 47621
47676 47623
47684 47634
47687 50888
47688 47655
47722 47707
47728 47695
47748 47699
47784 47712
47800 47657
47816 47747
47823 47475
47824 47476
47836 47764
47926 47851
47990 47913
48010 50962
48011 47796
48022 47998
48029 47806
48043 47825
48073 47936
48099 47986
48131 48066
48141 48080
48149 48113
48170 47942
48195 51109
48236 48104
48249 48109
48257 43688
48265 48183
48283 48199
48285 43859
48286 48150
48316 48118
48384 48260
48386 48270
48396 48279
48402 48278
48403 48271
48411 48220
48412 48221
48416 48381
48417 48382
48421 48218
48429 44101
48445 44046
48447 44138
48459 48332
48469 48346
48473 48222
48474 48223
48487 48417
48499 48454
48500 48455
48519 48399
48534 48407
48560 48387
48563 51410
48568 48487
48586 44311
48593 48409
48603 48532
48606 48477
48614 48478
48642 44373
48669 44271
48692 48597
48693 44465
48698 48604
48699 48605
48700 44466
48701 51513
48702 51514
48716 48616
48717 48617
48718 48619
48719 48620
48722 48618
48727 48629
48745 48638
48750 48636
48751 48637
48764 44519
48766 44530
48769 48658
48772 44535
48779 48561
48786 48672
48788 48676
48789 48657
48797 48661
48798 44577
48802 48682
48803 48683
48809 48690
48813 44591
48816 48593
48819 44437
48822 48704
48824 44607
48825 44657
48840 48734
48843 48606
48846 48740
48850 48615
48863 44724
48910 44713
48913 44780
48919 44723
48937 44808
48941 48814
48950 48688
48964 48822
48965 48823
48970 48753
48995 44846
49007 48961
49025 45003
49034 48775
49036 44895
49037 44896
49047 45023
49051 48832
49052 48812
49063 44919
49066 44907
49077 48818
49086 48930
49089 48829
49097 48900
49101 44971
49108 48882
49110 44964
49115 44983
49117 44887
49118 48905
49124 44977
49125 45006
49126 45007
49127 48970
49128 48971
49157 45043
49164 48978
49170 48945
49177 48920
49182 45070
49188 45088
49191 44979
49192 45057
49193 45115
49194 45116
49195 45117
49199 48934
49206 48972
49215 45217
49221 45112
49226 44993
49228 45000
49238 48973
49258 45080
49267 48996
49272 45093
49276 49030
49277 49002
49290 45171
49296 49020
49299 49068
49309 49023
49311 49042
49323 49058
49339 49143
49345 45355
49353 49159
49367 45197
49370 45213
49372 49184
49377 49105
49389 49139
49396 45346
49401 49115
49406 45289
49415 49155
49426 45293
49442 49181
49451 49211
49457 19948
49466 49217
49521 49242
49527 49245
49624 49281
49625 49282
49682 49636
49883 49452
49886 52226
49889 49545
49890 49546
49891 49558
49897 49508
49907 52240
49935 49568
49939 49486
49940 52258
49967 52259
49973 52238
49977 49643
49984 49639
49986 52264
50016 49569
50026 52301
50030 49665
50043 52254
50049 52317
50060 49737
50065 49707
50098 49756
50099 49757
50113 49716
50117 52376
50121 52327
50122 52328
50126 52397
50133 49823
50136 52324
50138 49834
50139 49794
50147 52408
50148 52409
50167 49820
50186 52416
50187 49712
50191 49882
50192 49883
50194 49877
50195 49940
50222 49758
50246 49938
50259 49799
50260 49800
50269 49812
50278 49964
50279 49965
50314 49925
50335 50010
50378 52550
50387 50090
50402 50077
50403 50078
50405 50103
50415 52581
50423 50031
50426 50006
50433 50126
50435 50130
50436 50127
50461 52532
50462 52533
50466 50190
50470 52693
50471 52694
50488 50200
50503 52619
50510 50186
50540 50120
50552 50313
50553 50314
50567 52732
50584 52613
50589 50274
50592 50172
50593 50173
50628 50371
50666 50354
50686 50452
50688 50380
50693 50454
50719 50474
50721 50406
50733 50492
50746 50457
50769 52845
50779 50512
50780 50519
50783 50490
50791 50370
50796 50586
50799 50409
50825 50592
50826 50593
50847 50458
50857 50613
50859 52910
50890 50557
50891 50558
50893 50677
50902 50692
50911 50666
50916 50668
50935 52968
50945 50648
50962 50730
50963 52940
50967 50661
50981 50642
51003 52961
51050 50703
51077 50806
51079 53029
51083 50778
51104 50832
51106 50833
51108 50821
51109 53047
51112 50834
51119 50837
51143 50868
51145 50882
51149 50909
51150 50814
51151 50877
51175 50905
51181 53132
51196 50866
51211 50937
51314 51079
51315 51080
51322 47708
51329 51048
51337 51051
51390 51146
51397 51021
51423 51097
51426 51107
51443 51184
51466 51216
51482 51071
51485 51227
51522 51257
51530 51166
51534 51266
51559 51173
51560 51174
51563 51290
51582 51306
51603 48227
51623 51342
51639 51239
51669 51327
51683 48272
51684 48273
51687 51397
51691 51387
51709 48316
51726 48356
51732 51352
51736 51316
51737 51317
51753 51423
51764 51474
51767 51381
51778 51398
51792 51495
51803 51424
51804 51425
51808 51434
51812 51404
51816 51437
51817 51438
51841 48559
51849 48570
51851 51472
51856 48582
51862 51575
51866 48599
51873 51570
51875 51574
51882 51515
51894 51590
51906 51552
51916 51621
51946 48727
51954 48685
51955 48625
51956 48713
51958 48700
51959 51675
51965 51664
51966 51665
51969 48763
51984 48780
51989 51606
52004 48802
52012 48819
52017 51633
52030 48835
52034 53680
52036 51726
52037 51727
52044 51660
52052 48856
52074 51757
52078 48977
52081 51764
52086 48913
52091 48987
52095 48892
52103 48992
52109 51781
52110 48938
52115 51790
52118 48845
52122 51782
52124 51802
52125 48925
52127 51792
52133 48947
52136 48936
52137 48937
52141 51748
52143 51800
52144 51801
52147 49051
52160 48980
52166 51822
52170 48915
52175 51772
52204 49137
52205 51806
52207 51820
52213 51811
52215 51809
52216 51810
52221 49033
52229 49029
52230 51840
52234 49083
52239 49064
52242 51826
52243 51832
52244 51810
52252 51849
52265 49196
52266 49197
52283 49160
52286 51986
52294 49087
52308 51909
52312 51934
52315 51984
52321 52024
52327 49168
52354 49201
52365 49205
52376 49209
52417 52004
52615 52127
52623 52140
52624 52141
52626 54084
52633 52245
52635 52246
52641 52234
52643 52257
52648 54089
52651 54035
52655 52253
52663 54100
52664 52238
52672 52272
52673 52273
52676 52300
52678 54120
52691 52244
52698 54148
52699 52309
52706 54142
52707 52316
52708 52260
52710 52268
52716 52271
52722 52287
52736 54136
52745 52404
52746 54186
52751 52362
52760 54147
52762 54143
52763 54144
52773 54209
52785 54235
52789 52415
52790 54236
52792 54243
52801 52421
52834 52458
52848 52484
52882 54281
52892 52463
52893 54301
52916 52578
52927 52514
52930 54327
52947 52557
52953 52503
52955 52561
52965 54359
52974 52522
52980 50005
52984 52499
52987 52590
53000 52626
53003 52690
53004 52691
53014 54391
53016 52703
53056 52745
53067 52765
53071 52778
53072 52779
53082 52751
53093 52770
53100 50443
53101 52686
53109 54445
53124 52824
53131 54448
53133 52807
53149 52733
53174 50531
53196 52783
53201 54514
53203 52791
53204 52792
53211 52915
53212 52916
53213 52927
53225 54533
53240 54545
53252 54568
53265 52950
53301 54521
53316 52998
53319 52935
53335 54618
53362 53044
53368 53012
53369 53013
53374 52989
53386 53063
53411 53105
53429 53049
53435 50892
53441 53127
53449 53120
53453 53059
53454 53132
53455 53126
53463 50973
53470 53104
53495 53173
53534 53215
53550 53219
53553 53278
53571 50954
53578 53172
53600 54726
53606 53319
53619 53306
53623 53305
53625 53333
53626 53334
53657 53366
53666 53372
53680 53380
53681 51227
53686 53282
53687 53284
53691 54801
53692 54804
53693 54805
53708 53299
53713 51266
53718 53346
53725 53413
53744 51289
53746 53438
53747 51218
53763 53454
53768 53455
53773 53426
53774 53419
53789 51302
53817 53476
53819 53493
53831 53512
53836 53488
53849 53496
53858 53459
53861 53460
53877 53532
53886 51478
53893 53486
53894 53502
53896 53531
53897 51516
53918 53591
53929 53548
53941 51493
53943 53562
53945 53620
53951 53618
53952 53619
53958 51591
53960 53581
53961 51594
53999 51688
54010 53703
54023 53668
54035 51727
54049 53807
54051 53808
54062 51741
54068 51728
54069 51729
54075 53779
54078 53721
54080 53781
54081 53767
54082 51796
54084 53744
54090 53793
54092 53799
54096 51803
54108 51818
54116 53786
54117 51763
54130 53769
54131 49095
54134 53788
54137 53811
54139 51846
54142 53836
54143 53837
54148 51863
54166 51840
54174 51826
54176 51836
54183 51911
54184 53844
54187 53853
54191 51853
54221 51943
54222 51944
54227 51909
54232 53881
54236 53893
54238 53929
54239 53900
54241 53902
54280 51997
54281 51998
54290 53945
54295 51990
54480 55293
54481 54046
54482 54047
54492 54051
54494 54060
54501 54109
54502 54074
54503 54081
54504 55350
54508 55349
54511 54114
54513 54092
54515 55370
54516 55359
54522 54115
54541 54174
54542 54175
54543 54165
54554 55398
54558 54199
54566 55390
54569 54139
54570 54180
54571 54133
54577 54232
54578 54233
54589 55410
54632 54207
54635 54194
54644 55408
54647 54204
54661 54284
54662 54285
54672 54280
54689 55466
54750 54390
54753 54376
54758 54339
54770 54401
54795 55500
54803 55554
54805 54426
54810 55558
54838 55601
54839 55566
54840 54442
54867 54503
54869 54432
54872 54519
54883 54528
54887 54518
54891 54536
54897 54524
54901 54551
54920 54504
54950 54601
54954 54547
54955 53001
54984 54625
54990 55687
54993 54592
55002 54646
55010 54604
55013 54653
55028 55702
55039 53061
55044 54674
55052 54632
55054 54664
55061 53083
55062 54678
55063 54679
55066 54719
55080 54734
55121 54749
55129 53153
55165 54748
55178 54758
55179 54759
55182 54756
55192 54795
55193 53371
55199 54862
55211 54817
55218 54816
55272 54925
55287 53487
55299 54954
55315 54951
55318 54971
55324 54944
55326 54962
55338 54968
55342 54996
55343 53552
55352 54976
55353 54999
55355 55001
55366 54985
55381 53635
55407 53658
55408 53629
55411 55023
55413 55064
55414 55026
55420 55071
55421 53683
55436 55055
55439 55058
55451 55073
55458 55097
55462 53742
55467 53715
55473 53773
55475 53758
55480 53772
55484 53743
55489 55099
55500 55106
55505 53847
55509 53815
55512 53819
55519 55139
55523 53874
55540 53850
55542 55146
55545 53823
55546 55132
55547 53858
55548 53913
55550 55135
55567 53889
55568 55148
55571 53928
55587 55163
55590 53875
55593 53921
55595 55184
55600 55199
55601 53933
55602 53934
55610 55213
55650 53954
55755 55319
55756 55313
55763 56107
55767 55303
55768 55325
55772 55328
55779 55333
55783 55334
55797 56138
55799 56133
55804 55360
55805 55396
55822 55409
55831 56165
55839 56172
55849 55435
55851 55433
55889 56168
55915 55494
55926 55496
55956 55543
55984 55591
55988 55557
55989 55556
55990 55560
55991 55561
55992 55603
56016 55552
56018 55609
56034 55627
56046 56305
56125 55713
56128 54660
56131 55710
56133 55698
56138 55714
56152 56381
56164 55741
56167 55734
56189 55759
56190 55760
56203 55788
56211 55805
56238 55780
56254 55793
56269 54861
56282 55838
56288 55844
56293 55850
56299 54934
56308 55865
56311 54949
56314 55869
56325 55894
56341 56486
56369 55037
56377 55048
56381 55926
56396 55103
56409 55102
56414 55941
56415 55955
56418 55113
56422 55142
56427 55119
56429 55951
56430 56000
56437 55130
56438 55984
56447 55967
56448 55969
56452 55956
56453 55167
56454 55118
56456 55980
56471 55162
56472 55164
56484 56006
56495 55191
56501 56038
56513 56034
56577 56100
56578 56101
56583 56096
56590 56621
56595 55362
56602 56633
56603 56120
56606 56140
56616 56124
56617 56156
56624 56648
56626 56651
56628 56160
56629 56161
56630 56162
56637 56658
56683 56230
56684 56248
56687 56245
56692 56703
56712 56281
56719 56265
56738 56742
56743 56302
56745 56311
56746 56313
56764 56323
56767 56301
56773 56326
56776 56337
56787 56348
56794 56351
56796 56350
56809 56353
56812 56372
56831 55734
56852 56408
56862 55784
56866 56427
56873 56395
56884 56401
56885 56802
56893 56413
56925 55873
56935 56476
56936 56477
56941 55894
56946 56485
56960 56493
56964 56502
56977 56511
56986 55955
56989 56527
57001 56540
57004 56525
57008 56543
57010 56531
57011 56009
57013 55990
57014 55994
57017 56015
57018 56544
57019 56545
57020 56029
57025 56001
57032 56020
57087 56934
57098 56938
57102 56943
57121 56665
57122 56954
57123 56955
57124 56957
57146 56977
57175 56714
57221 57022
57233 56778
57238 56377
57245 56382
57249 56792
57268 56442
57285 56827
57298 56468
57299 49974
57302 56463
57317 56847
57323 56850
57335 56863
57341 56523
57345 56870
57348 56872
57351 56520
57361 56875
57368 56533
57369 56550
57372 56881
57373 56882
57382 56899
57383 56900
57393 56896
57435 57151
57442 57155
57446 57158
57460 56961
57461 57166
57476 56972
57486 56970
57487 56989
57493 56988
57507 57184
57525 57015
57533 57025
57535 56764
57539 57031
57542 56770
57543 57039
57548 57043
57598 57076
57610 57080
57612 56861
57613 57084
57620 56869
57623 57097
57625 57099
57631 57102
57632 56891
57639 56893
57673 57293
57683 57167
57687 56975
57698 57184
57700 57194
57718 57207
57723 57210
57729 57213
57748 57071
57751 57237
57757 57240
57758 57248
57759 57244
57760 57245
57766 57252
57776 57096
57777 57262
57779 57268
57808 57399
57811 57308
57816 57314
57826 57336
57848 57354
57850 57351
57859 57230
57863 57360
57871 57256
57873 57263
57876 57265
57883 57377
57919 57462
57920 57413
57924 57466
57951 57431
57952 57434
57956 57436
57957 57438
57973 57452
57974 57453
57976 57456
57977 57451
57987 57497
57993 57466
57999 57483
58002 57484
58005 57434
58006 57488
58007 57487
58017 57518
58019 57517
58020 57501
58021 57502
58022 57503
58026 57505
58043 57519
58061 57540
58067 57543
58068 57545
58072 57553
