2758
21 3
87 19986
118 20223
177 19895
178 19896
192 20318
202 2411
205 19920
227 1248
289 20128
290 20129
330 19536
362 20032
374 19684
388 2346
464 20068
471 20535
507 20325
554 17875
558 20266
708 20442
722 20750
813 26556
823 20507
857 20355
898 20565
981 20420
1069 1911
1074 7743
1095 20897
1149 2404
1179 20530
1196 2811
1265 20804
1302 2909
1373 3427
1374 3428
1425 3922
1426 3923
1429 3506
1469 21136
1535 31126
1597 4172
1670 3735
1671 3736
1828 3921
1935 4084
1938 21069
1968 21064
2009 4124
2010 4145
2019 3802
2031 21321
2110 4662
2114 21319
2120 4018
2121 4019
2124 4018
2126 4019
2151 21198
2179 3940
2184 4693
2266 21430
2535 20634
2560 3394
2692 5127
2739 21586
2844 3723
2991 4935
3033 20951
3092 47693
3130 4987
3176 5066
3269 22151
3294 21179
3352 22090
3467 5474
3550 22230
3570 22205
3597 5654
3650 22225
3686 22241
3714 4952
3715 4953
3721 22267
3723 5734
3760 22337
3786 22318
3804 6249
3805 6250
3844 6000
3852 5855
3853 5856
3930 5935
3965 22406
3967 5964
4027 6022
4093 6299
4122 22478
4158 7173
4179 22570
4185 22646
4217 6602
4234 6444
4235 6468
4254 22557
4268 6242
4357 6748
4363 22722
4384 22725
4411 5226
4436 22679
4437 22688
4493 22711
4494 22712
4525 6506
4556 6803
4571 6757
4599 6777
4614 5128
4694 23001
4719 7104
4737 22841
4807 5627
4846 7108
4847 7109
4883 7342
4917 23099
4920 5128
5152 7591
5155 23258
5177 7695
5215 36821
5268 6941
5269 6942
5278 9677
5360 23406
5361 23407
5480 23552
5497 7795
5507 7822
5511 7743
5513 7830
5514 7831
5518 23356
5519 29225
5557 8076
5586 23548
5588 8471
5589 8472
5596 23194
5604 7999
5624 23383
5637 23516
5676 6990
5867 23777
5877 8046
5896 8449
5904 8513
5915 7639
5922 8532
6019 23874
6045 8454
6083 23920
6100 24020
6173 23734
6187 7567
6253 8848
6290 7674
6294 8888
6304 8859
6305 8860
6318 8858
6354 8903
6364 24071
6377 9333
6385 7866
6410 9008
6412 7901
6413 7902
6545 9343
6568 8730
6632 8802
6636 8570
6646 9483
6680 9257
6681 9258
6687 9124
6781 9396
6819 9465
6863 9018
6868 9402
6929 9065
6982 9866
7037 9541
7047 9555
7111 9615
7143 9651
7148 10045
7173 9726
7183 9705
7231 10146
7311 9133
7467 9356
7470 9732
7495 9768
7521 10131
7535 10124
7577 10203
7714 10397
7731 24191
7782 10474
7801 9199
7865 10038
7891 10109
7965 10610
8017 10675
8068 24765
8255 10890
8354 9695
8495 10791
8534 10716
8613 11254
8625 10577
8626 10578
8765 11350
8783 11416
8829 11462
8842 11864
8959 10170
8960 10171
8997 11623
8998 11624
9165 11787
9181 11731
9280 11910
9350 12272
9373 11875
9447 10471
9543 12208
9602 12089
9665 12616
9666 12617
9820 12150
9825 11135
9856 12061
9944 12802
10007 12711
10025 12571
10088 12966
10104 12675
10122 26280
10146 12820
10293 12972
10334 11710
10389 12672
10392 13242
10393 13243
10536 13304
10784 13427
10787 12795
10816 13551
10842 12425
10915 13445
10930 12970
11015 12986
11038 12413
11111 12647
11122 35424
11150 13869
11169 26793
11208 14049
11215 12783
11218 12750
11220 12964
11232 13130
11249 13876
11269 13158
11290 12319
11291 12320
11295 13462
11297 13773
11317 13197
11325 12656
11355 13280
11367 13916
11385 13830
11469 14265
11470 13297
11503 13953
11504 13954
11534 13995
11546 14294
11559 12499
11563 14064
11577 14126
11589 14263
11601 14120
11602 13173
11604 13712
11626 14350
11627 14351
11649 14189
11679 13617
11726 13556
11749 13310
11750 13311
11755 14290
11788 13663
11789 13664
11804 14292
11809 13342
11811 13360
11812 13361
11830 14608
11909 14450
11929 14454
12000 14500
12024 13694
12027 14563
12103 14612
12170 13866
12226 14659
12255 14671
12371 14957
12386 14999
12437 14848
12526 15264
12560 15120
12576 15324
12628 15162
12652 13433
12675 15057
12713 14857
12780 15422
12785 14421
12814 38723
12828 13749
12933 13864
12983 15227
13100 15402
13199 15499
13273 15627
13282 15479
13283 15480
13304 15475
13396 7980
13467 15115
13490 15706
13508 14526
13668 15848
13708 14604
13750 15546
13788 15960
13840 16063
13892 16043
14073 16229
14093 16204
14094 16205
14258 16339
14265 16349
14266 28381
14267 28382
14274 16309
14292 14844
14318 16443
14383 23297
14385 16471
14417 16482
14418 16483
14467 16516
14529 16607
14551 16585
14583 15309
14600 28453
14636 15363
14696 16811
14697 16812
14699 16729
14733 16779
14746 15442
14755 15405
14787 15211
14952 15624
14958 16949
15015 16992
15025 15641
15026 15642
15069 17113
15083 17076
15167 15812
15176 17237
15204 17136
15268 17210
15295 17216
15335 17457
15485 17623
15513 17486
15534 16484
15537 17642
15621 28062
15627 16568
15652 17668
15666 29057
15691 17685
15698 17833
15725 17560
15746 17599
15763 17899
15766 17798
15812 17948
15813 17949
15829 17649
15848 16800
15849 16801
15853 17671
15905 17907
15927 16492
15947 16254
16017 18086
16025 18027
16128 28723
16129 28724
16171 17674
16182 18334
16570 18708
16571 18709
16610 16882
16644 17680
16696 17101
16880 18613
16898 18467
16967 18527
17024 18182
17045 17264
17046 17265
17074 18621
17143 17489
17179 33799
17336 18139
17337 18140
17374 14958
17375 14959
17415 18610
17456 18343
17548 17792
17646 18555
18015 18375
18102 18312
18937 30307
18942 19769
18965 30104
19014 30186
19019 19545
19020 19546
19051 19006
19076 30500
19079 20274
19081 20397
19094 30817
19099 30521
19120 20466
19140 38125
19186 30682
19202 19869
19204 20404
19233 30708
19244 20599
19260 20397
19274 30467
19315 20217
19316 20367
19318 30851
19326 30725
19355 20632
19402 30798
19403 20577
19419 30814
19427 20667
19428 19872
19513 20516
19575 20763
19588 30900
19602 30576
19613 30937
19614 30938
19661 31019
19685 31097
19754 20925
19805 31110
19824 20797
19854 21052
19923 20414
19944 31391
19952 20919
19986 30845
20016 31300
20054 31355
20066 20493
20086 21151
20112 31373
20127 31704
20130 4624
20131 4625
20169 31524
20307 31580
20412 31623
20471 31226
20477 20964
20478 31690
20531 21636
20636 21828
20637 21829
20775 21152
20815 21956
20844 32017
20845 32016
20849 22078
20861 22336
20884 22339
20901 22035
20930 22199
20999 21653
21001 32164
21008 32128
21014 32140
21086 22363
21087 22364
21094 32245
21097 22374
21151 32300
21157 22591
21184 21860
21246 22593
21279 32357
21286 32413
21463 7494
21489 22751
21501 22827
21515 22058
21537 22828
21633 32665
21635 23052
21660 23147
21661 22736
21818 22553
21865 23284
21912 23157
21913 23158
21969 23230
22008 6640
22009 23385
22010 23386
22062 23331
22083 23415
22089 7711
22106 23394
22107 23395
22120 32973
22122 8052
22123 8053
22143 23503
22194 23634
22197 8193
22240 23458
22259 22851
22273 22890
22343 22962
22349 23894
22361 23365
22373 22981
22374 23727
22382 23418
22385 33235
22425 23478
22469 8266
22513 23967
22524 23969
22574 23775
22584 24031
22605 24054
22621 33546
22622 24116
22682 24217
22683 23769
22684 24225
22687 23933
22703 24248
22707 24274
22708 24275
22717 1836
22780 24192
22859 7932
22864 24497
22878 23545
22883 24114
22895 24118
22946 23602
22947 23800
22985 24383
23009 24029
23022 24039
23031 33748
23033 24046
23044 24059
23054 24450
23090 23915
23100 24510
23109 10132
23116 8719
23142 24563
23164 24206
23219 24258
23239 24280
23263 24289
23275 24662
23352 33742
23391 5163
23422 24188
23457 24214
23458 24215
23488 24879
23505 24251
23551 24919
23592 24939
23608 33973
23626 24768
23658 24700
23685 24797
23695 25409
23711 25043
23726 24838
23731 34198
23732 34193
23737 24754
23746 10213
23759 25519
23764 34205
23769 24763
23909 11186
23910 25253
23930 24888
23953 24625
24029 25353
24034 25379
24066 25405
24102 25444
24166 34172
24172 25499
24226 24731
24241 25474
24292 34800
24310 25149
24373 25730
24441 25320
24497 11120
24731 34619
24779 25663
24798 26293
24837 12494
24838 12495
24909 26370
24963 26433
24992 26367
25027 26541
25054 13363
25083 26580
25117 26614
25124 26312
25172 26530
25212 25972
25279 12987
25284 26685
25296 26497
25367 26705
25369 26838
25373 26026
25377 26710
25406 26941
25419 26827
25421 13372
25422 13373
25431 26237
25432 26238
25435 26223
25459 14021
25471 14097
25511 14124
25526 27040
25540 13956
25559 26932
25560 26933
25566 14187
25576 26547
25592 26946
25601 14224
25644 156
25661 35511
25665 14119
25667 13698
25679 26081
25728 26142
25748 27287
25781 14582
25782 14583
25809 14613
25836 27315
25840 26731
25857 27194
25862 26765
25877 14468
25909 27236
25945 35784
25953 13873
25960 13866
25965 26448
25967 14858
25979 27280
25981 35798
25983 14644
25984 14645
26008 14854
26016 14870
26026 26944
26031 35839
26068 35858
26070 13268
26074 26960
26085 35081
26086 27012
26087 27341
26095 14814
26101 27387
26104 27356
26110 14994
26122 27072
26129 14165
26154 27418
26164 14228
26172 27529
26224 27497
26241 27507
26261 14362
26280 14347
26281 14348
26297 14415
26309 15283
26310 15284
26315 13705
26325 14357
26371 27730
26411 15436
26448 27648
26457 27550
26483 27802
26514 26889
26570 27880
26579 15237
26580 15452
26588 14071
26589 14072
26612 26999
26772 27941
26805 27991
26830 15959
26832 27601
26840 15528
26864 27309
26873 28051
26890 15813
26931 14746
26933 14722
26944 27374
26948 28127
26978 28175
26982 16150
26983 14878
27018 28265
27032 15457
27036 28280
27049 16318
27061 15001
27078 27790
27079 27791
27081 16175
27103 15489
27124 15684
27126 16397
27141 16008
27150 16352
27189 16558
27233 16649
27259 16702
27283 28556
27286 28513
27300 27523
27305 28473
27306 28474
27320 15258
27327 28301
27330 28563
27339 28501
27354 28571
27369 16773
27374 28543
27386 28607
27401 16656
27403 16891
27417 16346
27420 16862
27428 16846
27452 28565
27455 28584
27456 28585
27457 15512
27461 16583
27479 28689
27494 16908
27509 28058
27517 28656
27523 28505
27562 28739
27563 28738
27571 16548
27572 28764
27594 16569
27642 28840
27666 28772
27698 28553
27711 17227
27714 28879
27726 28694
27731 28857
27787 17381
27790 17436
27799 17455
27813 29031
27821 28888
27824 16958
27842 17195
27843 17022
27844 29052
27862 17408
27876 29071
27894 29071
27906 29130
27917 29064
27934 17315
27935 17349
27949 36931
27980 17224
28007 29176
28019 29183
28055 17422
28058 29108
28085 17989
28086 17990
28104 17828
28122 29206
28131 17681
28132 17492
28163 29350
28173 17840
28179 28420
28207 29216
28224 29356
28232 29269
28239 18162
28242 29119
28262 29225
28277 17873
28281 18077
28291 18199
28310 29254
28331 18283
28332 18284
28333 29427
28380 18359
28382 29406
28392 29405
28421 28903
28422 17874
28423 17875
28442 29594
28458 18482
28479 18310
28486 18565
28487 18566
28527 17794
28558 18599
28576 18464
28605 18501
28612 18549
28613 17138
28664 29131
28687 18587
28713 18595
28714 17781
28722 21269
28724 17298
28752 29621
28783 17469
28868 29276
28869 29277
28894 18344
28939 18405
28950 29519
28957 7912
28959 17836
28960 18421
28983 29252
29112 29294
29117 29150
29163 18145
29540 18640
29563 29639
29725 30305
29757 42636
29758 37826
29781 37809
29787 30560
29790 38037
29803 37937
29804 20229
29806 20228
29809 30688
29810 30689
29819 37949
29833 37879
29841 37882
29843 30709
29864 37876
29882 20062
29923 30689
29924 20229
29935 30912
29953 30933
29954 30934
29989 30833
29990 38005
29997 30652
30006 38091
30013 37873
30036 30538
30039 30749
30075 38044
30077 38147
30083 38073
30087 30981
30093 20646
30132 30949
30139 38107
30140 38194
30165 38236
30168 37888
30180 20697
30194 30880
30235 38175
30250 31088
30271 38298
30282 38300
30307 31181
30326 31096
30333 31431
30334 31432
30353 31231
30364 31056
30451 38332
30469 31341
30476 38390
30516 31286
30548 31368
30552 31425
30561 38413
30604 31429
30605 38522
30608 4123
30665 31333
30687 31481
30732 38467
30769 20827
30804 38316
30831 31703
30882 38682
30887 38678
30932 38822
30955 31815
31078 31370
31133 31979
31212 39063
31219 32136
31234 32123
31241 39037
31254 43567
31273 32157
31339 39045
31365 39101
31387 31968
31388 39113
31397 39123
31401 36382
31407 39142
31417 22084
31419 39154
31464 32031
31500 32091
31510 32342
31568 39209
31594 32576
31622 32645
31657 32649
31658 32650
31717 32730
31729 32749
31762 32775
31763 32776
31777 32830
31793 32347
31844 32833
31858 32858
31873 32767
31931 32996
31947 32869
32050 33201
32051 33092
32081 33313
32083 33009
32103 33175
32148 32519
32169 33245
32220 39408
32231 33324
32259 39795
32268 33422
32270 33360
32302 47248
32335 33476
32338 7919
32378 33534
32396 33408
32407 33482
32441 32981
32446 33533
32467 23931
32480 32896
32514 33338
32515 33339
32544 33607
32545 33608
32587 33684
32598 33502
32615 33681
32639 39962
32669 33709
32670 33710
32724 24658
32727 40133
32728 40134
32744 33906
32745 33907
32753 24304
32774 33538
32787 33974
32796 33839
32828 33872
32892 33497
32915 34206
33038 33855
33053 40097
33067 34223
33082 33880
33112 34414
33113 34415
33122 40257
33133 34271
33176 40212
33186 33950
33225 34263
33260 34557
33294 34139
33311 34309
33336 34059
33362 34362
33365 34113
33503 33937
33514 34521
33534 34537
33540 34534
33577 34515
33598 34587
33600 25667
33625 34619
33703 34368
33752 34653
33759 34691
33820 34733
33905 34523
33972 35068
34043 35193
34090 35201
34098 35213
34126 35242
34127 35243
34150 35234
34224 35244
34227 25980
34234 34768
34254 26746
34256 34806
34279 26091
34281 35301
34282 35302
34301 26331
34326 26872
34333 26413
34338 35117
34339 35353
34358 26781
34362 26442
34374 35463
34378 35160
34400 27016
34414 35497
34421 41157
34432 35453
34451 26688
34452 35544
34456 35458
34483 35247
34486 35579
34509 35272
34520 27027
34544 35521
34557 35557
34558 35356
34581 35119
34594 35598
34607 35358
34620 27311
34639 35643
34641 26774
34678 35429
34695 27302
34699 35432
34761 35870
34773 35770
34784 35187
34785 26152
34792 35804
34804 27525
34826 35842
34827 35843
34847 27484
34853 27477
34886 35976
34891 26739
34896 35889
34897 35948
34905 27534
34917 36040
34924 36059
34944 27269
34962 27613
34976 27620
34987 35984
34995 36080
35006 27355
35018 35464
35025 27675
35033 27800
35049 36025
35106 27901
35197 36216
35224 27228
35280 36325
35326 28089
35346 36371
35356 27746
35357 35788
35373 36363
35388 28264
35400 36384
35401 35888
35416 28277
35454 36455
35455 36425
35475 36454
35483 36461
35484 36462
35510 28409
35543 28437
35560 35871
35605 36545
35612 28568
35642 36594
35647 36581
35650 27694
35662 28630
35663 28631
35668 36254
35671 36627
35701 28634
35702 28635
35725 28394
35730 36653
35739 36591
35748 36678
35767 28448
35786 28056
35789 27921
35794 36755
35797 28803
35801 36662
35810 28611
35811 28612
35816 28832
35820 38596
35829 27914
35841 36761
35867 36788
35872 28789
35873 28790
35911 28957
35920 28906
35935 28932
35944 36478
35945 36479
35964 28869
35965 28870
35998 28092
35999 28782
36012 36930
36022 36940
36027 36833
36044 28167
36045 28168
36048 29038
36049 29039
36050 28184
36053 29183
36073 36996
36100 28587
36102 36946
36110 28339
36136 36954
36173 29325
36178 29331
36180 37091
36181 37005
36182 37065
36189 29243
36190 29318
36191 29319
36197 37019
36204 29347
36213 37034
36216 28797
36222 29222
36227 36771
36256 37128
36260 37143
36261 37144
36278 18345
36309 29560
36344 29037
36349 37120
36401 29093
36409 29485
36413 29490
36414 29491
36426 29513
36448 36717
36472 29547
36494 29179
36509 29571
36620 28965
36638 29665
36650 36906
36652 37297
36657 36935
36774 29265
36849 29469
36909 37123
37247 42758
37249 37826
37254 42726
37327 37896
37328 37897
37337 42972
37338 42973
37344 30745
37362 42924
37363 42923
37364 46525
37403 42898
37438 42880
37442 37917
37457 42909
37474 38044
37484 42937
37504 42898
37506 38114
37518 42965
37530 38127
37533 42964
37570 38160
37582 43007
37604 43032
37650 38247
37657 43139
37686 38280
37694 38309
37701 30761
37702 43160
37716 43084
37723 38431
37728 43097
37733 38372
37753 43200
37758 43287
37759 38599
37761 43181
37766 38366
37779 43195
37789 43233
37809 38462
37814 43198
37822 43204
37840 43328
37913 38578
37933 38604
37968 43370
37985 38678
38024 43362
38025 43363
38033 38770
38052 43392
38121 43453
38150 38929
38156 38936
38174 43527
38178 38969
38181 38964
38193 43548
38212 39012
38227 38807
38234 43594
38236 38825
38243 43381
38246 38830
38247 39071
38273 39057
38274 39058
38288 43623
38289 38860
38293 39121
38294 39122
38318 39091
38335 43684
38337 32004
38341 39247
38356 39181
38364 39192
38392 32108
38414 43654
38479 32442
38525 39327
38537 39220
38573 39420
38574 39421
38578 39431
38588 39382
38603 39406
38608 39453
38609 39404
38633 39415
38667 39478
38699 39471
38707 32956
38721 39486
38751 39615
38758 39518
38793 39331
38794 39403
38797 39234
38807 39570
38811 39428
38818 39580
38831 39281
38853 39642
38854 39468
38860 39646
38861 39700
38874 44063
38882 39672
38883 39496
38885 39736
38887 43909
38900 39527
38907 39531
38916 39543
38936 39555
38944 39565
38945 33268
38950 44067
38963 39587
38969 39593
38970 39601
38973 39828
38978 39689
38980 39592
38995 39616
38996 39808
39011 39637
39023 39831
39024 39832
39034 39844
39067 39890
39070 39895
39090 33320
39112 39942
39163 33502
39180 39859
39181 39860
39203 39606
39210 39917
39211 39987
39212 39988
39264 40054
39265 40055
39319 40249
39330 39723
39339 40233
39358 40043
39366 33331
39371 39758
39391 40159
39396 39994
39415 40184
39416 40185
39460 40038
39481 39949
39482 40225
39484 39840
39485 39841
39537 44564
39539 39896
39540 39897
39612 40247
39620 39853
39621 40199
39644 40381
39645 34010
39646 40389
39689 40485
39690 40436
39699 40222
39709 40431
39712 40446
39713 40447
39721 40269
39779 40489
39837 40542
39859 40565
39863 40443
39872 40693
39895 40747
39899 34384
39928 34418
39929 40450
39933 40502
39963 40625
39966 40742
39992 40643
40011 40816
40012 40814
40021 40809
40023 40828
40027 40851
40094 40909
40150 40984
40171 40839
40176 40853
40178 40527
40190 41023
40217 41045
40225 40852
40226 41078
40230 41019
40254 41087
40261 40865
40277 41111
40294 40626
40298 40902
40305 40917
40331 35389
40332 41170
40338 40947
40339 40948
40355 41176
40356 41177
40358 41106
40375 40687
40378 41212
40383 35522
40397 40981
40402 41012
40403 41013
40413 41172
40433 41193
40434 41202
40443 35321
40446 41301
40460 41120
40462 41320
40471 41133
40488 40846
40489 35333
40492 41308
40499 35573
40501 41351
40502 41375
40504 41139
40517 41080
40522 35386
40526 41328
40529 35399
40533 35391
40546 41393
40556 41322
40559 35412
40571 41355
40593 41343
40631 41465
40633 41189
40636 35768
40637 35769
40647 41416
40651 35799
40654 35902
40673 41496
40696 41510
40704 35969
40717 35596
40728 35366
40734 41484
40739 35652
40740 35653
40767 41498
40768 41499
40783 41621
40788 41196
40789 41627
40809 41597
40810 41658
40812 41530
40831 36064
40835 41134
40854 41145
40860 36218
40885 36077
40886 41608
40891 41629
40905 41654
40997 41705
41032 41711
41040 41721
41057 41625
41058 41626
41076 41791
41081 41369
41083 41766
41087 36148
41171 36441
41182 41838
41183 36290
41195 41841
41222 36519
41230 36523
41232 36016
41248 36516
41252 36528
41253 36529
41254 36538
41256 36597
41275 41923
41278 36603
41295 41945
41309 41835
41310 41836
41311 41837
41324 36589
41347 27687
41363 41655
41366 41731
41367 41732
41377 36620
41384 36662
41413 36754
41417 36705
41419 36745
41428 36778
41438 41666
41439 42100
41450 42058
41453 42114
41489 42080
41500 36866
41503 41729
41533 41788
41540 36833
41549 36956
41553 42094
41566 36920
41567 38668
41569 36953
41572 42214
41573 42215
41579 42213
41586 36393
41588 41804
41598 36388
41604 36845
41605 37018
41607 42228
41608 42229
41615 42210
41616 42211
41618 36897
41645 37055
41648 37091
41650 37005
41652 37065
41690 37043
41700 29420
41714 37149
41716 42266
41717 42267
41719 42372
41723 37042
41726 37189
41727 37190
41738 37121
41751 37216
41755 42382
41763 37232
41765 42369
41774 37260
41778 37318
41784 36919
41789 37184
41790 37185
41795 41985
41804 37170
41809 37180
41848 37263
41853 42292
41987 45857
42034 37223
42042 42191
42056 42380
42073 42394
42074 42391
42184 37125
42204 37235
42219 42315
42245 37188
42290 42365
42354 37322
42355 37323
42457 42656
42465 42586
42469 46316
42498 46373
42540 43005
42544 46415
42552 46304
42561 46357
42574 46449
42585 42779
42589 42998
42590 42999
42598 46473
42610 46493
42624 42823
42673 42862
42681 46545
42683 46605
42710 42879
42712 46571
42713 46572
42729 43138
42731 42897
42732 46652
42733 46653
42745 43092
42762 46598
42773 43159
42807 43241
42815 46710
42818 46688
42832 46686
42866 43272
42899 43076
42915 46782
42935 38641
42955 46791
42968 46799
42971 43099
42998 43372
43002 43391
43035 46859
43040 46933
43110 43547
43132 43524
43138 43535
43157 46995
43162 43592
43163 43593
43190 43612
43201 43437
43202 43624
43208 46884
43233 43463
43238 43615
43248 43619
43251 43652
43257 39100
43274 43496
43275 43497
43302 43534
43331 43561
43376 47146
43445 43838
43448 43636
43461 43875
43488 47197
43507 47225
43572 47165
43599 43989
43608 44121
43609 44122
43616 44023
43617 44057
43623 47206
43624 47207
43637 47222
43642 43932
43645 44006
43649 44090
43664 44101
43679 44118
43685 43985
43694 44070
43732 44022
43760 44045
43798 44195
43811 39930
43817 44145
43818 47213
43841 44248
43855 39905
43857 44181
43875 44251
43885 44260
43886 44261
43889 40128
43900 44213
43904 44018
43905 44114
43912 40070
43914 39922
43948 44293
43960 44242
43961 39970
43966 44413
43978 40183
43980 40039
44026 44283
44039 44434
44064 44389
44069 44475
44070 44595
44095 44499
44096 44500
44098 44625
44100 44388
44104 40422
44122 40211
44123 40376
44124 40377
44127 44568
44140 44567
44148 44300
44160 44536
44193 44585
44218 40477
44260 44607
44300 44816
44318 44757
44326 44710
44330 44678
44336 44688
44337 44766
44339 40796
44426 44786
44439 44716
44475 44956
44511 44986
44523 44962
44526 40874
44529 44898
44530 44902
44531 44903
44533 45010
44557 41028
44558 44936
44560 41077
44567 41088
44576 41100
44584 45037
44588 44922
44591 34950
44595 41119
44597 45057
44603 45024
44612 44836
44624 45081
44626 41155
44627 40927
44631 45080
44642 40665
44648 45085
44655 45108
44657 45002
44660 45112
44663 41211
44668 45079
44670 45105
44683 41245
44690 45148
44693 47862
44698 45092
44708 45116
44716 45131
44752 41162
44758 41174
44770 45226
44782 41110
44788 45178
44828 45227
44837 41185
44838 41186
44843 41400
44853 45345
44858 45279
44863 41435
44864 45266
44867 45322
44874 45283
44875 43824
44881 45379
44884 45329
44885 41513
44886 41514
44890 41263
44895 45149
44896 41512
44903 41044
44905 41470
44909 41310
44928 45350
44929 48225
44945 45052
44955 41563
44969 41611
44976 45133
44991 45247
45007 45453
45014 41595
45015 41608
45020 45463
45027 45120
45069 41371
45075 41502
45077 41382
45099 45525
45100 45526
45102 45218
45110 41347
45111 41537
45114 41739
45122 45527
45123 45528
45136 45545
45142 41425
45143 41752
45145 41753
45154 45193
45179 45565
45183 45599
45188 41782
45190 41846
45193 41575
45196 45557
45213 45611
45234 41839
45236 45615
45257 45552
45258 45650
45259 41913
45260 41914
45261 45635
45268 45654
45280 41883
45289 41933
45296 45670
45300 45677
45302 45676
45304 41942
45310 45374
45311 45375
45312 45590
45317 45690
45318 45672
45324 41921
45334 41860
45338 45643
45344 45716
45356 41745
45362 41775
45378 41981
45380 45704
45398 45829
45411 45790
45429 42047
45432 45499
45448 45780
45458 45759
45463 45830
45464 45831
45482 45863
45492 41955
45500 42220
45509 45887
45514 45884
45519 42175
45523 36981
45526 41988
45527 48537
45531 45594
45536 42255
45540 45943
45554 45954
45562 51181
45570 42281
45585 45969
45593 45645
45596 42028
45598 42247
45610 42246
45616 42337
45619 42353
45621 45953
45638 42202
45641 42410
45649 42387
45651 45989
45655 37012
45657 42400
45672 45993
45687 48793
45701 45758
45705 45763
45718 45977
45741 42166
45750 42071
45751 42072
45794 45881
45832 45875
45887 45948
45895 46015
45899 48768
45962 42356
46001 42383
46105 49032
46112 49036
46121 46376
46125 46481
46127 46262
46135 46258
46144 46463
46152 46447
46154 46440
46162 46275
46173 49046
46195 46378
46199 49070
46208 49044
46230 49014
46239 49104
46272 46544
46282 49171
46299 46632
46354 46633
46356 49211
46363 49205
46382 49241
46389 49113
46394 46779
46398 46528
46496 46840
46503 46803
46527 49328
46544 46861
46551 49378
46579 46976
46643 46884
46647 49458
46662 47019
46675 47013
46677 47083
46713 47052
46714 47111
46737 49509
46747 47150
46768 47002
46774 47157
46856 47209
46874 47202
46911 47117
46918 47189
46928 47339
46936 47343
46938 47299
46952 47389
46961 47265
46967 47381
46978 47385
46980 49688
46981 47408
46982 47293
46989 47403
46991 49694
46995 47346
47033 49706
47034 44195
47038 47436
47048 47451
47049 47452
47061 44173
47067 44142
47084 47495
47091 47444
47123 47517
47130 47379
47151 47538
47158 47360
47167 47564
47176 47575
47177 47576
47179 47483
47191 47497
47203 47509
47209 47605
47216 47411
47227 47716
47231 47620
47232 47621
47248 47634
47249 47635
47259 44477
47271 47654
47275 47567
47279 47662
47280 44390
47284 47676
47288 47672
47315 47693
47318 44680
47353 44429
47373 47739
47375 47746
47386 47649
47415 44614
47424 47792
47443 47690
47530 47834
47535 47945
47536 47946
47548 47942
47565 47875
47566 44841
47568 47971
47580 47868
47589 47908
47603 48019
47614 48043
47617 47905
47618 47906
47621 48045
47622 48046
47629 47910
47630 47911
47638 44802
47640 44948
47642 47845
47643 47932
47648 47850
47656 45058
47661 44943
47666 41089
47668 47947
47670 47825
47676 44961
47682 48077
47684 47998
47698 48095
47699 45127
47702 47981
47705 48037
47711 45126
47762 45069
47765 48076
47766 45181
47769 45017
47776 45205
47787 45165
47790 48198
47797 48186
47801 47950
47809 45121
47814 47950
47831 48170
47841 45281
47844 48134
47855 48137
47856 48070
47857 48139
47871 48154
47872 48155
47876 45356
47884 48293
47893 45361
47900 45358
47903 48308
47926 45370
47953 45077
48002 48172
48033 48289
48035 48425
48041 45551
48068 45533
48071 48444
48082 48459
48093 48467
48116 48256
48117 48295
48118 48296
48130 45639
48140 48500
48141 48501
48155 45697
48156 45698
48157 48483
48177 45709
48187 45632
48188 45721
48189 48545
48193 48379
48200 45723
48209 45674
48210 48509
48239 45798
48246 48580
48254 48451
48273 48628
48275 45646
48280 48628
48283 45785
48284 45786
48287 45785
48288 45786
48308 48505
48309 50385
48315 45572
48323 48715
48324 48716
48325 48685
48326 48686
48335 42141
48338 45895
48341 45845
48345 48689
48352 45961
48365 48481
48376 48772
48386 48575
48401 48672
48405 45700
48424 46040
48425 46018
48426 48530
48433 45984
48434 45825
48455 45750
48457 46009
48467 48802
48472 48620
48473 48621
48492 48630
48494 45861
48506 48622
48531 48645
48538 48651
48643 46002
48689 48773
48804 49071
48822 50708
48834 50768
48840 50745
48846 48993
48852 49098
48864 50780
48867 49025
48874 50786
48882 49033
48907 49172
48916 49054
48917 49055
48922 49139
48924 50812
48945 49173
48954 50828
49009 49163
49011 50883
49057 49307
49078 49328
49093 49212
49123 49371
49149 49447
49151 49399
49197 49336
49204 51038
49209 49348
49218 49478
49219 49475
49248 49498
49313 49562
49327 49527
49336 47095
49351 47223
49355 49508
49356 49546
49357 49547
49366 47117
49378 49617
49389 49608
49395 51106
49402 49544
49409 49638
49410 49650
49411 49651
49414 51215
49417 51185
49433 49639
49449 49706
49453 47383
49473 49714
49487 51249
49526 49712
49530 49827
49549 49672
49552 49721
49553 51310
49559 49864
49561 49680
49566 49741
49588 49830
49589 47695
49600 49875
49609 51378
49612 51307
49614 47589
49615 49880
49616 49857
49642 49813
49674 49910
49679 49928
49680 49929
49711 40641
49724 49944
49735 47722
49786 50036
49818 51489
49829 50024
49845 47886
49847 47891
49848 50106
49854 47904
49864 48057
49871 49987
49872 49988
49886 48087
49892 50137
49903 48116
49917 48092
49924 50169
49933 48056
49934 48104
49935 48105
49939 48061
49950 48129
49953 50170
49954 50094
49957 48079
49961 48153
49965 48158
49980 50220
49990 50215
49991 50216
49997 50144
50009 48121
50011 48122
50013 50204
50017 50217
50024 48210
50040 48294
50054 50229
50062 50130
50065 48190
50088 48341
50092 48279
50093 48124
50133 48387
50134 48265
50137 50300
50148 48407
50150 48413
50156 48415
50162 48439
50192 48477
50196 48457
50222 50377
50227 48506
50230 48520
50241 48532
50248 48524
50259 48560
50265 50434
50269 48535
50279 50428
50280 50315
50282 48577
50290 50320
50306 51788
50308 50338
50309 50339
50310 50341
50318 50351
50319 50352
50323 48585
50327 50493
50330 50360
50331 50361
50353 50516
50365 50513
50389 50538
50394 50505
50397 48740
50399 48698
50409 48575
50414 50565
50416 48765
50417 48766
50428 48775
50429 48779
50434 48788
50437 48626
50438 51084
50452 50438
50453 48782
50459 50517
50466 48579
50467 50455
50484 50499
50489 50537
50517 48682
50564 48806
50692 50758
50698 52001
50707 52027
50709 50770
50715 50807
50744 50734
50769 52094
50808 50879
50815 52101
50834 50906
50858 52074
50892 50976
50895 50995
50900 49411
50906 52184
50911 52175
50922 50946
50923 50947
50924 51037
50952 50942
50961 51086
50972 51093
50974 51104
50993 51122
51036 51177
51038 51178
51039 51091
51115 51149
51117 51272
51120 51222
51121 51239
51125 51247
51126 51250
51148 51181
51176 51316
51181 51362
51184 52346
51189 52369
51202 51333
51218 51356
51222 51361
51235 51370
51253 49841
51264 51408
51265 51409
51268 51351
51275 51411
51276 49919
51305 51380
51326 51457
51333 49967
51342 51495
51349 51489
51355 51516
51357 51522
51358 51523
51368 51531
51375 51537
51383 50121
51387 50128
51389 51501
51390 51552
51404 51558
51405 50105
51406 51560
51408 47977
51420 51563
51429 50126
51431 51564
51445 51580
51446 51581
51457 50208
51466 50056
51469 51601
51479 51611
51480 51612
51494 50180
51499 51536
51504 51655
51527 51577
51534 50140
51539 51610
51540 50280
51543 51669
51544 50231
51549 51688
51554 51676
51555 51677
51570 51702
51574 51673
51583 51704
51587 51720
51603 50345
51604 51731
51615 50332
51618 51750
51621 50256
51626 50400
51627 50395
51630 51674
51636 51656
51637 51681
51642 50386
51644 51693
51647 50281
51665 51712
51668 50422
51669 50423
51670 50443
51684 51726
51688 50441
51694 50367
51699 50457
51706 51736
51707 50378
51713 50509
51715 51840
51718 51832
51719 51833
51720 50515
51723 50390
51726 51759
51728 51769
51729 50525
51733 51847
51735 51852
51739 50541
51749 50544
51750 51773
51766 50559
51780 50384
51782 51748
51788 51838
51793 50579
51794 51879
51795 51880
51798 50588
51803 51807
51814 50573
51830 50458
51831 50459
51843 51792
51850 50510
51914 51883
51991 52008
52004 18576
52007 52019
52018 52793
52036 52056
52037 52057
52051 52079
52063 52107
52065 52111
52066 52109
52070 52116
52083 52846
52119 52163
52125 52119
52131 52867
52142 52176
52163 52202
52183 52210
52190 52174
52244 52218
52248 52258
52261 52230
52292 52290
52311 52362
52322 52320
52355 52370
52358 52358
52363 52383
52364 52347
52366 52396
52373 52388
52374 51319
52376 52364
52379 52363
52383 52397
52386 52400
52389 52401
52393 51321
52416 52450
52448 52425
52451 52449
52469 51473
52471 52481
52486 52507
52488 52520
52491 51575
52495 52526
52506 52537
52518 52509
52519 52534
52520 52504
52535 52523
52536 52524
52554 51554
52585 52577
52596 52618
52605 51701
52611 51624
52615 51746
52634 51764
52638 51765
52646 51787
52667 51786
52670 52675
52673 52632
52684 52691
52687 52680
52688 52681
52689 52623
52692 51825
52694 51849
52697 51850
52699 52625
52701 52630
52705 51867
52710 52703
52713 52663
52821 52780
52829 52782
52834 52761
52845 52764
52863 52824
52867 52821
52902 52853
52920 53313
52925 52861
52941 53336
52991 52909
53011 52959
53015 52924
53034 52940
53035 52961
53049 52950
53050 52951
53083 52338
53127 53064
53151 53083
53152 53084
53153 52480
53155 53077
53160 53094
53170 53096
53173 52525
53174 52502
53179 53099
53185 52534
53190 53116
53197 52511
53202 52582
53226 53165
53235 53177
53238 52637
53243 53180
53259 53159
53265 53168
53279 52687
53280 52688
53282 52645
53284 53204
53286 52700
53287 52701
53394 53277
53403 53282
53406 53585
53414 53588
53426 53298
53434 53602
53438 52864
53440 53306
53441 53307
53459 53312
53465 53346
53473 53335
53485 53349
53507 53369
53508 53007
53576 53447
53584 53455
53589 53098
53590 53104
53591 53103
53592 53102
53594 53134
53627 53169
53628 53493
53647 53197
53650 52678
53651 53199
53653 53196
53662 53532
53697 53777
53717 53797
53723 53801
53736 53614
53783 53657
53796 53414
53805 53680
53807 53446
53814 53697
53816 53703
53817 53707
53828 53706
53829 53472
53830 53712
53831 53715
53843 53724
53848 53734
53855 53500
53857 53505
53867 53506
53870 53508
53873 53498
53891 53512
53898 53516
53899 53517
53933 53794
53938 53795
53939 53797
53945 53809
53956 53816
53973 53832
53978 53843
53984 53845
54005 53864
54007 53689
54016 53709
54019 53874
54029 53886
54054 53760
54063 54014
54073 53928
54083 53933
54089 53937
54096 54038
54105 53970
54115 53973
54117 53975
54125 53979
54128 53893
54136 53890
54181 54031
54196 54045
54212 54060
54213 54061
54216 53987
54218 54062
54233 54110
54236 54079
54251 54085
54254 54086
54262 54091
54267 54098
54269 54099
54282 54112
54285 54117
54297 54092
54298 54095
54299 54132
54305 54143
54314 54149
54315 54150
54332 54170
54334 54162
54335 54163
54339 54177
