1379
89 37415
116 18678
191 17582
431 17554
458 17582
504 17529
563 28966
564 28965
759 17143
835 17529
981 17338
1069 29066
1126 28667
1187 28960
1302 28847
1308 28817
1905 15437
1979 16189
2010 16068
2054 15437
2073 15663
2084 16154
2286 28086
2469 15341
3033 27757
3051 14929
3092 48050
3119 14993
3164 27687
3254 27468
3294 27579
3401 27452
3467 27385
3468 27384
3570 27298
3599 14431
3686 14329
3716 14340
3877 14160
3884 14158
3929 14124
3930 14123
4101 27092
4184 14003
4259 38826
4411 26900
4421 13578
4425 13516
4465 13546
4616 26779
4732 13054
4807 26600
4917 26408
4952 12962
5237 12463
5267 35032
5339 12381
5474 12277
5749 34826
5822 11865
5861 25948
6004 25860
6062 11574
6173 25770
6304 11399
6305 11400
6318 11393
6427 34436
6474 11246
6614 25415
6636 25399
6763 25930
7173 10790
7182 10539
7203 10768
7224 25011
7311 24936
7328 24933
7474 24893
7492 10087
7801 24650
7906 9788
7907 9787
8028 24544
8029 24543
8066 24421
8098 25145
8291 24304
8413 9215
8613 9311
8776 23988
8783 9192
8816 24045
8874 24014
8959 23958
8960 23959
9068 8478
9069 8477
9073 23865
9180 17836
9266 8563
9395 8586
9602 8328
9826 23279
10410 22813
10491 7569
10675 22626
10718 22586
10719 22585
10746 6167
10806 7813
10898 22498
10948 6015
11161 6252
11188 22243
11214 22270
11232 22644
11247 6290
11269 22620
11292 22361
11328 6234
11332 22191
11355 6311
11387 6658
11538 6183
11604 6133
11605 6132
11749 5217
11753 5895
11798 6363
11812 5142
12055 5539
12288 4861
12361 5828
12484 5753
12589 6362
12713 5103
12729 5092
12736 21471
12751 5084
12883 5722
13046 31537
13074 6051
13100 5999
13197 6040
13215 4523
13295 5137
13347 4432
13451 3636
13583 5812
13843 3454
13937 3340
14076 3578
14140 3184
14204 2940
14251 3664
14460 4136
14567 4028
14787 2372
15025 2035
15190 20078
15569 30537
15800 1671
15834 54560
15947 19653
16103 19509
16262 1922
16293 3228
16327 2530
16572 30098
16681 19401
16747 963
16880 2634
17103 46086
17200 1429
17231 1089
17287 19860
17447 995
17646 225
17792 259
17943 1303
18730 1001
18942 29560
18957 42722
18966 37389
18984 25170
19034 29155
19049 29027
19226 48459
19238 37151
19296 21587
19318 28940
19330 17144
19419 28957
19507 36957
19520 36900
19534 36936
19570 36858
19571 28928
19598 28767
19630 28727
19754 16683
19766 16655
19824 16708
20086 28191
20266 36322
20365 27917
20421 36207
20492 27802
20544 14963
20632 36056
20710 27453
21014 27228
21025 27208
21055 27258
21100 35657
21101 35656
21234 13536
21268 35488
21285 26966
21320 35527
21362 35485
21364 26871
21403 26804
21441 26887
21537 26658
21682 35253
21802 35105
21865 12926
21891 35122
21939 35051
21952 12677
22007 13401
22034 34974
22143 26059
22239 34830
22322 34780
22361 34737
22516 34616
22546 25666
22555 25656
22567 34531
22644 25570
22679 34442
22683 34411
22706 25532
22780 25437
22796 25380
22839 25326
22840 25325
22895 34242
22917 34228
22945 34236
22946 34235
22991 34152
23044 34096
23061 25143
23090 34090
23122 25046
23134 34006
23158 24972
23239 33929
23275 24905
23327 33879
23422 24704
23472 33753
23488 24896
23557 24638
23558 24637
23657 33630
23709 40206
23717 33868
23763 33536
23770 33613
23930 33381
24029 24274
24102 8937
24104 33246
24109 8879
24390 24219
24408 32944
24441 32916
24709 32752
24732 31967
24926 32830
24987 23286
24990 23089
25015 40997
25038 32458
25054 7338
25082 23199
25139 7894
25180 7950
25212 32319
25275 6967
25292 7546
25296 22871
25298 7108
25344 23055
25353 22777
25432 10055
25435 32158
25456 7701
25462 32399
25496 7579
25508 22627
25511 6709
25529 22635
25664 6949
25677 6404
25751 22363
25781 6331
25840 32115
25901 22523
25983 6940
25985 21820
25993 5963
26070 21748
26122 22048
26129 21634
26130 21633
26197 6462
26214 6156
26241 22732
26310 5530
26452 31541
26602 21183
26690 21224
26697 5905
26944 31244
26945 31243
26948 5417
26955 20778
26983 20916
27071 5294
27081 21141
27115 5155
27159 3954
27300 30906
27314 20450
27315 20451
27330 4038
27352 21700
27374 21682
27392 4647
27408 21040
27420 21107
27479 4419
27508 30898
27509 30899
27597 20316
27725 3426
27788 4226
27922 2150
27939 3563
28122 21042
28212 3175
28283 2503
28332 20359
28333 2420
28345 2710
28373 20757
28377 20331
28399 2992
28499 20775
28605 1609
28681 30736
28782 2450
28896 1525
29031 149
29094 19253
29095 19252
29207 19818
29248 327
29299 29989
29370 185
29486 19626
29757 42729
29779 42708
29781 42616
29804 29056
29819 37094
29936 36907
29937 42575
29959 28975
30061 29056
30075 46435
30128 42461
30242 36869
30302 46308
30303 42314
30516 36423
30584 36479
30628 36279
30657 36321
30755 41945
30758 27845
30780 41946
30887 36062
30998 41851
31130 41713
31268 27179
31273 35679
31284 35656
31405 41491
31438 41511
31500 41442
31583 35286
31729 35213
31788 35184
31803 41222
31830 35131
31851 35091
31880 41163
31904 33641
31912 35043
31931 35113
31932 26364
31939 34930
31946 41066
31971 28596
32032 5881
32057 34905
32065 26206
32075 34889
32119 41000
32138 40988
32253 40912
32270 25764
32288 25999
32289 25998
32325 40845
32380 40802
32467 34398
32515 40657
32544 34318
32545 34317
32598 34288
32607 25520
32629 40596
32702 40533
32735 34089
32753 34061
32802 25289
32873 33919
32892 40383
32918 34073
32930 40362
32931 40361
33000 24832
33049 40279
33062 25062
33118 40266
33148 33676
33179 33642
33233 33677
33293 33634
33316 33604
33318 24517
33323 40070
33440 9449
33467 33425
33483 39899
33587 39914
33742 32893
33743 24138
33827 23961
33828 23962
33860 32752
33916 33029
34083 39550
34090 32794
34113 32804
34128 23281
34135 23607
34158 39382
34267 23054
34340 32566
34378 32425
34395 39406
34400 22924
34421 32901
34451 22570
34456 23060
34520 32407
34558 39284
34572 22672
34581 39049
34588 22576
34605 23086
34607 32156
34620 22623
34624 32365
34685 22434
34694 32127
34695 23027
34792 22799
34793 22805
34800 31961
34815 22574
34820 22789
34821 22790
34857 22491
34858 22490
34910 22633
34916 22187
34962 22022
34987 31947
34996 21984
35007 31923
35020 21982
35106 21908
35109 31650
35179 22382
35258 22184
35279 38592
35299 31213
35309 31180
35313 31245
35346 21962
35349 38515
35357 38500
35472 21897
35473 21896
35488 38420
35559 38321
35591 31779
35628 38298
35671 21609
35689 31292
35786 30745
35797 3621
35801 31044
35813 21413
35831 21390
35863 38070
35867 21381
35873 30955
35911 4189
35993 30365
35994 30364
36020 20533
36049 20987
36050 30441
36168 30731
36170 2317
36183 2279
36197 20908
36283 20322
36284 31162
36296 30822
36332 30422
36356 30053
36401 19531
36486 30937
36560 30315
36592 30561
36595 20353
36609 30119
36719 19344
36725 30160
36748 30014
36842 29990
36868 30380
36896 19638
36905 19354
36957 30334
37093 30400
37126 19649
37173 26179
37243 37061
37247 46543
37261 42708
37262 46593
37288 37006
37303 42633
37341 46536
37415 42381
37449 46455
37474 46435
37504 42416
37580 28622
37581 46339
37584 49186
37586 46323
37592 42324
37709 46237
37759 41995
37760 46185
37761 46184
37806 36393
37827 42088
37887 41930
37930 41935
37968 41874
38193 41606
38250 45799
38267 45789
38272 45781
38378 41399
38392 41430
38395 41390
38396 41391
38407 41392
38412 45683
38441 45626
38489 45648
38578 35214
38587 45544
38609 41147
38632 45514
38641 45516
38679 41066
38694 45459
38721 45441
38748 41105
38749 41104
38775 45407
38777 34876
38792 45398
38794 45390
38811 45369
38823 40981
38830 45359
38831 40959
38854 45346
38887 45321
38905 45313
38907 45310
38936 45291
38956 45273
38957 45268
38967 40845
38969 45264
38983 45261
38995 45246
39034 34583
39090 40674
39110 34445
39112 40721
39151 45092
39181 40622
39190 34319
39191 45079
39192 45078
39203 40564
39210 40548
39287 34054
39292 40470
39301 34322
39416 40449
39459 44866
39460 44839
39484 44844
39485 44843
39539 44786
39540 44785
39546 40240
39621 44712
39631 44697
39634 40117
39644 33620
39664 40102
39689 40043
39690 40144
39713 40127
39887 39870
39888 39869
39899 44417
39900 44416
39918 44400
40013 39746
40040 39719
40041 39730
40060 39779
40100 39490
40144 39550
40150 23253
40191 44232
40194 39674
40198 39614
40205 39522
40215 47616
40216 47615
40217 33008
40219 39594
40225 44230
40226 39629
40235 39567
40236 39566
40244 39499
40279 39447
40294 44077
40305 44139
40332 32584
40338 44171
40378 39465
40383 32550
40433 39401
40444 32813
40458 39308
40471 39291
40488 39077
40489 44001
40499 32299
40501 39371
40517 39188
40536 39418
40547 32354
40555 43868
40571 32649
40626 32531
40665 31955
40669 32487
40688 39058
40696 32132
40699 39050
40703 39197
40707 39034
40717 38968
40727 38796
40745 39370
40750 43691
40764 39346
40779 31957
40830 31929
40848 38870
40873 38673
40952 43556
40960 38811
40997 39154
41031 22184
41128 38500
41203 43428
41207 38424
41215 38583
41246 31797
41275 31767
41308 43349
41366 38143
41418 38349
41422 17417
41437 38757
41438 43157
41466 31503
41485 31525
41509 31383
41586 43000
41606 38579
41701 42970
41717 38432
41750 31073
41816 31034
41823 38190
41900 38129
41936 30864
41961 30393
42074 37537
42129 37897
42144 30263
42230 30267
42231 30265
42327 30437
42351 30355
42457 49379
42483 49363
42512 49335
42513 49337
42584 49272
42589 46317
42590 46316
42624 49245
42643 49205
42655 49208
42682 42215
42708 49158
42731 46278
42765 46231
42773 49103
42871 51019
43036 41764
43102 45873
43109 42626
43220 45762
43234 41498
43238 45716
43299 48699
43300 48698
43301 48695
43312 45663
43331 45656
43338 41345
43343 41309
43373 45611
43374 41263
43431 41202
43456 41159
43463 45500
43522 48547
43569 48498
43614 48457
43632 48430
43642 45307
43645 45290
43685 45239
43725 48365
43760 48352
43803 48313
43818 48317
43819 48316
43825 40715
43855 45067
43900 45028
43905 48229
43908 45003
43914 44977
43948 44938
43957 48182
43962 44944
43964 48192
43969 40441
43978 40408
44020 48097
44049 48088
44068 48055
44073 44768
44100 48025
44104 44717
44107 48016
44108 48015
44122 48027
44140 44695
44150 40172
44174 44718
44200 40097
44218 40068
44240 44652
44277 47875
44278 47874
44326 44572
44447 47714
44481 44270
44487 44363
44489 44374
44512 5760
44531 44332
44562 44088
44564 44280
44626 39526
44627 44148
44639 44057
44644 44199
44657 44132
44658 44217
44668 39737
44709 39390
44743 44109
44782 43970
44783 39342
44788 44059
44839 43942
44845 39482
44863 39186
44870 44002
44875 43724
44885 39213
44890 43845
44909 43837
44926 43836
45007 39028
45027 43589
45030 47301
45100 43921
45118 39090
45122 43958
45123 43957
45145 38696
45179 39105
45196 43578
45215 43827
45223 47261
45227 38829
45234 43550
45236 39000
45238 38969
45246 38981
45260 38718
45296 38678
45302 38667
45304 38690
45326 38859
45344 43755
45356 43272
45368 43278
45375 38375
45378 43377
45379 43376
45381 38764
45387 38759
45411 38719
45435 38735
45455 43262
45457 43603
45464 38567
45474 43305
45482 38597
45484 38622
45500 38390
45501 43561
45527 46833
45540 38324
45581 38454
45600 38478
45616 38208
45637 43393
45651 43375
45659 37591
45661 38120
45687 43281
45688 43280
45708 38342
45710 38305
45711 38306
45741 42857
45749 38289
45760 43299
45761 38247
45776 43327
45779 38236
45801 37861
45802 37860
45865 38048
45885 37813
45929 37568
45949 30419
45999 43036
46000 37906
46013 37888
46108 49372
46121 49299
46127 51253
46165 49324
46197 51197
46215 51192
46230 51181
46267 49141
46284 51105
46342 51067
46364 49045
46388 51022
46394 46083
46457 48942
46491 48896
46520 48890
46533 45923
46539 45909
46637 48743
46638 52276
46645 52267
46655 50825
46662 50805
46684 50808
46687 50800
46688 50799
46774 48573
46802 48577
46824 50694
46845 48529
46882 52140
46899 50641
46911 52127
46938 48413
46978 48375
46989 45254
46995 48361
47012 48351
47034 48327
47048 45099
47090 48250
47091 50481
47096 50479
47123 48207
47128 48201
47130 50450
47162 44965
47170 48145
47171 48144
47179 48146
47208 50386
47226 48091
47279 44803
47284 44800
47312 12872
47315 48050
47316 48051
47361 50319
47375 48001
47377 50257
47443 50204
47461 44445
47485 44597
47524 44575
47529 50125
47535 47841
47536 47840
47543 50114
47547 50113
47557 44422
47565 47782
47566 47784
47567 44382
47568 47798
47589 47770
47614 47747
47617 47703
47618 47702
47627 44267
47632 44327
47639 40780
47640 44255
47655 47665
47656 44247
47664 44429
47668 47652
47676 47653
47745 44165
47755 47774
47776 44122
47778 44273
47787 44058
47801 49928
47814 49928
47835 44211
47841 44205
47844 49952
47893 44075
47897 43949
47900 39327
47902 47480
47944 43823
47953 47275
47966 44054
47967 44052
48002 49776
48028 39128
48033 47264
48058 49733
48066 47464
48068 47247
48093 43858
48103 47209
48122 43799
48156 43605
48186 49653
48200 43746
48232 49614
48239 38803
48269 47177
48308 49549
48315 46870
48325 43537
48326 43536
48334 47237
48335 43164
48342 43308
48344 38224
48365 49503
48374 43430
48391 21057
48399 46774
48407 43447
48426 46735
48433 43359
48480 46771
48497 43316
48513 43206
48528 47052
48637 43016
48693 46888
48715 43075
48744 43009
48807 52539
48859 51101
48863 51119
48867 51161
48881 49141
48882 51148
48889 52478
48891 52482
48896 49123
48947 51067
49045 52373
49076 52355
49077 52354
49079 50934
49082 52345
49085 52363
49086 52362
49123 50901
49174 52291
49197 52270
49258 52219
49285 50718
49306 52166
49313 48544
49355 50647
49364 50641
49366 52127
49367 50658
49383 48463
49392 50644
49394 50594
49433 52060
49501 52006
49542 50424
49566 50409
49574 51962
49580 51943
49589 50373
49592 50360
49612 51923
49614 50330
49615 50331
49616 50366
49624 50324
49643 50289
49649 50321
49650 50320
49655 51914
49759 47864
49780 47846
49781 51795
49821 51775
49826 50166
49827 44373
49839 50142
49843 50205
49845 50111
49847 50119
49864 47758
49872 51747
49886 47716
49892 50110
49893 47709
49898 50022
49912 50084
49917 47649
49924 47675
49925 50129
49929 50074
49950 47617
49957 50028
50024 51683
50054 49924
50101 47371
50131 49774
50142 47489
50143 49755
50201 47245
50222 49911
50227 47421
50230 47273
50231 49656
50248 47414
50257 49673
50259 47369
50265 49904
50280 49627
50282 47347
50299 47353
50309 49582
50310 51439
50319 51421
50326 49599
50330 51414
50331 51413
50345 49834
50399 47202
50408 49657
50435 47167
50440 49572
50453 47115
50454 47146
50489 49488
50587 46875
50593 46902
50595 49532
50698 52502
50711 53335
50726 53317
50731 52461
50750 53296
50818 53838
50823 53242
50850 53208
50858 52341
50901 52293
50944 52260
50950 52243
50967 53137
51006 52151
51025 50665
51026 50664
51039 52111
51045 50642
51050 53082
51064 52122
51126 50520
51133 50510
51163 51991
51191 51960
51197 52975
51201 50401
51207 51961
51218 51944
51321 50241
51326 50199
51332 50194
51342 51822
51346 51828
51363 51804
51377 50130
51390 51791
51391 51773
51406 50088
51445 51752
51466 51660
51494 51672
51540 50024
51551 50012
51554 51636
51556 51637
51587 51677
51604 49930
51630 51504
51637 52676
51656 51503
51668 51496
51669 51497
51684 51424
51691 51624
51699 51472
51706 51419
51715 49821
51718 51602
51719 51601
51726 51394
51780 51352
51820 49714
51917 51423
51925 51391
51931 49584
52036 53853
52063 53232
52065 53226
52070 53821
52116 53198
52131 52295
52179 53781
52190 53774
52213 53131
52214 53130
52219 52169
52221 53755
52226 53121
52245 52144
52257 53724
52261 53078
52262 53722
52301 53699
52333 53004
52355 52996
52373 51954
52380 51968
52382 53625
52434 52931
52448 53574
52486 51831
52488 52880
52500 51764
52535 52822
52536 52821
52545 52799
52554 53485
52583 51689
52615 51610
52626 51652
52627 52678
52640 52665
52660 52762
52679 51419
52693 51532
52697 51590
52725 51515
52729 51520
52740 51493
52743 52652
52751 52606
52821 53318
52828 53308
52834 54212
52836 53301
52845 54211
52850 54205
52893 54171
52924 54143
52958 54121
52999 54094
53000 54093
53014 54084
53015 54085
53046 54069
53051 54066
53069 53640
53127 52920
53156 53559
53175 53529
53190 53532
53192 53995
53239 52795
53259 53428
53260 53427
53333 52656
53340 52612
53384 54437
53385 54436
53398 54431
53410 54422
53438 54398
53441 54148
53456 54382
53459 54381
53473 54373
53498 53697
53523 54341
53559 54309
53568 54029
53570 52916
53584 54007
53601 53536
53614 53530
53621 53964
53697 54580
53729 54552
53747 54533
53748 54534
53780 54512
53783 54511
53784 54510
53799 54503
53810 54038
53820 54487
53842 54479
53882 53942
53919 54667
53943 54658
53945 54551
53955 54643
53956 54642
53993 54337
54005 54315
54028 54590
54083 54711
54093 54704
54102 54620
54117 54680
54236 54777
54243 54775
54244 54774
54245 54773
54261 54791
54262 54755
54263 54700
54269 54687
54312 54745
54328 54861
54329 54860
54332 54855
54334 54850
