3139
76 20249
77 20250
106 2419
111 1033
156 2217
170 2393
185 2265
210 2156
221 20131
227 20181
238 2207
404 20279
484 2628
503 2791
538 2906
593 2557
594 2558
615 20460
625 20717
634 3259
643 2749
725 2228
730 2812
733 2827
747 2869
756 2885
762 20593
763 20594
768 3458
787 2934
793 20643
807 2977
845 2632
894 31018
943 7922
944 7923
959 20927
979 3737
982 3228
992 20701
997 3233
1014 3370
1017 20715
1021 3264
1036 3273
1037 3274
1044 3290
1049 3425
1050 20812
1051 20813
1054 3306
1089 3357
1090 3356
1136 3419
1141 3429
1142 3430
1179 3518
1182 20832
1210 20843
1238 20878
1245 3524
1249 3578
1305 20972
1307 20679
1324 9964
1356 20679
1369 3735
1428 21061
1437 20995
1438 20996
1468 3972
1470 4091
1499 3867
1500 21008
1607 4464
1658 20849
1684 21207
1715 4182
1727 21011
1745 4288
1752 21248
1780 4259
1891 21101
1901 21293
1911 20982
1929 5027
2002 4480
2003 4481
2034 4644
2056 4657
2085 3960
2166 21850
2197 4796
2198 4797
2226 4102
2340 4919
2342 21648
2408 5015
2411 5575
2452 5091
2453 5092
2466 5622
2556 5144
2580 21822
2583 21352
2590 21773
2634 5298
2742 5017
2834 5429
2869 5546
3000 22065
3027 5661
3045 6267
3087 22202
3089 5901
3123 6352
3193 5847
3310 5943
3317 22261
3339 6006
3355 22306
3390 22465
3406 6070
3427 22354
3438 21883
3506 6175
3576 6238
3592 6251
3613 6354
3677 6335
3696 6345
3697 22515
3736 6368
3748 6476
3779 6502
3783 6610
3784 6611
3802 6468
3851 6489
3853 22638
3861 6503
3914 22682
3921 22664
3923 22765
3932 6584
3933 6585
3975 6823
4016 5918
4019 6859
4057 6709
4058 6696
4083 6728
4111 7298
4124 6793
4145 22784
4182 6936
4187 6870
4207 6981
4269 22946
4317 7099
4323 23001
4355 7078
4391 7303
4429 7262
4430 7263
4520 7281
4526 22674
4581 23187
4606 10930
4611 10390
4633 7412
4642 7416
4643 7539
4735 7527
4765 7547
4902 7695
4904 7730
4926 45465
4986 7863
4987 7864
5007 7922
5030 7892
5088 8355
5093 8040
5113 8003
5119 7915
5336 23556
5359 23661
5429 7911
5432 8267
5520 23767
5563 7776
5574 8429
5605 8421
5657 8472
5714 8505
5715 8506
5716 8552
5722 8555
5791 8590
5792 23820
5855 23958
5934 24016
5947 8721
5956 8822
5957 8823
6001 8812
6016 8841
6080 24106
6092 8916
6155 8981
6174 24239
6258 8973
6265 9100
6266 9101
6278 9371
6295 9068
6319 24272
6336 24055
6451 9247
6460 8559
6504 24359
6508 9327
6575 9385
6606 9507
6610 9313
6611 9314
6612 9315
6628 9321
6680 9342
6691 24440
6749 8610
6757 9604
6777 9617
6849 9786
6929 9794
7114 9945
7135 9967
7173 10580
7272 10120
7314 10149
7342 24750
7395 10125
7398 9762
7431 10339
7537 10276
7538 10277
7590 10286
7614 10318
7615 10319
7652 10377
7655 10353
7660 10493
7661 10350
7674 9695
7711 33992
7743 25007
7766 10595
7866 9964
7868 10535
7904 10572
7931 10671
7935 10727
8052 10682
8070 10435
8107 10467
8129 10440
8165 10779
8204 10553
8220 10982
8222 10806
8272 11032
8304 9972
8423 11167
8513 11207
8561 10875
8579 10906
8651 25481
8661 11370
8668 11005
8733 11045
8798 11112
8835 25599
8848 11626
8874 11394
8896 11421
8937 11614
8952 11650
8959 11455
9045 11838
9073 11599
9082 11111
9087 25853
9133 11405
9222 11576
9258 12077
9313 11615
9356 11691
9387 11647
9395 11915
9396 12187
9407 12232
9444 25996
9539 12559
9541 12215
9591 11135
9602 26222
9614 12366
9651 12279
9679 26296
9770 11796
9831 12883
9879 17179
10008 11743
10011 12213
10058 12404
10059 12405
10100 12168
10132 26386
10155 12322
10197 52446
10206 11835
10230 12267
10240 12362
10263 12934
10301 12481
10397 12990
10398 12991
10540 13417
10551 11948
10625 12340
10734 12818
10817 49258
10879 13424
10914 13472
10920 13473
10952 27060
11042 13569
11064 13580
11150 19670
11155 13696
11156 13697
11186 13711
11256 13776
11395 13927
11396 13928
11450 13990
11451 13986
11572 27170
11664 14609
11699 27399
11730 14218
11731 14219
11799 26666
11992 13734
12037 13794
12140 14572
12185 27170
12224 14514
12307 27170
12411 14700
12414 27199
12469 14240
12553 14049
12571 14960
12647 14486
12691 14982
12714 15169
12773 15151
12795 14892
12798 15025
12808 14237
12910 15356
12949 14403
12962 15398
12966 15402
12974 15220
12975 15221
12981 27529
12986 15028
13110 15514
13128 15430
13129 15167
13159 15789
13170 15195
13174 15431
13175 15432
13179 15817
13193 15522
13223 15420
13243 15882
13304 15706
13313 15699
13326 15699
13338 15391
13384 15664
13642 15832
13643 15838
13698 15891
13699 15892
13703 16001
13752 16120
13796 15929
13839 16445
13869 16111
13885 16147
13922 16214
13956 16217
13990 16940
14011 16331
14038 16185
14046 16220
14048 16352
14069 16326
14102 16065
14151 16674
14175 16549
14187 16699
14248 16390
14306 16598
14338 16497
14444 28434
14474 16424
14533 16820
14549 16820
14550 16821
14555 28586
14556 28587
14557 16794
14572 16661
14639 16735
14644 16716
14699 16031
14721 16965
14771 16940
14876 16365
15008 17172
15080 17278
15088 17225
15090 17228
15115 17028
15149 16355
15183 17351
15198 29006
15206 17229
15214 17518
15224 16432
15258 16463
15280 16607
15357 17483
15405 16600
15410 17472
15441 28517
15479 17665
15480 17666
15535 17566
15581 17245
15599 17699
15603 17274
15634 17668
15635 17669
15662 17727
15689 18419
15707 17778
15764 18004
15813 17858
15959 17982
16063 18116
16121 18211
16151 18147
16266 17283
16346 18204
16391 18162
16420 18579
16459 18208
16460 18209
16468 17448
16475 18228
16476 18229
16524 18284
16596 18674
16597 18548
16598 18549
16651 18429
16705 18573
16859 29607
16862 18899
16894 18775
16940 18304
16967 18702
17264 18099
17265 18100
17792 18664
18051 18779
18303 17179
18860 20208
18872 20068
18913 30760
18917 30204
18936 20414
18937 19744
18955 30615
18981 30840
18982 30841
19028 30898
19047 20287
19059 30909
19079 19943
19090 30808
19102 20677
19122 20170
19129 30631
19135 20718
19139 20718
19145 30989
19149 20267
19173 20441
19187 31030
19193 30821
19217 30634
19252 30885
19253 30922
19265 30929
19290 20599
19298 31124
19303 30982
19314 30773
19343 20698
19367 30969
19447 31023
19449 21202
19494 31056
19510 31116
19520 20818
19528 31281
19585 30892
19628 31204
19634 20973
19636 20974
19701 31315
19706 21070
19747 21045
19761 21297
19762 21298
19763 21299
19769 21091
19787 21093
19829 31317
19850 31480
19892 31358
19893 31359
19920 21266
19949 21300
19960 21615
19981 21676
19988 31417
20023 21336
20068 21438
20069 21439
20071 31264
20086 21260
20129 31539
20175 31292
20178 21903
20185 31580
20234 21950
20243 20928
20266 21712
20273 21686
20274 31669
20317 21722
20318 21743
20414 31484
20420 31767
20434 31840
20448 31800
20462 21877
20466 22235
20487 22268
20489 31818
20493 21407
20557 21949
20562 31916
20585 22001
20665 32221
20706 22316
20732 32020
20773 22140
20830 22327
20832 22672
20835 32121
20845 32105
20915 22391
20945 22410
20949 22561
20950 22463
20956 21957
20964 21962
21001 22532
21021 22615
21039 22046
21064 22537
21176 22645
21181 22563
21198 32365
21278 32501
21312 9955
21428 23095
21443 23062
21523 23115
21595 32750
21629 23230
21630 23231
21649 23324
21650 23263
21699 22711
21732 15137
21748 23591
21781 22949
21783 23384
21839 32927
21860 32580
21904 33120
21917 23571
21953 23811
21966 23191
22020 33130
22022 33184
22035 23610
22037 23151
22090 8420
22118 8299
22130 23249
22168 23789
22179 23700
22230 33179
22267 23867
22336 33381
22368 23984
22374 24020
22400 8785
22406 24030
22423 33345
22441 33368
22457 24139
22473 24161
22518 23969
22527 33463
22538 33432
22567 8403
22570 24227
22609 24256
22651 24305
22679 24287
22688 24297
22691 24345
22722 24405
22725 24396
22751 24351
22754 24411
22800 24052
22821 24633
22824 33727
22825 33728
22827 24557
22828 24533
22841 24447
22847 33642
22895 8739
22940 9776
22960 24674
23122 24732
23157 24734
23158 24735
23224 24819
23225 33627
23226 24788
23230 24793
23247 24859
23258 24950
23284 24899
23297 24897
23331 10324
23377 25018
23385 25033
23386 25034
23388 10522
23406 25043
23407 25044
23418 24815
23423 24767
23435 25006
23452 25058
23453 25059
23458 24986
23503 25135
23507 10693
23525 10605
23545 24568
23552 25142
23568 24920
23575 25076
23586 24980
23601 24627
23602 24628
23646 25285
23658 25028
23682 25320
23683 25321
23685 25219
23687 25324
23690 9946
23727 25304
23750 25383
23759 25362
23771 25279
23777 25381
23780 25418
23795 25165
23818 25359
23825 11041
23848 25473
23860 25273
23867 25419
23871 25074
23874 25591
23884 25440
23916 25310
23918 25315
23930 25442
23931 25443
23949 25341
23957 25674
23958 25675
23970 10747
24053 25565
24064 25693
24087 25760
24088 25505
24099 25257
24144 25816
24165 25524
24192 25906
24196 34272
24206 25630
24215 25390
24251 11159
24257 34319
24273 25909
24275 25910
24276 34618
24289 25679
24304 25841
24334 25732
24392 12199
24430 26098
24431 26099
24441 26266
24450 26059
24452 34567
24454 26247
24462 12300
24504 12200
24509 26127
24525 26139
24553 26583
24569 26206
24590 25593
24620 26132
24625 11717
24633 26085
24643 12955
24648 26476
24677 26323
24704 26403
24711 26382
24712 26383
24748 12918
24752 12480
24754 26167
24755 26533
24759 26122
24764 26144
24768 26283
24795 25832
24820 25870
24837 26326
24838 26327
24845 26215
24877 26360
24886 26528
24890 13611
24919 13153
24990 26634
25002 26509
25021 13673
25022 13674
25041 26676
25043 26679
25045 26681
25114 12673
25149 26448
25190 26371
25221 26544
25253 13747
25343 26994
25353 13913
25355 27056
25359 26557
25362 27036
25379 27048
25380 27049
25409 27275
25418 27081
25428 35407
25477 14088
25487 567
25497 26754
25499 27131
25530 14126
25587 27256
25588 27257
25620 27241
25639 14301
25640 14302
25641 27515
25663 13836
25865 35442
25871 27441
25911 27432
25929 14051
25937 14056
25980 14221
26004 27572
26106 27575
26142 14117
26178 27697
26190 27543
26202 27642
26203 27643
26221 15159
26227 15413
26280 27796
26361 27897
26412 28046
26422 27908
26478 15213
26482 27966
26499 15862
26506 27478
26562 28164
26588 16027
26589 16036
26614 28087
26616 28111
26629 15453
26631 15815
26632 14912
26633 14913
26662 15580
26694 15920
26695 15921
26701 28188
26728 15720
26732 16287
26735 28168
26741 15860
26747 16324
26764 27998
26765 15650
26769 15736
26803 28203
26812 28050
26815 28151
26817 28029
26841 16393
26860 16452
26876 27883
26887 16122
26890 27790
26891 27791
26905 16529
26928 16274
26929 16275
26939 16558
26941 36357
26944 15956
26959 15323
26960 15938
26967 28470
26972 28352
26979 16295
26992 28382
26996 28494
27001 28350
27006 28335
27012 16081
27014 16654
27016 16655
27030 16673
27040 28397
27069 28326
27072 16168
27077 28425
27098 16155
27104 28483
27107 28473
27128 28633
27134 16244
27137 16587
27175 16524
27178 28542
27191 16697
27223 28582
27246 28581
27252 16977
27260 28619
27261 28534
27283 16876
27284 16877
27287 28667
27298 28585
27313 28655
27315 28663
27340 16537
27350 28740
27351 28686
27356 16990
27357 17152
27398 16950
27406 28530
27418 16961
27429 16708
27472 17119
27477 17211
27484 17081
27488 28844
27494 28879
27507 17100
27508 17107
27511 28931
27529 17437
27539 28865
27543 17242
27550 17232
27551 28950
27608 28367
27616 28922
27620 28957
27638 28878
27667 28913
27678 17389
27684 29074
27687 28345
27689 28754
27697 17705
27711 17027
27737 29013
27744 17580
27759 28500
27772 17795
27777 16462
27779 17129
27787 17817
27788 17657
27794 16764
27796 29093
27799 29113
27801 29161
27802 17841
27804 17860
27807 16717
27851 17798
27867 29121
27880 17945
27885 17944
27890 17881
27901 17981
27902 29219
27917 29145
27921 28714
27941 17848
28013 29211
28036 28792
28056 28906
28062 28708
28080 17886
28107 18197
28127 18017
28176 17893
28184 28814
28211 29438
28234 18206
28237 29309
28262 29325
28265 18351
28267 18352
28319 29273
28327 29168
28328 29169
28353 17330
28362 18287
28368 18480
28426 29460
28430 29462
28448 29427
28463 29134
28467 18732
28470 18387
28474 18470
28479 29420
28495 29518
28502 18607
28505 18591
28507 18103
28510 18824
28517 37312
28533 18263
28534 29469
28538 29560
28541 18653
28544 29278
28545 29279
28550 29596
28554 18808
28557 18699
28565 29583
28574 18862
28579 18616
28584 18831
28586 29613
28593 18612
28595 29124
28596 29125
28598 18742
28600 18736
28607 18827
28611 29611
28612 29612
28629 29653
28633 29548
28635 29683
28657 29584
28658 29585
28662 29570
28663 29571
28695 29623
28701 29646
28724 37267
28729 29684
28734 29679
28736 29690
28746 29226
28797 29502
28916 18247
29034 18518
29036 29608
29152 29615
29569 23661
29764 30500
29769 30513
29773 30478
29788 30502
29827 30221
29831 38144
29832 38145
29894 30651
29903 30680
29907 38230
29945 38271
29975 30804
29995 30944
29996 30945
30005 38104
30010 31062
30013 38176
30018 38087
30056 38369
30057 38361
30073 31109
30080 38092
30096 31018
30099 38125
30100 31126
30101 31127
30105 38102
30134 38266
30135 38267
30198 38321
30208 31039
30212 30884
30214 31081
30222 31091
30235 31128
30241 31085
30255 31096
30269 20166
30278 30892
30314 38631
30335 31179
30347 31038
30356 38452
30357 38451
30361 31397
30371 38457
30386 31324
30411 38558
30412 38559
30436 31111
30442 31351
30446 31138
30449 38523
30456 38552
30521 38591
30560 38623
30633 38494
30639 38713
30685 31343
30689 31640
30701 38729
30720 38751
30721 38752
30725 31627
30749 31663
30750 31665
30774 31703
30775 31704
30798 31720
30815 31742
30837 31786
30852 31769
30875 31834
30879 31805
30880 38881
30896 31502
30911 31944
30933 32145
30949 31901
30981 31987
30998 38961
31019 32073
31021 32013
31026 31995
31037 32065
31041 39144
31068 32052
31102 32093
31107 32112
31110 32109
31116 38826
31139 39071
31148 32143
31192 32440
31231 32204
31263 32213
31264 32502
31286 39127
31292 22595
31300 32251
31302 39189
31340 39183
31367 32004
31391 39169
31429 39225
31432 32449
31474 32381
31502 32446
31512 39270
31580 39349
31586 32646
31608 39163
31612 32657
31623 32612
31632 39361
31655 32699
31684 32487
31837 32973
31848 39606
31862 23075
31968 32810
31972 33040
31998 32819
32023 23342
32052 33007
32091 32931
32108 32948
32123 33201
32128 33206
32140 33218
32262 33334
32275 33373
32279 33355
32310 33430
32315 33443
32335 33436
32357 33456
32376 39730
32395 24229
32413 33539
32453 33571
32458 33575
32503 39980
32508 39906
32512 33451
32529 33684
32574 33691
32576 33726
32577 33268
32584 33384
32645 33770
32648 33804
32650 33799
32672 33472
32673 33809
32693 33803
32708 33836
32709 33837
32715 40126
32720 33808
32742 33656
32750 33535
32780 33880
32790 33743
32793 24753
32803 33907
32833 33951
32869 33916
32871 33935
32885 49645
32972 33989
32973 33990
33009 34026
33070 33956
33073 33854
33081 34144
33120 34018
33143 34182
33145 34183
33168 34169
33178 34053
33182 34106
33215 34213
33256 25418
33259 25145
33275 34202
33277 25407
33282 34306
33327 25230
33331 40220
33338 25271
33339 25272
33360 25614
33361 25615
33362 25616
33398 34316
33399 34350
33403 34019
33438 34296
33450 34295
33492 25761
33497 34171
33502 34414
33514 34397
33533 34532
33538 34369
33598 25633
33607 25928
33608 25929
33639 51227
33684 34696
33710 34680
33714 34745
33742 34541
33767 34873
33785 34894
33791 34807
33827 34644
33839 34829
33895 35028
33917 34717
33969 34775
33973 26244
33974 26596
33979 35093
33981 34539
33982 34540
34016 34527
34031 26172
34041 26638
34049 34914
34063 35240
34086 13810
34087 13809
34102 35070
34111 26302
34122 34767
34147 41067
34149 35315
34165 40750
34186 34839
34198 26707
34258 35409
34275 35052
34285 26721
34294 35371
34295 27076
34298 27068
34299 35260
34343 35468
34362 35298
34371 35316
34432 35355
34456 27101
34465 35401
34466 35432
34521 27164
34557 35704
34569 40991
34589 35603
34622 35541
34656 27369
34682 35550
34732 35413
34746 35613
34761 35415
34766 41262
34857 35689
34858 35690
34863 14253
34867 35712
34903 35748
34975 27661
34984 35783
34995 35774
35017 35529
35021 27675
35046 35957
35063 35698
35068 35971
35082 35868
35083 35903
35107 27706
35116 35924
35125 28046
35164 35928
35174 41663
35208 27839
35224 27513
35237 28049
35243 28165
35246 27830
35247 27831
35253 35993
35287 35732
35310 35979
35324 35844
35331 35849
35333 27927
35358 27987
35366 35891
35379 28012
35380 28013
35412 36156
35419 28073
35424 36335
35429 28095
35430 36302
35432 28094
35435 28402
35451 36191
35458 28296
35462 36327
35463 36328
35464 35982
35491 28488
35497 36371
35498 28354
35500 36384
35506 36345
35511 28340
35544 36429
35568 36488
35572 28381
35579 28617
35584 28624
35585 36107
35589 36510
35596 28291
35598 28414
35606 28676
35613 28311
35623 36352
35659 36518
35671 36399
35688 36514
35689 36515
35692 36266
35710 28607
35751 28675
35753 36673
35759 36648
35762 36612
35767 28691
35780 28725
35789 36643
35798 36689
35802 36672
35804 36671
35806 36697
35807 36698
35814 36678
35820 28748
35839 36724
35842 28720
35855 28901
35858 36740
35860 36232
35866 28791
35870 36742
35873 36786
35876 36833
35882 36719
35887 28836
35889 28831
35902 36850
35904 36749
35918 36785
35938 28927
35944 36675
35945 36845
35948 36806
35953 28889
35976 29036
35977 36888
36007 28754
36025 36904
36028 28803
36059 37032
36097 29156
36133 36778
36134 36987
36135 36988
36182 36708
36204 36726
36205 29145
36221 29237
36223 36662
36282 37078
36322 29248
36325 37205
36329 37057
36349 29274
36371 37201
36383 29376
36386 37198
36387 37199
36396 37235
36418 29383
36432 29329
36433 37302
36443 29168
36444 29169
36449 37295
36454 29485
36461 29486
36463 29480
36468 37253
36480 29351
36520 18687
36528 37361
36547 37286
36571 37311
36583 37426
36584 29539
36591 29537
36594 29515
36602 29628
36603 37433
36647 37403
36673 37066
36676 29625
36677 29626
36771 37346
36906 37322
37396 42933
37411 42946
37413 42978
37415 38126
37436 43004
37438 43077
37448 38097
37453 38057
37455 43009
37463 43045
37465 42937
37473 38081
37480 38013
37499 38254
37500 43095
37504 43140
37515 43148
37532 43079
37537 38104
37544 43096
37579 43026
37600 38241
37614 38421
37615 43141
37619 43177
37621 38285
37633 38443
37638 38292
37643 43189
37644 43160
37645 38288
37646 38450
37651 38459
37678 31148
37682 38226
37690 43205
37697 43242
37698 38244
37714 43232
37718 38419
37719 43287
37724 43138
37735 38631
37744 43282
37745 43283
37747 43434
37751 38458
37768 43318
37779 38598
37790 38701
37794 38512
37799 38411
37808 38481
37809 43337
37813 43426
37818 38429
37819 38430
37823 43343
37834 43369
37840 38557
37842 43221
37876 43393
37879 38612
37885 38565
37886 38566
37887 38426
37907 38622
37934 38683
37936 38688
37937 38689
37941 38687
37970 38494
37979 38507
37980 38508
38005 43482
38007 38772
38012 43603
38054 38778
38073 38799
38107 38843
38123 38913
38127 38873
38164 38904
38169 43638
38211 38940
38233 38968
38236 38961
38261 43717
38268 39003
38270 39026
38335 38867
38336 38868
38356 39065
38372 39148
38434 39176
38440 43831
38451 39186
38458 39170
38462 43877
38467 39159
38487 43854
38551 39275
38579 43971
38584 39373
38600 39367
38621 44028
38626 44004
38651 39400
38654 39420
38663 39382
38682 39428
38692 39609
38700 39419
38704 44129
38708 39487
38716 44072
38761 39536
38770 39564
38778 39545
38800 39331
38807 39385
38829 39395
38830 39403
38840 39398
38853 39717
38859 39429
38941 39732
38960 39767
38968 44218
39004 44153
39009 39816
39046 44338
39067 39853
39071 39883
39089 39898
39091 39876
39101 39913
39106 39714
39121 39825
39122 39826
39142 39940
39192 40011
39198 39971
39221 40027
39245 40074
39247 40022
39249 40072
39269 44358
39281 39824
39289 39888
39290 39889
39301 40091
39302 40092
39327 40167
39366 40182
39403 40104
39404 44573
39415 44578
39424 40042
39464 44593
39468 40165
39482 40326
39488 40295
39493 40330
39496 40180
39504 40303
39518 40290
39531 40222
39562 40253
39563 40318
39570 40343
39571 33741
39575 44685
39581 44692
39585 40102
39586 40101
39593 40270
39596 40384
39604 44697
39614 44601
39615 40387
39616 40282
39626 40297
39636 40410
39637 40307
39642 40315
39675 34177
39688 40424
39693 33847
39736 40494
39760 40428
39795 40528
39796 44845
39818 40533
39819 40534
39832 40593
39844 40606
39850 40579
39859 40553
39860 40554
39869 40620
39870 40348
39895 40655
39896 40365
39903 34263
39904 34264
39905 44879
39922 40551
39936 40688
39955 34590
39971 40578
39994 40613
39995 40614
40013 40741
40016 40810
40039 34601
40050 40782
40066 40682
40090 40565
40091 40828
40102 40825
40120 40851
40124 40832
40126 40846
40127 40847
40133 40921
40134 40922
40156 40635
40159 40865
40183 40893
40184 40897
40185 40898
40237 40834
40246 40701
40247 34969
40269 34922
40275 40969
40309 40817
40356 41168
40376 41080
40380 45163
40381 41087
40415 35316
40436 41146
40437 41169
40446 41163
40447 41164
40477 41185
40479 41199
40521 41248
40524 41066
40536 41299
40538 40991
40542 41244
40565 35546
40589 41270
40603 41213
40638 35613
40651 35415
40670 45456
40674 41268
40684 41343
40685 41344
40686 41321
40714 35351
40747 35803
40759 41175
40765 41400
40813 35894
40829 41233
40839 41439
40851 41507
40852 41420
40867 35822
40868 35823
40871 41433
40872 41434
40874 41470
40888 41495
40899 35903
40902 35860
40907 41494
40911 45686
40924 35883
40928 41320
40948 41517
40951 41536
40955 41565
40956 41566
40963 41477
40978 36119
40982 41523
41012 41552
41013 41553
41025 36098
41044 35788
41088 36342
41094 41789
41100 41788
41101 41671
41105 36373
41106 41715
41110 41628
41120 41695
41125 41611
41138 41648
41139 36249
41147 41708
41148 41709
41149 41710
41157 36294
41162 41737
41167 41746
41168 41684
41170 36478
41174 41744
41176 41786
41177 41787
41185 41689
41186 41690
41193 36431
41198 41777
41201 36384
41202 36332
41211 41901
41213 36533
41220 36411
41233 36480
41239 36569
41245 36568
41252 41656
41253 41657
41258 36075
41263 41750
41276 41596
41289 41830
41301 45843
41308 41865
41310 41791
41320 41918
41328 41895
41339 36518
41340 36596
41350 41925
41351 36682
41355 36563
41357 41893
41369 41669
41394 42044
41404 41727
41413 36646
41425 41754
41431 41984
41438 42019
41441 42008
41444 42021
41466 42047
41470 42042
41478 36387
41484 42052
41495 42074
41502 36661
41510 36907
41512 36914
41513 42146
41514 42147
41544 42099
41547 36906
41583 41881
41610 36791
41615 36917
41621 42247
41629 42178
41641 42202
41672 37043
41674 42282
41685 36993
41687 29185
41701 42215
41705 42239
41731 42076
41732 42077
41736 42311
41809 42357
41810 42358
41818 42308
41835 37166
41837 37168
41838 37202
41839 37265
41871 37319
41872 37320
41874 37357
41910 37321
41912 42427
41913 42494
41923 42458
41925 42463
41927 37289
41936 37303
41938 37305
41955 42371
41985 42244
42020 42303
42028 42402
42064 37189
42082 37204
42101 42384
42483 42941
42487 46711
42496 46721
42508 42972
42517 37959
42543 42928
42549 43082
42561 43069
42567 38196
42576 38047
42577 38177
42578 38178
42588 43093
42603 46753
42613 43060
42618 43046
42623 46778
42648 43286
42653 43174
42654 46717
42657 46806
42663 46767
42699 46883
42720 43366
42721 43367
42723 43309
42726 43259
42729 43300
42730 43298
42741 43303
42743 43319
42744 43320
42750 46861
42772 38410
42780 46894
42786 43213
42805 43348
42818 43464
42820 43311
42823 43278
42824 46858
42833 46836
42848 43484
42853 43383
42879 43346
42896 47083
42898 47020
42901 43525
42909 47003
42912 43354
42936 43544
42937 47024
42951 43575
42962 43428
42968 43650
42971 47152
42976 43651
42977 43652
42983 47076
42985 43607
42998 47081
42999 47082
43007 43634
43022 47103
43043 47123
43051 47122
43052 43698
43060 43699
43064 47135
43065 47012
43092 43786
43096 43578
43101 47168
43130 43780
43138 47213
43139 43793
43156 43805
43159 47232
43164 43270
43173 47108
43180 43874
43181 43875
43194 43839
43208 43705
43209 43838
43221 43714
43226 43934
43232 43905
43233 43906
43260 47322
43282 43957
43290 47336
43320 44105
43321 44027
43362 44089
43363 44090
43409 44132
43425 44167
43461 44187
43468 44191
43469 44192
43494 44265
43512 39764
43524 47503
43535 47514
43543 44138
43548 44260
43553 39805
43561 47442
43562 44144
43592 44247
43593 44248
43594 44246
43614 44331
43619 44319
43623 44346
43624 44347
43627 44353
43628 44348
43647 44364
43652 47613
43654 44371
43664 44409
43672 44314
43683 44407
43684 47626
43685 44431
43689 44395
43690 44396
43715 44410
43737 44470
43793 44508
43803 44509
43807 44528
43823 44540
43830 44566
43837 44416
43838 44570
43845 44591
43851 44705
43872 44610
43881 44599
43897 44621
43909 44538
43910 44646
43924 44635
43932 44564
43933 44565
43934 47822
43935 47823
43943 44563
43944 44634
43949 44676
43961 44711
43971 44608
43980 44675
43985 44627
43991 44629
43992 44630
43996 44742
43998 47810
44008 44795
44017 44754
44026 44751
44045 44698
44067 44723
44077 44783
44081 44815
44086 44799
44087 44657
44095 44859
44097 47958
44099 44592
44117 40506
44118 44870
44136 44829
44141 40496
44150 44894
44155 44757
44166 44866
44167 44929
44173 44869
44177 44788
44181 44876
44195 44950
44203 44956
44213 40630
44224 44912
44242 44898
44247 40622
44264 45028
44277 44985
44288 40836
44293 44993
44296 45085
44359 45105
44381 45158
44389 40830
44390 40799
44412 45094
44417 44972
44421 40913
44432 40862
44446 45103
44486 41025
44499 45244
44500 45245
44517 45156
44524 40872
44529 45238
44568 41229
44591 45327
44622 45359
44640 45414
44641 45309
44652 45321
44662 41076
44710 45439
44730 41182
44731 41183
44747 48402
44753 45467
44776 45425
44780 45477
44802 45410
44816 45557
44817 45558
44826 45516
44829 45516
44841 45526
44868 45542
44875 45582
44881 45544
44902 41474
44903 41475
44904 41478
44922 45543
44923 45624
44932 41468
44943 45574
44948 41520
44950 45634
44955 45702
44956 45668
44961 45597
44967 45717
44975 41567
44977 41691
44980 45671
44983 45636
44986 41696
44995 45656
45010 45764
45012 45693
45017 45657
45026 45746
45029 41658
45031 45711
45037 45785
45039 41794
45040 41795
45057 45762
45059 45594
45061 45760
45062 45761
45069 45750
45077 45561
45078 45601
45079 45759
45080 45769
45081 45778
45083 41849
45085 45777
45091 45838
45092 41790
45096 41807
45102 45643
45105 45800
45107 41771
45108 41902
45109 41903
45110 41904
45112 45808
45114 45755
45123 41831
45124 45786
45131 41832
45145 45772
45148 45823
45149 41747
45153 45826
45160 45783
45167 45841
45169 45908
45194 45890
45201 41907
45205 42014
45208 42018
45225 41992
45242 42046
45253 41949
45254 45910
45280 45925
45282 45924
45290 45944
45293 45963
45301 48807
45309 45956
45315 45852
45317 45983
45318 45984
45322 42128
45323 45972
45325 42131
45327 41968
45329 42141
45349 42105
45350 45992
45356 42167
45370 42149
45381 42150
45382 46011
45390 46032
45393 46061
45426 42191
45433 46067
45453 37093
45455 42265
45456 42266
45466 42287
45478 42326
45480 42271
45500 46142
45515 42031
45522 46132
45525 46158
45527 42273
45528 42274
45535 46171
45539 42340
45552 42275
45557 42351
45565 42307
45580 42414
45588 46078
45599 42440
45601 42360
45610 46242
45615 46229
45617 42461
45618 42462
45628 42478
45632 42389
45637 46248
45642 42442
45644 42379
45645 46033
45647 46153
45650 42492
45655 42485
45663 46058
45667 42324
45672 46271
45676 46312
45678 42501
45690 46297
45702 42359
45704 42488
45707 42497
45716 46301
45763 46173
45777 46190
45857 42469
45875 42460
46110 46611
46119 49312
46120 49308
46139 46672
46140 46673
46143 49317
46159 49292
46160 46632
46170 49291
46176 46727
46201 49322
46208 46824
46211 46709
46246 49359
46250 49382
46273 49381
46277 46850
46279 46851
46287 46830
46289 46779
46305 46862
46314 49450
46316 46852
46317 46885
46318 46886
46348 46962
46357 46867
46366 46912
46373 46921
46424 46990
46425 46991
46473 49512
46485 47049
46505 47052
46523 49554
46538 49566
46539 47181
46560 49581
46564 47129
46571 47150
46588 47041
46597 47159
46598 47160
46610 47169
46613 47161
46614 47162
46641 47182
46644 47220
46656 47245
46667 47249
46686 47253
46688 49691
46691 47247
46699 47158
46701 47290
46722 47322
46732 47299
46739 47338
46751 49715
46771 49756
46779 47372
46780 49749
46791 47380
46816 47293
46821 44006
46829 49836
46849 47433
46850 47342
46861 47441
46868 47369
46881 47457
46892 47465
46893 47466
46909 47390
46936 47472
46939 47505
46940 47506
46949 47528
46959 47439
46978 47561
46986 47557
47009 47609
47012 47512
47014 47606
47036 47625
47037 47571
47052 47624
47075 47538
47078 47657
47082 47672
47092 44435
47111 47686
47117 47596
47140 47664
47146 47728
47150 47737
47153 44540
47186 47798
47190 47779
47197 47809
47202 44567
47216 47808
47258 47852
47278 47869
47283 44482
47288 47859
47300 47893
47309 47718
47310 47719
47315 47922
47346 47914
47347 47915
47351 44664
47352 44665
47367 47942
47368 47943
47384 47987
47387 9964
47388 47965
47398 47977
47400 47957
47415 44922
47441 47905
47459 44988
47461 50151
47474 48132
47475 48087
47491 48150
47517 48148
47519 50128
47564 50259
47567 48117
47589 48131
47614 48174
47620 48227
47621 48228
47629 48161
47634 48242
47635 48243
47641 45203
47642 48176
47654 48272
47660 48190
47686 48288
47690 45144
47716 48372
47727 48322
47739 48339
47746 45352
47778 48364
47779 45249
47792 48384
47794 48318
47818 48397
47819 48398
47836 48418
47845 45343
47849 45383
47850 45384
47868 45517
47875 48456
47877 48466
47886 48455
47894 48503
47898 48510
47905 48464
47906 48465
47915 48519
47927 48508
47946 48603
47947 45563
47950 48414
47959 48425
47969 48589
47972 48438
47976 45616
47978 48523
47979 48630
47983 48629
47993 45660
48004 48540
48011 45665
48012 45666
48018 45658
48019 48628
48020 48620
48028 45629
48036 45662
48037 48604
48043 48667
48055 48486
48056 41672
48061 45716
48089 45820
48092 45797
48095 48662
48097 48684
48101 48727
48105 48696
48106 48674
48109 48637
48111 48674
48122 48646
48138 48724
48152 45849
48155 45782
48158 48711
48178 48751
48179 48752
48185 48745
48190 45819
48205 45920
48210 48763
48214 48741
48219 45930
48234 48750
48243 48755
48246 45959
48247 46000
48254 45997
48265 45907
48283 48840
48294 48885
48304 46021
48305 46022
48308 46080
48315 46083
48320 45845
48331 42065
48347 46088
48348 46089
48355 46113
48356 45905
48367 48812
48387 46121
48400 46146
48401 46147
48403 48841
48418 48923
48425 48961
48433 48878
48439 46205
48445 48956
48449 46189
48457 46230
48467 48975
48469 46220
48472 46231
48473 48912
48474 46249
48479 46235
48481 48842
48483 46233
48485 48998
48492 49000
48500 46269
48505 48941
48506 46263
48524 46282
48530 48905
48537 48971
48592 49004
48596 49013
48620 48993
48630 49003
48645 49001
48651 49010
48847 49241
48852 49222
48853 49223
48855 49258
48858 49301
48873 51058
48875 49280
48876 49281
48903 49306
48907 51070
48908 49316
48913 51105
48918 51087
48921 51114
48924 51089
48932 49314
48933 51123
48935 51119
48938 49310
48939 49345
48940 51120
48950 51108
48957 51135
48966 51111
48970 51116
48982 49417
48988 49388
48989 49455
48993 49363
48994 49423
49014 49383
49015 49375
49025 49392
49047 49473
49070 49504
49073 49520
49078 49521
49094 51225
49104 51228
49111 49549
49114 49465
49123 49628
49139 49572
49162 49626
49166 49614
49172 51273
49201 49638
49205 49644
49206 49645
49219 49683
49220 49684
49226 49670
49249 49707
49261 49730
49288 49747
49298 51360
49303 49766
49306 49772
49307 49774
49322 49788
49328 49792
49333 51398
49335 49808
49346 49821
49347 49822
49371 49843
49376 47390
49381 49854
49382 51391
49385 49871
49388 49874
49410 47439
49413 49887
49447 49903
49458 49909
49479 49883
49494 49955
49500 51518
49508 47586
49543 49924
49554 50000
49559 47798
49569 50020
49576 50025
49591 50024
49639 50063
49645 50117
49663 50139
49679 47919
49680 50034
49687 50172
49708 50184
49714 50185
49730 50163
49731 50221
49736 48127
49749 50189
49751 50134
49760 50268
49789 50273
49793 50177
49803 50288
49804 50289
49807 50244
49814 48161
49828 48158
49836 48181
49857 50335
49882 48246
49907 50343
49908 50344
49931 50395
49939 50416
49943 50390
49968 48429
49987 48374
49988 48375
50028 50528
50032 48392
50056 50428
50066 50521
50073 50532
50124 48481
50135 50607
50137 48705
50140 50499
50150 50512
50165 50633
50169 48744
50171 50533
50173 50654
50175 48757
50180 50610
50184 50664
50186 50663
50208 50703
50215 48821
50217 50688
50229 48804
50231 48764
50245 48828
50258 48881
50267 48787
50271 48903
50275 48892
50282 48931
50310 48929
50315 50718
50320 50732
50322 50832
50324 50695
50329 50749
50338 50762
50339 50763
50340 50764
50341 50765
50348 49005
50351 50776
50352 50777
50360 50795
50361 50796
50363 50792
50368 50804
50384 50766
50390 48967
50391 48968
50419 50848
50432 50860
50458 50856
50459 50857
50636 51048
50637 51019
50642 52280
50650 51039
50662 52276
50673 52310
50687 52306
50696 52319
50708 51122
50710 46946
50734 51137
50743 51196
50753 52375
50765 51232
50770 52383
50779 52387
50780 52388
50786 52394
50789 51238
50801 51249
50807 52432
50812 51265
50821 51290
50823 51236
50827 51297
50833 51248
50863 51320
50872 51329
50903 51382
50917 51398
50946 49780
50947 49781
50949 51381
50974 51447
50986 49827
51031 51507
51037 51508
51069 51527
51091 49914
51099 52620
51106 49929
51122 51566
51123 51567
51133 51573
51145 52624
51146 51534
51149 51525
51170 51596
51181 51555
51205 50104
51215 51648
51222 51641
51226 51650
51250 51682
51255 50167
51258 52695
51265 50120
51271 51727
51272 51728
51274 51673
51280 51680
51281 51689
51314 51777
51318 51717
51319 51741
51321 51713
51333 51786
51335 51763
51352 51730
51356 51811
51361 51818
51370 50360
51384 50373
51385 50374
51399 51801
51400 51802
51405 52775
51408 50404
51409 50405
51417 52777
51431 51863
51441 51834
51448 51874
51479 50478
51482 51937
51484 51942
51489 51928
51492 51946
51501 51927
51504 51932
51505 50542
51506 50570
51521 50529
51522 51958
51523 51959
51524 50579
51537 50597
51538 50604
51539 51904
51540 51907
51547 50613
51550 51964
51551 51965
51553 51963
51554 51918
51558 51968
51559 50587
51563 51980
51565 50627
51580 50648
51581 50649
51584 51941
51585 50636
51586 50609
51590 52000
51593 51983
51594 51984
51599 52011
51605 51996
51608 51999
51613 52034
51621 52046
51629 50622
51632 50743
51633 50715
51651 50769
51663 50669
51671 52072
51676 50782
51677 50783
51678 50786
51687 52103
51688 52086
51701 52087
51702 52100
51703 50821
51704 50822
51708 50841
51716 50815
51717 52068
51718 52069
51720 52117
51726 52075
51728 50854
51755 50866
51756 50867
51759 52105
51761 52109
51762 52110
51767 50794
51773 52115
51792 50831
51922 52259
51925 52258
51927 52268
51933 53081
51935 52272
51941 52307
51942 52308
51966 52315
51974 52323
51982 53091
52001 52371
52007 52380
52019 52390
52021 52368
52024 53150
52027 52429
52028 53140
52044 53152
52068 53141
52094 52472
52101 52463
52104 52470
52107 52483
52109 52486
52116 52505
52119 52469
52128 52528
52135 52521
52141 52495
52145 52522
52164 52552
52165 52550
52174 52527
52181 52535
52203 52583
52218 52570
52221 52611
52234 52582
52236 52584
52254 52624
52257 52623
52282 52642
52293 52687
52300 52701
52302 52703
52309 52683
52338 52672
52343 52681
52348 52713
52354 52739
52357 51694
52361 52692
52364 52723
52369 51773
52370 52741
52377 51732
52378 51739
52379 51740
52383 52747
52388 52753
52397 51813
52398 52784
52414 52808
52425 51810
52429 52780
52435 52767
52455 51880
52460 52820
52461 52819
52475 51940
52481 52849
52486 52885
52493 51944
52504 52878
52511 51939
52517 52900
52520 52006
52523 51973
52524 51974
52525 52916
52526 52908
52527 52909
52533 51987
52534 52009
52538 52921
52544 52887
52547 52926
52549 52929
52550 52036
52559 52035
52562 52934
52579 51982
52591 52943
52599 52010
52606 52093
52610 52095
52612 52061
52633 52120
52645 52988
52655 52972
52735 53059
52758 53581
52821 53169
52824 53171
52834 53638
52838 53205
52841 53640
52845 53203
52846 53207
52853 53208
52855 53657
52859 53660
52873 53257
52887 53269
52890 52570
52920 53303
52921 53310
52937 25443
52946 53331
52950 53711
52951 53712
52992 53343
53022 52771
53038 53384
53054 52824
53064 52875
53073 52861
53078 53429
53085 53437
53089 53450
53092 53454
53094 52888
53095 53455
53100 52900
53101 52897
53105 53445
53106 53421
53113 52921
53117 52887
53120 53472
53121 53473
53124 53480
53132 52944
53136 53487
53137 53488
53138 52961
53145 52964
53148 52978
53160 53490
53165 53512
53168 53497
53229 53566
53235 53575
53238 53583
53239 53584
53243 53596
53246 53887
53249 53595
53278 53619
53282 53168
53305 53646
53306 53227
53313 53666
53331 53690
53335 53672
53336 53697
53337 53698
53338 53699
53345 53703
53346 53704
53363 53726
53366 53716
53405 53348
53408 53760
53413 53758
53418 53761
53439 53785
53475 53822
53481 53498
53492 53821
53550 54076
53551 53883
53556 53886
53562 53903
53568 53911
53590 53925
53594 53933
53602 53940
53603 54124
53604 54125
53609 53655
53610 53656
53614 54136
53625 53968
53626 53969
53629 53718
53635 53973
53639 53977
53640 53978
53642 53987
53660 53998
53676 54009
53679 53781
53692 54022
53697 54032
53699 54030
53701 54034
53703 53809
53706 54037
53707 53816
53709 53819
53710 53818
53711 54043
53712 53823
53714 54048
53716 53832
53768 54224
53785 54093
53790 54260
53797 54107
53799 54112
53800 54113
53801 54110
53809 54127
53815 54120
53816 53943
53836 53978
53847 54160
53857 54175
53859 54176
53864 54025
53867 54028
53870 54034
53873 54042
53875 54208
53902 54231
53907 54356
53912 54244
53914 54258
53915 54259
53918 54261
53924 54273
53933 54278
53934 54282
53943 54293
53958 54312
53961 54316
53962 54317
53969 54322
53974 54335
53975 54339
53976 54336
54000 54356
54014 54366
54015 54367
54019 54372
54024 54373
54026 54376
54027 54285
54030 54289
54032 54379
54038 54388
54044 54329
54046 54330
54048 54397
54051 54400
54068 54421
54079 54434
54082 54436
54086 54439
54087 54440
54109 54464
54112 54470
54117 54476
54122 54478
54128 54481
54138 54490
54141 54492
54143 54493
54155 54507
54158 54510
54173 54528
54174 54525
54176 54528
