1434
80 18532
147 18518
210 18523
298 29701
341 18458
789 29393
992 29268
1017 29261
1050 17656
1071 17386
1139 17194
1189 17592
1238 29119
1271 17239
1303 24768
1323 8086
1341 28744
1342 28743
1359 17129
1715 16798
1805 16709
1842 16341
1929 16427
2027 28362
2095 28327
2404 28266
2544 15805
2909 36265
2973 15283
3308 13770
3506 15161
3522 27481
3640 15044
3736 14957
3760 27326
3817 14199
3818 14198
3861 14425
3895 27164
3921 14760
3933 14746
3989 26981
4203 13657
4210 27078
4258 2260
4358 13693
4370 14031
4538 13785
4583 35498
4613 13622
4638 26706
4946 26556
4953 26436
4986 12806
5066 17149
5093 12799
5120 26642
5142 26324
5226 26236
5354 12884
5576 26027
5579 13367
5582 12758
5663 25965
5696 12519
5712 11850
5796 25876
5849 12466
5856 12381
5935 12301
6030 12184
6160 34618
6549 11840
6668 25457
6691 12151
6821 11461
6894 25266
6941 25408
6942 25407
7081 11392
7129 25286
7301 25080
7495 10738
7711 10530
7743 10505
7764 11178
7766 25021
7795 10086
7867 8086
7919 33010
7982 24919
8031 11090
8032 11089
8070 24686
8126 24645
8236 9652
8266 24701
8300 29153
8570 24401
8609 396
8806 8610
8860 9282
8882 24171
9022 24042
9073 8915
9104 8334
9157 23964
9181 46662
9199 23900
9260 24063
9297 9645
9382 27266
9437 9200
9575 9446
9818 8217
9859 9317
9932 9258
9995 8065
10011 23482
10163 8564
10170 23310
10171 23311
10212 23356
10245 23336
10355 27078
10360 7226
10492 8719
10523 6590
10592 23064
10606 23048
10609 22949
10734 23143
10738 22945
10768 22926
10780 8719
10804 8407
10888 22867
10914 7514
10925 8759
11254 7210
11292 7179
11293 7178
11431 13131
11610 7297
11611 7296
11658 22242
11708 6885
11875 6412
12036 31945
12234 21761
12306 7337
12344 7296
12414 21644
12647 3985
12672 5623
12692 21654
12710 4984
12714 7056
12750 21430
12901 3987
13085 21869
13086 21868
13158 4423
13159 5151
13184 4548
13191 4375
13221 3447
13268 21149
13323 21116
13361 3300
13363 5057
13389 20974
13390 3214
13402 5011
13403 5010
13552 2922
13621 4709
13643 4201
13644 4202
13665 4179
13699 4172
13705 20850
13712 4160
13713 4159
13922 5286
13949 3617
13995 5227
14052 20766
14277 3275
14284 2225
14639 5561
14644 5429
14924 2739
14957 5311
14994 3721
15008 4685
15011 1938
15211 1370
15303 4507
15309 1247
15402 4405
15480 3030
15546 2106
15569 982
15570 981
15650 1890
15707 4077
15959 3866
16175 1887
16272 3420
16288 3389
16586 2497
16862 1912
16963 1929
17195 19498
18160 1783
18199 693
18331 723
18901 37697
18907 37513
18917 37493
18935 37669
18955 29719
18982 29616
19065 29362
19106 29488
19149 29440
19194 37420
19279 37242
19367 37273
19377 37216
19447 29232
19521 36996
19545 37144
19548 29082
19634 29203
19706 28958
19737 28912
19762 28858
19769 37002
19781 28874
19890 36809
19891 36808
19892 28775
19932 36710
19996 36683
20002 36679
20091 28746
20159 36566
20230 28202
20364 28448
20420 28175
20590 36291
20666 36219
21001 27386
21107 35802
21112 27675
21179 35701
21196 35806
21232 35762
21268 35753
21445 35540
21457 27016
21486 14019
21657 14077
21758 27103
21823 26815
21874 26810
21917 35290
21936 26359
21956 35233
21976 35113
22136 26234
22189 34995
22400 26224
22459 26156
22575 12542
22588 12750
22666 25916
22679 25909
22739 11904
22751 25875
22800 34520
22809 12404
22828 34645
22839 12293
22841 25718
22852 25604
23080 26000
23100 10999
23107 34246
23194 34331
23284 11331
23308 34219
23326 34771
23385 10747
23386 10746
23406 10730
23407 10729
23427 34109
23458 25105
23503 24974
23556 25580
23557 25579
23602 33912
23716 33858
23769 33830
23771 24816
23818 24590
23824 4254
23861 9491
23874 9461
23899 24706
23915 33688
23923 24460
23927 25270
23934 10525
23957 24596
23958 24597
24017 33587
24087 9728
24118 33647
24144 9651
24147 33477
24166 33617
24188 33439
24192 24344
24214 33415
24215 33416
24251 33375
24289 33386
24313 33377
24432 24150
24510 24319
24667 33014
24717 24408
24731 32941
24755 24379
24768 23602
24845 33030
24888 32868
24890 24072
25019 32632
25031 22795
25078 32587
25131 23392
25320 32400
25602 23814
25624 32086
25639 7030
25640 7029
25801 31993
25942 31887
25972 31826
25980 21696
26038 31760
26071 31732
26121 22523
26142 21498
26202 22457
26203 22456
26312 22064
26478 21755
26495 21774
26497 21901
26498 21902
26506 31457
26583 4420
26710 5547
26739 31293
26774 31645
26841 21893
26887 22729
26955 21850
26966 4300
26967 21792
26985 5938
27072 21248
27092 22536
27302 22351
27311 4158
27387 5035
27543 5165
27563 4244
27564 4243
27683 21209
27684 3554
27782 4713
27796 20599
27797 20598
27902 20976
27991 21442
28056 30409
28184 30267
28189 31685
28300 19439
28303 3738
28332 3710
28543 21072
28554 1800
28634 20903
28656 20072
28732 2965
28957 20834
28974 2940
29064 20806
29104 2626
29115 20773
29157 20481
29206 20447
29318 19653
29331 952
29332 1783
29366 19633
29396 19658
29435 789
29450 19543
29484 19516
29490 1345
29491 1344
29498 2166
29529 572
29585 1633
29621 19901
29681 1623
29756 37681
29764 37733
29771 43088
29827 42905
29892 30078
29895 42985
29908 37521
29916 42831
29922 42892
29928 37527
29965 37473
30040 42763
30080 42735
30101 37278
30105 42712
30184 42728
30198 42719
30204 42628
30254 42673
30277 42632
30280 37081
30286 46642
30291 37113
30399 33023
30419 42493
30526 42467
30539 42442
30643 42312
30815 28219
30890 42119
30896 36254
30983 36306
31180 41983
31206 36299
31231 36221
31248 41928
31259 36033
31273 41815
31355 35955
31356 35956
31409 41780
31470 41757
31623 35677
31836 35550
31862 35255
31968 41361
31974 26888
32038 41286
32070 41271
32077 35280
32091 41277
32096 26777
32106 34972
32108 41263
32140 35187
32157 35155
32172 35154
32388 34837
32408 41161
32419 45548
32519 25364
32742 40862
32750 34315
32779 34662
32972 34361
32973 34360
33003 11260
33009 34320
33025 34661
33038 34374
33171 25122
33194 33979
33214 33875
33240 34029
33263 25194
33339 40393
33360 33953
33361 33951
33362 33952
33391 40429
33398 33891
33399 34388
33417 40310
33457 24890
33482 24846
33497 40241
33521 24666
33797 40025
33897 39940
33898 39941
33916 39938
33962 33304
33969 39991
33974 33345
33982 32965
34044 9007
34086 24768
34101 32754
34147 33591
34186 39694
34198 33246
34223 33049
34294 32986
34301 23686
34315 32437
34373 8227
34384 39561
34414 7607
34465 32917
34481 32930
34484 39439
34497 32186
34521 23027
34534 23046
34544 23027
34558 32403
34578 32079
34660 33031
34766 32595
35022 23137
35033 53327
35081 31585
35187 38851
35253 31797
35288 31342
35310 31359
35313 32597
35314 32598
35325 38791
35358 31669
35410 31910
35412 31613
35435 21818
35472 31699
35490 38650
35511 22611
35552 31018
35573 31701
35596 31397
35640 31016
35662 22282
35702 38797
35767 31392
35782 31545
35804 32074
35820 22099
35828 31350
35867 22017
35876 31591
35888 38444
35918 20913
35942 31978
35948 21936
35976 21234
36009 21209
36060 38299
36134 21476
36135 21475
36199 21354
36204 38211
36216 31812
36221 20917
36393 37993
36412 21208
36425 3782
36434 31115
36468 21307
36480 30504
36491 31578
36510 21093
36545 20876
36547 31555
36592 21253
36627 20949
36705 30462
36706 30461
36750 20808
36751 20807
36788 20803
36884 20484
36931 31217
36939 31058
36946 30994
36985 20700
37018 19781
37019 20347
37065 30893
37091 30902
37100 20530
37117 19633
37137 30778
37150 20216
37171 30804
37244 20079
37318 30854
37413 46934
37415 37617
37436 43018
37450 46825
37456 46903
37465 46856
37473 42967
37475 42900
37492 42904
37507 42884
37515 37408
37599 42779
37600 42798
37615 46747
37638 46739
37644 46735
37645 46738
37651 37191
37661 42680
37664 42677
37665 42676
37704 46659
37714 42642
37756 46588
37772 46608
37808 42556
37809 42560
37842 46530
37871 42457
37885 46540
37886 46539
38044 49268
38065 46385
38117 42239
38127 42229
38160 46293
38175 46284
38261 46224
38268 46202
38411 12195
38451 41887
38485 41841
38599 41792
38621 48956
38646 12592
38649 41622
38694 7784
38704 35658
38747 35598
38778 41612
38825 35207
38829 45779
38837 35489
38840 45772
38856 45766
38864 45741
39018 41394
39045 41346
39079 41141
39161 3612
39198 41169
39201 40967
39226 40950
39248 41020
39264 40901
39281 45408
39339 45406
39377 34390
39389 41218
39403 45363
39404 40841
39440 45340
39504 34632
39518 40827
39520 40790
39587 45238
39592 45223
39593 45228
39607 45206
39612 45147
39616 45204
39626 45194
39637 45184
39666 33979
39687 40942
39723 40348
39728 45068
39758 40331
39819 34323
39821 34116
39855 40190
39859 40385
39860 40384
39870 44919
39896 40154
39897 40153
39905 45004
39917 44996
39941 33928
39951 40371
39999 33866
40018 33706
40029 40359
40038 44807
40077 44832
40091 40158
40092 40157
40094 31432
40104 44754
40115 44745
40119 44741
40132 44711
40156 44689
40161 33153
40166 44682
40167 44681
40168 40415
40185 40239
40187 33728
40205 33700
40211 44702
40269 39850
40272 44668
40300 33569
40318 39997
40339 33118
40377 40001
40381 39958
40415 39929
40422 44632
40436 39948
40441 44416
40477 39874
40491 39464
40494 44346
40499 47888
40720 44146
40721 44145
40759 39114
40765 39579
40806 39364
40817 39043
40838 44279
40843 39509
40846 44048
40852 39329
40882 44004
40907 39388
40947 44197
41025 39161
41077 39333
41080 38999
41082 32693
41105 39285
41110 44016
41133 39060
41157 32552
41162 39094
41168 43825
41172 22648
41188 39192
41211 39201
41258 38580
41263 38848
41310 43913
41351 39105
41355 32271
41360 38797
41411 32115
41441 32059
41444 39344
41478 38432
41480 39311
41486 32056
41544 31988
41567 38514
41640 38616
41641 38614
41678 26011
41705 39034
41731 38139
41732 38138
41745 38203
41776 43460
41789 38351
41838 31595
41839 38371
41859 43388
41863 31583
41868 43371
41893 31500
41918 38937
42036 38730
42047 38067
42087 38723
42128 38645
42141 37981
42149 30546
42164 38548
42173 30974
42200 38582
42210 38640
42219 38481
42247 30718
42274 38531
42281 30835
42337 38083
42372 38397
42388 38235
42389 30662
42390 30711
42542 49574
42548 46874
42595 46812
42652 46736
42656 49464
42737 46691
42744 46624
42758 46614
42828 46526
42833 49311
42848 42502
42879 49259
42919 49272
42925 49201
42951 46390
42964 49217
42983 49222
42985 46340
42999 46410
43007 46314
43052 42141
43058 46252
43065 49136
43092 49129
43122 49156
43170 49043
43174 49034
43194 46107
43204 46100
43362 45894
43363 45893
43389 45863
43392 45882
43426 45961
43435 45866
43436 50948
43442 45945
43453 41498
43535 45762
43561 48758
43563 41533
43583 41182
43615 41123
43619 48790
43636 45556
43647 45622
43654 45616
43655 41270
43743 48625
43757 45468
43758 45467
43809 48551
43821 45378
43824 38674
43875 41068
43887 48532
43918 41084
43932 45266
43944 45338
43980 45297
43985 45193
44006 45200
44045 48394
44071 40579
44077 45170
44079 48335
44090 40870
44114 45038
44128 48320
44151 40659
44173 48359
44213 44951
44248 40460
44283 44795
44291 44790
44294 44907
44295 44908
44318 40511
44388 48114
44427 48087
44499 44794
44500 44793
44511 47981
44517 48057
44568 44618
44662 44268
44679 39955
44730 44190
44731 44191
44737 44225
44769 47734
44802 47700
44847 47906
44903 39450
44910 44042
44922 44228
44948 44290
44961 47754
44966 39652
44978 39478
44986 39359
45006 44133
45026 39634
45031 44547
45039 44294
45040 44295
45052 47503
45058 44216
45106 43781
45107 44019
45123 39339
45131 44400
45139 39184
45145 43961
45146 43960
45165 44045
45281 44308
45306 39309
45325 44003
45356 38908
45362 39218
45363 39217
45382 39064
45390 43881
45395 43735
45396 38632
45418 44025
45455 38796
45462 38807
45525 44022
45535 38970
45550 44007
45551 39115
45560 38862
45588 47124
45610 43933
45635 43950
45637 38874
45670 38509
45690 38850
45697 38497
45716 43917
45723 43904
45764 43862
45765 38835
45768 38719
45770 38835
45790 38675
45798 38770
45799 38769
45831 38503
45903 38662
45906 38525
45916 43745
45922 38563
45943 38165
45950 38489
45951 38488
45954 38157
45969 30945
45984 38287
45993 43477
46009 43512
46019 38291
46021 43566
46029 38125
46030 43534
46110 51480
46139 49586
46141 51473
46201 51416
46213 46796
46246 51376
46254 49494
46257 51361
46277 46721
46281 51348
46282 51347
46286 49440
46287 49441
46289 49400
46309 51339
46321 49378
46356 51322
46416 49352
46473 52578
46507 51175
46517 46400
46523 49214
46594 46326
46618 51129
46624 51124
46644 49131
46645 49130
46658 46230
46775 48976
46799 48949
46829 48954
46832 52387
46846 50959
46876 48821
46883 48825
46890 48961
46912 48909
46915 45904
47019 50860
47088 50792
47093 48594
47111 45644
47114 50777
47140 50767
47157 50753
47165 52229
47213 48461
47258 41048
47294 50645
47346 50628
47381 45288
47384 48405
47409 52087
47411 48283
47415 48376
47436 48347
47451 45014
47476 50461
47480 48306
47483 48242
47492 48271
47517 48255
47589 50415
47605 48247
47654 48200
47662 48179
47686 48165
47729 47886
47746 48101
47762 47968
47769 48005
47778 48105
47779 47816
47818 47794
47819 47793
47841 53007
47850 50119
47851 21217
47891 50195
47898 44635
47905 47803
47906 47802
47915 44625
47942 44591
47945 47910
47946 47909
47971 47847
47987 44543
48043 47801
48057 47814
48063 48027
48064 48026
48072 47628
48076 47669
48083 44269
48092 47721
48105 47713
48109 47600
48158 44422
48190 47527
48205 44013
48210 50019
48218 44317
48246 47511
48266 47681
48283 44192
48312 47551
48313 43517
48370 43863
48407 47620
48408 44008
48410 44069
48444 44075
48465 49754
48467 43983
48500 43932
48501 43931
48506 47604
48560 47538
48577 47513
48685 43726
48686 43725
48689 43692
48698 43661
48706 47419
48733 47356
48772 43660
48775 47145
48787 47388
48792 47201
48793 43462
48850 51480
48858 49579
48867 51473
48907 52700
48908 51434
48918 51428
48925 51425
48932 52677
48935 49482
48940 51380
48961 51369
48993 52644
49014 51304
49025 51300
49033 51288
49054 51255
49055 51254
49078 49320
49095 51290
49098 51231
49157 51211
49163 52495
49169 52502
49172 51200
49205 51135
49206 51134
49249 49121
49261 51075
49272 51056
49326 52386
49328 51031
49333 52411
49346 51018
49347 51017
49371 50993
49373 53306
49386 48937
49457 52320
49458 52319
49508 48581
49527 52240
49528 52239
49541 52229
49543 52209
49555 52199
49562 50776
49612 50645
49633 50643
49638 50653
49639 52138
49651 50670
49662 50559
49663 50649
49675 52103
49683 48376
49725 53099
49730 52059
49749 52064
49751 52040
49793 51993
49841 51995
49857 50437
49866 53013
49867 50388
49880 50373
49883 50344
49903 51924
49910 50375
49920 50274
49987 51850
49988 51851
50024 50254
50107 51765
50115 48046
50124 49992
50148 49973
50154 5433
50169 47735
50180 50031
50215 47650
50229 49999
50280 47727
50315 49775
50328 51578
50329 51577
50338 49732
50339 49731
50340 51574
50377 50036
50383 47627
50422 49766
50423 49767
50429 47579
50434 50034
50441 49752
50442 49751
50525 49974
50547 49935
50548 49936
50565 47405
50572 49863
50573 47271
50633 53581
50642 52711
50651 53566
50673 52680
50687 53537
50737 51312
50748 52568
50759 52611
50779 52567
50780 52566
50812 52539
50896 53349
50917 52411
50929 52442
50930 52441
50942 53303
51005 52325
51037 48829
51051 53245
51091 52219
51149 53189
51170 53205
51190 50778
51209 50749
51222 53142
51238 50608
51250 52130
51271 52093
51272 52092
51301 53131
51347 52062
51351 53027
51361 50421
51365 50428
51400 51913
51408 52021
51409 52022
51435 51896
51440 50313
51457 50291
51493 50369
51499 42139
51501 51906
51507 50335
51515 51884
51523 50179
51527 50341
51532 52915
51547 50187
51552 51894
51555 50142
51560 51868
51581 50104
51593 52923
51594 52922
51600 51761
51629 51647
51651 50078
51652 50077
51674 51642
51681 51638
51688 50093
51703 51692
51704 51691
51720 51797
51726 51559
51731 50058
51771 50055
51832 51729
51833 51728
51840 49952
51841 49951
51846 49795
51847 49796
51852 49940
51866 49916
51867 49776
51925 53575
51942 52681
51966 53526
52024 53453
52031 54019
52049 54015
52074 53384
52107 53375
52119 53337
52135 53338
52141 53314
52221 53242
52300 52118
52302 53150
52320 53116
52343 53811
52351 53131
52357 53066
52363 53065
52368 53796
52371 53795
52377 53790
52434 53754
52486 51928
52504 53715
52509 52943
52520 52967
52523 52935
52524 52934
52537 52958
52584 52942
52595 51804
52603 52826
52636 51802
52641 51783
52703 52859
52740 54410
52761 54398
52762 54397
52764 54391
52769 54386
52780 53490
52839 54342
52852 53963
52853 53970
52875 53323
52878 54299
52923 54252
52941 54239
52942 54238
52965 53840
52983 54214
52992 53812
53037 52995
53064 53005
53078 53744
53088 53770
53104 53710
53105 53709
53112 53700
53134 52941
53160 53631
53164 52930
53204 52883
53235 54401
53262 54037
53269 54587
53312 54549
53317 54318
53331 54293
53338 54284
53364 54522
53366 54521
53385 54220
53412 54486
53413 54483
53418 54185
53453 53775
53455 54172
53478 54150
53481 53733
53489 53732
53493 54171
53550 54771
53556 54399
53589 54741
53604 54325
53614 54721
53626 54541
53638 54690
53657 54510
53663 54489
53680 54480
53683 54211
53689 54662
53724 54173
53739 54444
53791 54872
53801 54733
53803 54736
53809 54724
53815 54858
53816 54710
53831 54843
53843 54692
53864 54494
53886 54444
53924 54737
53933 54941
53949 54927
53958 54912
53962 54814
53966 54815
53970 54678
53987 54797
54020 54948
54023 54866
54029 54989
54060 54798
54064 55050
54079 54995
54092 54921
54128 55018
54138 55065
54162 55070
54170 55076
