3952
49 2102
70 2066
141 2139
173 2475
193 20447
208 20479
209 20438
232 2503
306 2738
329 1345
337 2817
460 2538
536 17226
537 20571
572 3027
573 3028
609 2674
704 3584
706 3260
708 20674
712 20681
733 35061
737 2939
743 20872
781 2564
811 2661
825 3448
833 2544
844 2571
867 3141
905 2632
921 3040
934 2884
1010 21106
1012 3250
1014 3349
1018 2748
1050 2991
1073 21139
1096 3324
1122 3220
1137 3349
1153 3682
1154 3323
1188 3404
1196 3096
1220 21217
1223 21032
1242 3295
1356 3419
1362 3401
1366 3441
1370 3528
1373 3546
1395 21608
1396 21609
1413 3628
1430 21435
1457 4000
1507 3571
1523 3853
1541 21346
1545 21416
1597 21728
1607 21742
1608 21743
1627 3987
1637 4305
1653 21422
1669 3400
1671 21712
1681 21715
1693 3754
1729 21510
1897 4137
1922 3795
2034 3796
2071 4259
2156 4226
2207 4374
2223 22129
2236 4956
2251 41961
2297 4878
2306 4554
2313 22217
2323 4627
2338 4199
2361 5079
2420 4733
2427 4930
2441 4452
2448 4738
2469 4123
2473 22299
2499 22257
2500 22256
2535 4719
2537 5173
2574 4698
2632 4463
2680 5064
2702 5078
2757 5221
2847 5104
2855 5271
2885 22280
2888 5694
2934 22296
2941 5757
2956 5357
2997 5742
3022 5863
3082 22671
3110 4835
3111 5517
3127 5356
3202 4798
3286 4854
3308 22822
3339 6192
3355 5571
3356 5620
3365 5618
3367 6234
3370 22626
3429 5667
3430 5668
3431 5669
3433 5701
3434 5735
3438 5102
3467 5705
3488 5766
3518 22664
3524 5796
3551 5838
3572 5235
3575 6501
3587 5932
3588 5933
3597 22711
3598 22712
3607 22815
3621 5920
3622 5921
3636 5627
3637 22695
3642 5976
3643 5977
3656 5984
3688 6043
3697 22746
3735 6077
3736 6191
3738 6675
3761 6101
3802 6340
3808 6146
3854 6290
3867 22865
3873 5378
3874 5379
3893 22642
3960 5581
3971 6468
3972 6536
3978 23063
3984 5699
4054 6797
4062 6651
4064 6165
4065 6166
4091 6729
4102 5837
4144 22647
4145 6680
4181 6724
4182 6725
4184 6802
4201 6829
4222 6717
4228 6874
4229 6875
4259 6827
4287 6839
4305 6892
4414 6996
4415 7069
4464 7421
4591 7140
4698 23488
4712 23539
4715 8006
4796 7476
4797 7477
4916 6766
4937 23656
4969 23664
4970 23665
4975 7584
4976 7619
5027 8163
5052 7245
5053 7246
5100 8258
5144 23714
5166 7826
5183 23729
5209 8343
5210 8344
5238 7828
5289 8066
5290 8067
5292 24087
5293 7932
5298 7809
5328 23852
5354 8523
5373 8102
5374 8103
5397 8059
5398 8060
5401 8561
5409 7210
5416 8151
5467 8624
5488 8653
5524 8708
5575 24275
5585 8767
5638 8467
5652 8458
5653 8459
5669 8407
5766 7646
5798 23682
5858 8537
5893 8565
5926 8571
5943 24228
5958 9315
5996 8743
6015 8662
6049 8823
6070 8852
6173 24694
6175 8978
6229 9563
6293 9668
6325 9650
6352 9693
6368 9176
6395 9727
6417 8214
6446 24469
6503 24553
6504 29006
6516 24715
6569 24557
6614 12348
6640 9990
6646 24769
6708 9716
6736 10095
6767 9470
6784 9651
6786 9514
6791 24774
6792 24775
6793 9639
6795 9594
6853 24918
6858 9633
6895 24772
6965 9788
6966 9789
6989 9754
6990 9765
7020 9761
7040 10374
7043 9885
7083 24934
7119 10008
7148 9681
7251 10174
7360 25064
7390 25089
7405 10203
7410 25380
7433 10269
7444 10297
7532 10389
7535 10361
7547 10415
7621 25270
7695 10541
7698 10504
7757 10671
7793 11152
7796 10745
7797 10746
7893 25534
7915 10752
7916 10753
7922 10703
7923 10704
7942 10786
8003 10772
8080 11139
8151 10976
8152 10977
8211 11047
8216 11082
8217 11161
8240 11198
8261 11387
8382 11317
8389 11339
8429 11327
8437 25706
8472 11315
8505 11369
8513 11384
8514 11385
8543 11362
8555 11504
8561 10664
8624 11544
8666 11569
8672 11526
8678 11590
8679 11591
8755 11344
8785 11748
8812 11729
8866 25824
8916 11881
8935 11587
8960 11973
8969 11910
8973 11903
8991 11964
9073 12082
9095 12093
9096 12094
9100 12108
9101 12109
9111 12124
9119 11893
9153 12065
9205 12105
9206 12106
9210 12105
9211 12106
9219 11432
9232 12284
9236 12167
9247 12294
9313 12229
9315 12230
9322 11684
9373 12405
9385 12432
9425 12316
9581 12476
9695 26038
9714 12617
9762 12219
9786 12764
9804 12817
9899 12397
9900 12398
9960 12841
9964 26226
10150 12004
10220 13166
10251 26798
10277 13304
10353 13278
10392 13223
10434 12965
10435 12966
10440 13102
10458 13443
10501 13378
10541 13522
10542 13523
10553 13071
10601 13568
10605 13503
10663 13704
10664 13705
10681 13490
10914 13863
10957 14014
10962 13999
10986 14025
11002 13845
11032 14088
11037 14090
11202 14458
11207 14263
11237 14010
11258 27404
11269 14319
11337 14551
11405 13834
11499 14487
11550 27539
11569 14244
11570 14251
11577 14244
11591 13358
11596 14554
11608 14781
11632 14080
11637 14356
11638 14357
11646 14020
11647 14021
11659 14614
11660 14352
11667 14714
11691 14137
11723 14599
11748 13634
11765 14788
11784 14475
11811 13703
11841 14888
11853 14888
11859 14934
11915 14583
11919 14907
11927 15176
12041 14499
12054 13950
12118 15351
12168 14409
12169 14410
12181 27747
12182 27748
12208 15173
12249 15315
12279 15261
12335 15055
12357 15607
12366 15387
12400 15482
12451 14744
12538 15479
12576 15017
12613 15827
12660 15898
12713 14642
12736 16058
12757 15956
12758 15957
12767 15862
12813 15680
12819 15201
12826 15821
12866 15848
12887 16105
12904 15806
12917 15910
12918 15911
12964 15593
12968 16176
13052 16510
13062 14904
13116 15813
13122 15441
13153 16025
13154 16026
13165 15995
13268 15887
13300 15312
13303 16474
13312 16469
13387 15292
13416 16620
13432 16283
13466 16758
13480 16332
13481 16333
13536 16717
13537 16718
13569 16421
13580 16437
13581 16794
13600 16772
13601 28945
13621 16774
13644 16484
13645 16485
13697 28674
13706 16884
13712 15692
13734 15698
13735 15699
13747 16593
13766 15093
13793 15746
13809 16064
13815 28115
13913 16709
13921 16729
13928 16736
13934 29063
13967 16032
13990 16784
14028 17225
14045 16797
14051 16043
14094 16168
14095 16169
14115 29130
14117 15895
14127 16868
14140 16323
14142 16903
14149 16933
14210 28697
14227 17367
14232 16750
14276 17500
14277 17496
14301 17160
14302 17161
14348 17100
14349 17101
14380 16564
14444 17189
14471 17215
14504 17411
14524 17291
14596 17342
14647 16838
14668 12959
14719 17469
14900 9380
14909 18001
14910 17630
14998 17431
15037 29378
15077 16766
15130 17836
15137 10213
15142 17525
15169 18001
15197 17731
15204 17599
15213 17612
15220 17906
15221 17907
15222 17148
15224 17636
15226 17143
15240 17926
15287 17944
15288 17180
15304 17841
15311 17691
15394 29601
15398 18207
15420 17901
15422 344
15427 18098
15431 18111
15432 18112
15489 18102
15504 18018
15512 18126
15547 29621
15567 18004
15579 18034
15581 18070
15587 17343
15618 17781
15651 18201
15721 18033
15731 18338
15755 17998
15808 18456
15809 18457
15822 18570
15826 29775
15838 18246
15847 18059
15860 18262
15861 18263
15868 18448
15974 18746
16018 17883
16089 17583
16111 18707
16146 18752
16147 18753
16152 18799
16186 18829
16193 18779
16220 18748
16254 18793
16270 18821
16274 18834
16283 30027
16352 18950
16365 18928
16381 18940
16386 19091
16439 18950
16463 17990
16479 19069
16481 18949
16485 18802
16500 15703
16524 18992
16531 18081
16542 19056
16600 18100
16611 19109
16617 19149
16646 19188
16661 19135
16662 18983
16716 19160
16735 19206
16849 18801
16850 18802
16867 18444
16891 18801
16892 18802
16939 18839
17019 18903
17020 18904
17027 18932
17123 18387
17274 19180
17330 29831
17443 18796
17607 18781
17726 18930
17753 18929
18419 3936
18985 31134
19001 31011
19033 20672
19034 30926
19045 20685
19057 31199
19060 20702
19070 31084
19092 20354
19154 20930
19155 20931
19157 31365
19190 20663
19209 31406
19218 31170
19233 21010
19247 20636
19248 20637
19274 31182
19275 31183
19280 21119
19291 20919
19293 20907
19306 31255
19311 20797
19321 20699
19362 20976
19373 21209
19374 21210
19419 31401
19428 21087
19454 20827
19470 21235
19472 20946
19477 3181
19497 21095
19500 31630
19506 21134
19507 21135
19511 31413
19513 31469
19527 31621
19536 21164
19586 21211
19619 31531
19631 21246
19656 21245
19670 29427
19680 21110
19682 42298
19691 3270
19715 21274
19724 21309
19776 31781
19777 31562
19796 21542
19803 31702
19804 21735
19822 21252
19848 21499
19876 31797
19896 31800
19905 21628
19917 21527
19935 31782
19949 21580
19951 21806
19977 21669
19993 31761
20003 31908
20027 21632
20074 21545
20131 21775
20139 32218
20140 32219
20141 4372
20159 21869
20162 32063
20165 21659
20181 21896
20188 22046
20220 22011
20238 31834
20272 22141
20287 32103
20297 32197
20316 22264
20325 22073
20340 22074
20389 21889
20391 32213
20407 22205
20489 22288
20517 32048
20527 21992
20532 22246
20533 22569
20555 32370
20573 22385
20587 32388
20593 32443
20594 32444
20606 22103
20623 22110
20629 22410
20647 22701
20700 32362
20701 22436
20718 32668
20728 22543
20736 32532
20740 22807
20812 32623
20813 32624
20815 22673
20818 22576
20824 22281
20843 22589
20883 32597
20904 23028
20925 22541
20927 23062
20945 32651
20972 22887
20973 22855
20994 22902
20995 22805
20996 22806
21019 22465
21021 22928
21070 32841
21082 22528
21091 23035
21093 32827
21099 22972
21108 32828
21131 6199
21146 23124
21203 23252
21251 22708
21260 23008
21266 23280
21300 33041
21303 23268
21338 33347
21351 22884
21352 22885
21359 23337
21367 23131
21377 33106
21396 23387
21408 22853
21410 33401
21423 23372
21435 22962
21439 33124
21448 33114
21466 22889
21475 23483
21502 22959
21506 33171
21509 23558
21513 33471
21532 23880
21561 23118
21575 23602
21636 33292
21637 33543
21646 23636
21647 23693
21648 23694
21658 23660
21673 23674
21686 33380
21734 23728
21784 23772
21797 23795
21800 24064
21877 23849
21936 24185
21950 24206
21981 33717
21983 24253
21989 33715
22020 24018
22028 23448
22061 23599
22095 24140
22097 23612
22098 33555
22099 33556
22118 24395
22119 24396
22124 24105
22144 24129
22149 23648
22157 33368
22170 24144
22193 24055
22202 24152
22222 24160
22230 24169
22235 24542
22259 24232
22309 9379
22316 24364
22354 24344
22358 24462
22386 24459
22390 33538
22410 24407
22435 24416
22462 24764
22479 24342
22484 33949
22486 23909
22493 24416
22536 33883
22538 24487
22552 24493
22553 24494
22563 24322
22574 24485
22594 24883
22630 24022
22632 24573
22638 24625
22663 24636
22693 24647
22709 24773
22712 24089
22747 24733
22761 9499
22766 24735
22782 24743
22785 24159
22798 34064
22803 24720
22804 24721
22842 33830
22859 24794
22860 24876
22862 33848
22873 24430
22916 34117
22917 24827
22925 24852
22946 24936
23001 24976
23006 24957
23077 25005
23089 34278
23128 25035
23129 25036
23226 9496
23233 25173
23234 25174
23236 25232
23237 25233
23253 25194
23254 25195
23263 25254
23283 25243
23324 25311
23335 10433
23355 10735
23415 25351
23447 25370
23491 25549
23492 25550
23535 25746
23553 25524
23555 25434
23556 25433
23571 25496
23590 25657
23606 25500
23620 25539
23627 25533
23661 10932
23677 10254
23694 25623
23699 25569
23700 25570
23702 25639
23799 25675
23836 26731
23838 25745
23865 25697
23891 26017
23893 25826
23981 25823
24030 25909
24031 25869
24052 25508
24055 11437
24106 11812
24126 11842
24137 26062
24138 26063
24139 26064
24142 26105
24144 25994
24170 25875
24177 26027
24190 11644
24193 26115
24227 26113
24230 26097
24237 26108
24256 26150
24272 26213
24287 12068
24301 12872
24359 26321
24408 26684
24425 26324
24426 26327
24440 26379
24447 26330
24487 26404
24510 12492
24533 26419
24537 12210
24571 26467
24593 26495
24594 26496
24615 25943
24627 25966
24668 26616
24674 26597
24697 26653
24715 12223
24716 12224
24723 12494
24750 12993
24753 12882
24788 26682
24791 26423
24793 26670
24815 26472
24860 26793
24899 35558
24920 26635
24926 26852
24946 26870
24950 26873
24999 35565
25000 26919
25003 26867
25004 13248
25007 13400
25028 26751
25033 26964
25034 26965
25043 13585
25053 35526
25059 13604
25066 13382
25076 26889
25083 26411
25106 26956
25135 27022
25136 27038
25142 27096
25191 13749
25257 26667
25273 13457
25279 27082
25304 27194
25310 27046
25314 27280
25315 35699
25324 27276
25335 13264
25344 27136
25359 27152
25390 13231
25431 27005
25432 27314
25435 27017
25524 27109
25535 27295
25577 27158
25580 27499
25585 14472
25590 27464
25591 27510
25614 27535
25615 27536
25616 27537
25630 27232
25660 27058
25667 27607
25668 27608
25670 27519
25675 27598
25679 27267
25681 27562
25702 27440
25753 14416
25760 27675
25761 25901
25780 27371
25800 27704
25811 27533
25816 27705
25840 13879
25841 27529
25850 27713
25864 27132
25870 27107
25873 27581
25876 27467
25897 27776
25903 14679
25905 14678
25909 27788
25910 27789
25918 15011
25925 27830
25975 27569
25994 15145
26002 28064
26007 14897
26049 27381
26063 27624
26070 27948
26073 27540
26098 15355
26124 27668
26125 27669
26127 27987
26129 15395
26195 14927
26202 27661
26204 15515
26215 14967
26242 15589
26244 27920
26258 28269
26259 28270
26265 28146
26269 27807
26281 28051
26326 27972
26327 27973
26360 28065
26404 28424
26411 28298
26412 28299
26448 15093
26449 15094
26457 16157
26461 28292
26481 27971
26483 36212
26509 15628
26512 15279
26517 27712
26533 28497
26573 28228
26595 28230
26596 28547
26619 28276
26634 28476
26652 28067
26679 28507
26683 28039
26687 36418
26706 28532
26707 28533
26724 28770
26777 28792
26839 28179
26889 16717
26930 28328
26935 28754
26936 28755
26993 28775
26994 16711
27048 28811
27049 28812
27053 28809
27054 28810
27083 28926
27087 16127
27140 28899
27144 29111
27146 28509
27170 29005
27193 17014
27196 28871
27217 28919
27233 28951
27240 28950
27241 17031
27247 28861
27276 17088
27295 29024
27303 16454
27386 29305
27411 28786
27412 28787
27437 16704
27441 17129
27443 29137
27485 29035
27505 29206
27507 37176
27528 29297
27540 29222
27554 16668
27614 29358
27617 29359
27633 16700
27654 29381
27655 28849
27656 29410
27660 29230
27666 17819
27684 17098
27763 29405
27764 29406
27774 29414
27778 29025
27789 17826
27795 29505
27822 29081
27857 17211
27876 17252
27893 29595
27911 29670
27915 29623
27925 18319
27927 29437
27969 29155
27970 29156
27973 29455
27998 29491
28002 29513
28011 18358
28012 29464
28013 29465
28016 18044
28029 17946
28046 18578
28057 18296
28073 29556
28094 18074
28105 18252
28151 29790
28153 17822
28161 37625
28165 18695
28170 37655
28186 23205
28198 29850
28212 18244
28215 13366
28234 18888
28265 18618
28270 29998
28291 18380
28304 29771
28333 29991
28335 18909
28345 29398
28353 18926
28354 18927
28367 29498
28375 29539
28380 30060
28384 17990
28385 29866
28395 30101
28397 30115
28402 19089
28403 19099
28405 30131
28425 19101
28431 29813
28450 19169
28463 30113
28465 19182
28469 18701
28471 30159
28472 30184
28473 30185
28475 18725
28483 19175
28495 30169
28496 30170
28530 29898
28551 29662
28577 30241
28585 19095
28596 29937
28601 29676
28607 19111
28610 29702
28611 29703
28621 29631
28659 30207
28664 18304
28686 18904
28714 29770
28754 30095
28755 30096
28775 29729
28894 18731
28936 30116
29016 30222
29124 30085
29125 30086
29764 20453
29776 30697
29783 20621
29795 38386
29861 38388
29876 31306
29880 31100
29887 31439
29910 38450
29930 31144
29933 38469
29970 31496
29973 31161
30006 38694
30030 31317
30035 31251
30056 31346
30057 31347
30084 31324
30087 21390
30094 31549
30098 31436
30103 31393
30132 31565
30143 31586
30148 31364
30165 38762
30184 31474
30196 31497
30213 31661
30218 31756
30222 31762
30227 31687
30228 31688
30244 31775
30249 31562
30259 31879
30282 31603
30314 31556
30317 38934
30322 31609
30372 31789
30404 31435
30406 31823
30425 31878
30491 31712
30502 31905
30513 31974
30576 32034
30577 32035
30587 32199
30605 32043
30623 39013
30631 31925
30632 22451
30634 31835
30648 39138
30649 31875
30660 39070
30669 32288
30678 31877
30680 32157
30702 39108
30712 32010
30731 39078
30737 32186
30763 31933
30768 31960
30770 31962
30773 32062
30803 31991
30804 39143
30807 32277
30813 39142
30815 39019
30822 32273
30874 32355
30884 32179
30894 32158
30898 39383
30899 32108
30900 39211
30911 32470
30915 32412
30924 32212
30940 32498
30944 32582
30945 32583
30948 32510
30961 39421
30964 32653
30968 32530
30969 32462
30982 32538
30986 39441
30989 39447
31006 22160
31007 32575
31008 32576
31016 32714
31028 32563
31029 32564
31040 32611
31043 32735
31049 39390
31056 32536
31062 32750
31063 32751
31064 32603
31066 32577
31070 32592
31081 32601
31082 32602
31084 39356
31120 32645
31154 32635
31161 32881
31166 32736
31175 32905
31183 32758
31187 32911
31195 32446
31200 32445
31206 32773
31207 39528
31213 39534
31230 32807
31232 32820
31235 32950
31242 32516
31262 32981
31281 33014
31282 32517
31283 32519
31288 32842
31290 32882
31292 32504
31299 33027
31300 32548
31315 32941
31316 32685
31317 32863
31324 39609
31336 32616
31344 32644
31358 32924
31359 32925
31372 32834
31376 32684
31405 39592
31406 33021
31415 32813
31416 32814
31421 33029
31460 39723
31484 32779
31485 32780
31494 32932
31509 22962
31534 33172
31548 32763
31549 32764
31580 33210
31616 33276
31627 33268
31631 39877
31637 33272
31643 33229
31657 39871
31665 33341
31668 33371
31692 33361
31693 33362
31696 33379
31720 39902
31733 33580
31742 33415
31765 33435
31769 33429
31780 40069
31802 39964
31823 33526
31825 33666
31826 33667
31834 39989
31885 33518
31891 33719
31901 33519
31984 33589
31994 33581
32004 33297
32038 33324
32052 33680
32057 44542
32058 44543
32077 33370
32104 40263
32107 33653
32121 33749
32144 33459
32168 33748
32180 40341
32181 40342
32198 33813
32204 33809
32212 33807
32216 33834
32219 33820
32244 34089
32250 33863
32251 33857
32299 33877
32310 33940
32313 33914
32334 33944
32337 33637
32348 33939
32356 33574
32365 24611
32366 40364
32414 24661
32415 24662
32449 34080
32453 34298
32458 34090
32459 40378
32461 34066
32464 34078
32476 24802
32484 34042
32490 34058
32502 34326
32523 34134
32537 34418
32567 34181
32581 24925
32608 34215
32609 34216
32689 34296
32692 34297
32714 34340
32742 34400
32746 34369
32751 34357
32809 34088
32810 40383
32836 34495
32837 34496
32870 34459
32882 34464
32931 24967
32948 34217
32966 34746
32973 34572
33047 34630
33061 34704
33096 34668
33103 34709
33128 34877
33138 34933
33156 34792
33166 34740
33176 25708
33198 34775
33201 34838
33206 34843
33218 34856
33227 25846
33240 34860
33241 34861
33263 34990
33307 34910
33321 34824
33345 34994
33355 34982
33381 35106
33432 35025
33435 35108
33451 34925
33456 35053
33463 35112
33471 34751
33499 35131
33535 34808
33539 35171
33558 41062
33612 41160
33617 35203
33618 35204
33627 25897
33634 35260
33665 41165
33684 35278
33685 35308
33721 35306
33726 26436
33728 35327
33737 35338
33745 35357
33798 35394
33799 35395
33804 35406
33818 35389
33852 35445
33916 26702
33930 26788
33935 35532
33944 35416
33957 35538
33964 35235
33986 35600
33989 26820
33990 26821
34007 35624
34011 35608
34026 35592
34028 35638
34029 35641
34030 35642
34038 26984
34048 26310
34053 26690
34058 35640
34061 35535
34160 35787
34169 35757
34172 35754
34173 35752
34174 35753
34182 35800
34201 35820
34231 27225
34233 27230
34243 41514
34264 35534
34267 35574
34272 26808
34276 35759
34295 35774
34299 35864
34315 35972
34369 35745
34396 41684
34397 27271
34398 27464
34402 27612
34414 35893
34421 36005
34424 36050
34430 36027
34436 36058
34446 36015
34457 27244
34460 35956
34483 36081
34484 36051
34507 27784
34509 36126
34532 36162
34540 27091
34556 27092
34565 36164
34592 35991
34601 35992
34611 27765
34629 36238
34637 36228
34644 36035
34665 27943
34667 36269
34669 36270
34789 35986
34790 35985
34828 36469
34829 36386
34830 36196
34840 36436
34841 36511
34844 36546
34848 36321
34849 36322
34857 27736
34865 36551
34867 36088
34868 36089
34871 36552
34872 28153
34882 36561
34887 27805
34892 36151
34893 36572
34894 36573
34910 36593
34913 28222
34920 36204
34921 36597
34925 27583
34969 36402
34978 28297
34986 36540
35010 36563
35014 36650
35018 28212
35053 36379
35056 36576
35075 36404
35076 36627
35081 36693
35082 36235
35129 36408
35138 36808
35144 36464
35146 36815
35163 36298
35210 42192
35233 36893
35257 36499
35266 36474
35285 36820
35291 28382
35342 6693
35351 28178
35355 1519
35360 36879
35371 28922
35375 36674
35379 36897
35382 36589
35401 36910
35486 36687
35487 36831
35520 28994
35525 37157
35528 28449
35538 36913
35547 37177
35568 37071
35573 37109
35578 36944
35604 37059
35605 37060
35609 37212
35613 37064
35622 37068
35629 42566
35634 37160
35656 37096
35678 36876
35689 37122
35690 37123
35697 37139
35712 29190
35744 47292
35755 37204
35774 37108
35778 42561
35779 37304
35780 37305
35803 37286
35811 36894
35823 37153
35830 36926
35843 36948
35860 37162
35863 37273
35864 37187
35868 29233
35898 37271
35903 37254
35928 29330
35951 37356
35963 37374
35982 29103
36018 37418
36023 29439
36032 29097
36080 37452
36098 37399
36133 42740
36145 37576
36156 29542
36160 29834
36161 29835
36179 29766
36203 37434
36204 37435
36208 29907
36212 29904
36227 37635
36231 37604
36234 37433
36236 37444
36243 37538
36249 37519
36251 37644
36282 29995
36285 37457
36293 29921
36294 37663
36305 37683
36306 37684
36323 37288
36328 29983
36333 29870
36345 29959
36349 29996
36357 30034
36361 37710
36362 37504
36368 37767
36371 37745
36373 30098
36374 29430
36376 42883
36378 30043
36398 30014
36405 37774
36406 37775
36411 37758
36413 30087
36422 30101
36429 37783
36431 30073
36432 37614
36436 37799
36440 30105
36441 30106
36483 29667
36488 30219
36499 37414
36514 37750
36515 37751
36518 37822
36542 37785
36546 37437
36601 29697
36609 10703
36611 37841
36633 29851
36646 30237
36662 37564
36720 37772
36721 37773
36726 37698
36758 30218
36778 37807
36791 30242
36795 19165
36849 12104
36869 37679
36964 30138
37052 37740
37053 37794
37065 37828
37512 38467
37515 43389
37534 43478
37546 38434
37555 38439
37569 38625
37592 43603
37595 38469
37601 38525
37604 38447
37608 43548
37610 38487
37611 38488
37614 43610
37623 31267
37624 31268
37627 43538
37631 38574
37635 38473
37640 38530
37641 38531
37644 38493
37653 43661
37654 43662
37675 43604
37679 38572
37683 38516
37688 38645
37689 38646
37740 38772
37745 31430
37747 43642
37750 43613
37761 43565
37762 43753
37776 43703
37796 43684
37805 38856
37811 43694
37815 43783
37816 43784
37823 43646
37830 38901
37831 38902
37836 38665
37839 38792
37844 43798
37845 43799
37860 43718
37861 38803
37890 38842
37901 43800
37903 38616
37934 38876
37964 43849
37980 32092
37998 39023
38021 43895
38044 39119
38052 43934
38057 39001
38063 39138
38075 43959
38081 39033
38086 38921
38092 38895
38094 43971
38096 43904
38100 39108
38102 43788
38110 39236
38113 39078
38126 44005
38144 39294
38145 39295
38161 39142
38176 39158
38185 32356
38186 38987
38199 43975
38208 43965
38213 43932
38241 43992
38244 39106
38250 44114
38266 39256
38267 39257
38273 43961
38283 44035
38284 32245
38290 39450
38294 39458
38329 39390
38344 39503
38352 39362
38357 39523
38361 39524
38364 39398
38375 39169
38379 39187
38394 39407
38397 39475
38398 39476
38415 39422
38418 32648
38421 44215
38432 39448
38436 39260
38441 32695
38443 39619
38447 39255
38450 39628
38459 39641
38471 39549
38474 39659
38476 39541
38477 39345
38478 39346
38491 44202
38492 32517
38507 39333
38508 39334
38512 44216
38515 39437
38528 39609
38532 44221
38534 39649
38552 39625
38584 39790
38591 39674
38603 39675
38609 39590
38613 39882
38619 39455
38641 39723
38657 39731
38660 44323
38667 34553
38682 39772
38683 44330
38706 39868
38713 44367
38729 39831
38745 39863
38751 39861
38752 39862
38793 39900
38800 39904
38809 39945
38826 39679
38843 44447
38853 44453
38854 44454
38873 44466
38897 39756
38898 44493
38905 40021
38914 40013
38926 40022
38933 44451
38937 44508
38957 40020
38963 44485
38968 40058
38986 39851
39026 44588
39027 40107
39031 39929
39032 39930
39075 40173
39082 40224
39113 40213
39127 40225
39132 40298
39144 40388
39148 40243
39150 40236
39154 40249
39163 40066
39170 40241
39175 40281
39176 44690
39185 40264
39213 40046
39225 40346
39226 40340
39257 40352
39277 34071
39290 40129
39307 40395
39310 40415
39326 40425
39351 40560
39357 40466
39361 40441
39365 40447
39382 40456
39419 40494
39424 40513
39427 40524
39429 34059
39443 40552
39444 40553
39519 34159
39524 40625
39532 40609
39533 40610
39545 40660
39564 40672
39599 40839
39657 40797
39690 34404
39692 40824
39694 40747
39714 40608
39717 34939
39757 40856
39758 40865
39759 40871
39797 40618
39810 40981
39816 40949
39824 40658
39825 40861
39826 40862
39852 18202
39853 25939
39860 40912
39876 40992
39883 41031
39898 41020
39918 41148
39919 41082
39920 41083
39940 41089
39971 41090
39976 41047
39980 35167
39999 40903
40007 41109
40011 41139
40063 41179
40064 41180
40072 35291
40074 41183
40094 41278
40122 41212
40165 41157
40167 41295
40179 41328
40184 41467
40185 45188
40195 45426
40198 41320
40202 41345
40222 41203
40228 41250
40236 45456
40253 41241
40270 41251
40277 41318
40290 41392
40297 41307
40303 45522
40306 41309
40314 35638
40315 41348
40318 41395
40324 41458
40330 35630
40332 41119
40349 41495
40350 41460
40366 41152
40379 35735
40392 41199
40410 41569
40428 41486
40442 41514
40494 41645
40496 35750
40533 41670
40534 41671
40537 41623
40541 41708
40551 41578
40554 41633
40562 41723
40565 41449
40568 36077
40579 41735
40583 35957
40591 41760
40605 41707
40606 41787
40609 36200
40613 41627
40620 41799
40630 41704
40632 41810
40664 27765
40674 41844
40694 36228
40701 41550
40723 41941
40737 41872
40741 41876
40745 36310
40747 41921
40750 45632
40786 36086
40793 41654
40797 41701
40798 41766
40801 4793
40809 36059
40810 36489
40813 41897
40836 42081
40854 36054
40863 41884
40871 36122
40876 42025
40891 41858
40898 42064
40921 36661
40962 45827
40973 42295
40976 42156
40984 42250
40985 36682
40988 42160
41009 42278
41023 42157
41025 42195
41066 42046
41067 42352
41068 42351
41076 42029
41085 36774
41087 42263
41096 42053
41124 36802
41146 42312
41167 36972
41169 42371
41170 42044
41171 42045
41175 42052
41176 36834
41183 42138
41190 42357
41201 36940
41211 36647
41216 36946
41225 42296
41227 36877
41231 36964
41233 36577
41235 42200
41239 46168
41243 42395
41244 36985
41246 42178
41257 42109
41262 42300
41267 37054
41299 37129
41317 42566
41321 42386
41346 37171
41352 42538
41358 42446
41372 37197
41373 42268
41390 42624
41404 42600
41405 42528
41410 42583
41423 42542
41436 36915
41453 49182
41469 37154
41489 42398
41494 42591
41495 42625
41507 37382
41520 42615
41523 42560
41550 42719
41551 42720
41553 37313
41559 42465
41565 42697
41566 42698
41585 37323
41603 42463
41616 42616
41618 42755
41622 37537
41623 42740
41624 42741
41626 42551
41628 37361
41648 37385
41656 42595
41657 42596
41663 42812
41679 42687
41682 37178
41689 37445
41695 37536
41696 42832
41710 37529
41725 42539
41728 37487
41729 37488
41736 37474
41743 37478
41744 37586
41747 37502
41750 37509
41768 42863
41771 42793
41777 42859
41781 37546
41782 37753
41790 42875
41791 37582
41821 42770
41829 37775
41831 42907
41832 42908
41834 37405
41836 42926
41837 42927
41849 37823
41865 42941
41880 37413
41881 37414
41895 42967
41920 37383
41953 37694
41969 37782
41990 42957
42077 37761
42130 42963
42139 42970
42230 37738
42232 37794
42592 43391
42600 43411
42608 43416
42614 46998
42626 43530
42643 47049
42658 43541
42663 47007
42665 43500
42674 47033
42685 43547
42692 43531
42696 47058
42697 47059
42700 47118
42702 43599
42705 43579
42708 43650
42716 43517
42729 43556
42735 43677
42736 43625
42739 43714
42741 43509
42749 43641
42753 47199
42754 47200
42755 43570
42763 43623
42779 47206
42785 43593
42786 43594
42788 47180
42789 47154
42792 43568
42794 43753
42796 43754
42802 43652
42806 43678
42812 47188
42819 47137
42840 43645
42852 38822
42859 43629
42860 43757
42870 43812
42878 43736
42883 43808
42896 47237
42900 47242
42902 47194
42908 43699
42909 47249
42914 47241
42929 43877
42931 43748
42941 43802
42960 47328
42971 43834
42972 47277
42977 47307
42984 43908
42985 43909
43001 43855
43006 47331
43007 43851
43021 43901
43024 43875
43025 43998
43046 47271
43054 44019
43056 44032
43060 47323
43069 43951
43075 43929
43077 47423
43090 44058
43095 44031
43096 47390
43120 43988
43121 43989
43129 47466
43141 44008
43148 44125
43153 39232
43170 47493
43177 47453
43184 44080
43185 44083
43205 44077
43209 44163
43210 44119
43216 44173
43231 44097
43232 44106
43242 44136
43250 44110
43259 47470
43265 44209
43267 47500
43272 47496
43285 47485
43286 44224
43288 44151
43298 47516
43300 47515
43303 44168
43322 44181
43337 44205
43343 44208
43352 44234
43357 44238
43371 44085
43375 44156
43387 44166
43393 44271
43412 44295
43421 44229
43425 44356
43430 44294
43434 44420
43459 47650
43467 47640
43471 47649
43482 44351
43534 44436
43535 44425
43544 47716
43609 44468
43612 44521
43617 44598
43636 44522
43637 44494
43682 44549
43687 44511
43693 44376
43699 44524
43714 44388
43716 44583
43717 44560
43726 44671
43740 44603
43761 44605
43762 40302
43780 44617
43784 44495
43787 40143
43792 44626
43793 44654
43805 44655
43812 47904
43814 44649
43831 44661
43839 44682
43842 47779
43855 40253
43863 47958
43873 40212
43874 44722
43875 44723
43877 44728
43879 44721
43899 47952
43901 47828
43906 44749
43907 44734
43908 44740
43909 44752
43937 44771
43957 44772
43960 44792
43973 48026
43974 48027
43981 48018
43996 44697
44009 44849
44016 44841
44028 44863
44032 44867
44033 48088
44040 44921
44064 44912
44065 44913
44067 44901
44090 40622
44102 40624
44123 44976
44133 44992
44153 44860
44166 40698
44182 45022
44187 45050
44192 45046
44213 45036
44217 45070
44222 40809
44224 45149
44230 40800
44256 45097
44265 45180
44270 45127
44283 45089
44314 45121
44319 45186
44329 40804
44331 45227
44338 48355
44348 45231
44350 45304
44353 45251
44364 45232
44371 45241
44395 45266
44396 45267
44404 45130
44419 48211
44425 45313
44443 45328
44447 40964
44450 45346
44470 45348
44474 41028
44482 45137
44528 45433
44530 45420
44538 45338
44540 45451
44548 979
44556 41209
44559 45344
44563 41208
44564 41231
44565 41230
44570 41366
44573 41373
44577 45366
44578 41383
44580 45481
44589 45374
44592 45256
44598 45380
44602 45503
44611 45389
44621 45508
44625 41450
44627 45411
44629 45408
44630 45409
44631 45410
44632 45496
44634 45484
44635 41409
44638 45513
44658 45547
44660 45631
44664 45378
44665 45379
44666 45461
44667 45448
44676 45562
44697 41530
44698 41381
44705 45663
44710 41515
44717 41573
44721 45670
44723 45529
44757 48493
44766 45591
44776 45626
44783 45601
44815 45675
44816 48660
44825 45473
44828 45728
44844 45691
44845 45702
44859 45721
44869 45672
44870 45730
44879 45700
44892 45766
44894 41773
44898 41629
44899 41702
44908 45794
44909 45769
44910 41638
44912 45716
44922 45780
44930 45746
44939 45812
44956 45823
44959 41777
44976 45620
44982 45861
44983 45862
44988 45848
45010 41913
45016 45872
45023 45889
45028 45876
45038 45851
45041 45760
45043 45677
45053 41766
45075 41845
45085 45983
45086 45984
45091 41755
45103 41908
45105 45950
45116 42120
45120 45837
45126 45941
45128 45974
45130 45820
45135 45772
45140 45981
45143 46066
45154 42125
45157 46048
45158 46049
45163 45920
45167 45991
45179 45843
45194 45942
45198 45882
45223 48895
45240 46079
45244 42219
45249 45935
45270 42018
45293 46029
45297 46044
45309 46114
45310 45947
45321 46124
45358 42240
45363 42389
45383 46040
45384 46041
45395 42485
45405 45992
45410 42216
45411 42217
45420 46020
45423 46218
45424 46159
45425 42315
45439 42448
45449 46193
45456 46234
45476 42512
45491 46088
45501 42501
45504 46281
45517 46235
45522 46314
45535 46301
45577 46383
45578 46378
45583 46390
45587 42612
45594 42438
45603 42378
45612 46426
45628 46325
45643 42454
45646 42503
45647 46421
45653 46470
45656 42622
45671 46453
45677 42664
45686 42767
45691 42758
45695 46477
45699 46502
45702 42783
45707 46455
45711 46494
45715 46519
45716 42728
45728 46521
45729 46275
45730 46276
45735 46479
45738 46283
45750 42761
45753 46292
45755 46442
45759 46525
45760 46542
45761 46543
45762 46548
45764 42878
45768 46474
45769 46558
45772 42756
45777 46560
45778 46566
45782 42750
45783 42751
45785 42897
45793 42865
45800 46583
45801 42893
45802 42894
45808 46601
45813 46596
45815 46591
45817 46493
45819 42811
45823 46620
45826 46612
45829 46606
45833 46402
45834 46403
45845 46418
45851 49220
45967 46544
46063 46563
46073 46585
46123 46624
46340 46984
46347 49657
46350 47014
46352 49605
46357 46959
46362 49681
46385 47038
46401 47042
46403 47056
46404 49732
46405 49733
46412 49669
46417 46990
46423 47068
46424 47089
46430 47018
46432 47114
46439 47090
46444 47021
46447 49764
46448 49765
46451 47099
46465 47128
46468 47055
46474 47082
46481 47134
46482 47141
46483 47142
46490 47062
46495 49739
46497 47151
46512 47175
46515 47132
46516 49731
46523 47139
46535 49825
46540 49785
46547 49828
46551 47157
46553 47155
46555 47192
46568 47165
46569 49836
46573 49795
46575 49796
46576 47213
46577 47214
46580 47210
46582 47273
46587 49812
46589 47187
46593 47184
46596 43722
46618 49884
46625 49850
46627 47254
46631 49830
46632 47195
46640 47273
46641 47274
46652 47325
46670 47314
46672 47311
46675 47305
46676 47306
46679 51630
46697 49932
46720 47360
46721 47411
46730 47365
46759 47388
46766 47333
46778 47441
46806 47480
46825 47538
46826 47539
46827 47535
46830 47465
46833 50012
46834 47558
46835 47559
46837 47397
46841 47485
46847 47428
46854 49978
46858 47462
46860 47443
46861 47524
46862 47531
46868 47436
46873 47570
46876 47606
46879 47454
46880 47433
46884 47657
46894 47575
46899 47573
46912 47596
46918 47604
46921 47612
46927 47478
46928 47611
46938 47630
46939 47632
46943 47631
46974 47640
46986 50089
47008 47688
47012 47568
47018 47718
47020 47707
47048 50148
47049 50149
47052 50154
47076 47754
47082 47760
47083 47842
47098 47795
47108 47676
47109 47677
47113 47803
47116 47808
47122 47816
47123 47797
47150 47851
47151 47852
47158 47741
47159 47843
47160 47844
47162 47846
47173 47884
47175 47870
47179 47874
47181 47949
47182 47879
47203 47981
47204 47982
47205 47978
47208 47901
47210 47929
47211 47934
47232 47927
47237 50299
47238 50300
47247 47933
47248 47935
47249 47976
47250 47977
47253 47946
47258 44703
47263 47969
47267 47947
47272 47974
47273 47965
47274 50378
47277 47836
47293 47880
47299 47991
47305 47999
47309 47899
47312 48018
47317 48019
47335 50364
47336 48045
47357 48065
47375 44774
47386 44922
47390 44798
47399 48113
47400 48114
47416 48144
47417 48145
47425 50448
47429 48154
47441 48165
47442 48053
47462 44876
47469 48191
47472 48164
47488 48190
47489 48186
47491 48272
47503 48218
47505 48216
47506 48217
47512 48124
47514 45082
47528 48214
47538 48118
47540 48233
47541 48234
47565 45217
47575 48296
47580 50532
47586 48206
47609 45290
47625 48369
47626 48370
47631 48367
47636 48211
47637 48262
47645 48389
47653 48338
47662 41316
47668 48402
47670 48251
47672 48411
47685 48412
47702 48282
47706 48279
47724 48488
47737 45437
47756 48470
47763 48424
47779 48483
47787 48341
47808 48503
47813 48423
47833 48482
47839 48566
47841 48516
47848 48587
47886 48598
47893 48622
47896 48643
47904 45687
47910 45657
47914 48606
47915 48607
47919 45571
47957 48662
47959 48690
47966 48663
47988 45756
47989 48743
47994 48733
47995 48734
47996 48559
48001 48659
48013 48696
48019 48757
48020 45831
48022 48758
48023 48570
48024 48571
48028 45806
48055 48729
48062 48786
48069 48777
48081 48793
48086 48799
48099 48724
48108 45891
48110 45898
48116 48841
48125 45954
48126 45955
48128 48836
48137 48893
48138 48894
48143 45918
48148 45922
48154 48721
48161 48797
48174 45913
48189 48877
48194 45976
48200 48779
48203 48850
48216 48961
48217 48953
48234 48813
48235 48814
48237 46014
48242 48937
48243 48938
48246 48849
48248 48998
48258 48940
48259 48941
48279 46031
48281 46030
48288 46099
48307 46051
48312 46160
48313 45947
48332 46183
48333 49100
48339 46161
48344 48981
48348 49006
48349 49057
48354 48906
48357 49055
48364 49046
48365 49004
48371 48970
48374 48962
48375 48963
48384 49063
48387 48932
48392 48935
48394 49076
48397 49043
48398 49044
48407 46163
48422 46186
48423 46187
48429 49114
48437 46282
48449 49138
48455 46243
48457 46254
48464 46255
48465 46256
48466 49157
48468 42484
48474 49161
48482 46311
48487 49158
48490 49166
48501 49200
48504 49180
48508 49172
48518 49215
48523 46334
48524 49237
48525 49053
48526 46426
48541 49211
48578 46408
48589 49268
48596 49120
48601 46316
48604 49238
48605 49239
48613 49279
48615 49135
48626 49310
48627 46529
48630 46537
48646 46443
48660 46532
48666 46464
48667 46572
48668 46586
48671 49352
48675 49336
48677 49342
48681 49358
48683 49272
48684 49362
48692 49388
48703 46380
48714 46394
48739 46545
48750 46576
48787 46578
48812 49346
48842 49316
48856 49339
48908 46602
48915 46625
49076 49612
49081 49702
49082 49632
49091 49692
49095 49708
49096 51489
49109 49669
49113 49678
49114 49679
49117 51461
49124 49695
49125 49724
49143 51491
49154 51543
49156 49727
49164 49739
49167 49734
49172 49731
49174 49759
49182 49817
49184 49815
49185 49823
49186 49824
49189 49825
49194 49790
49199 49836
49217 49814
49222 51541
49223 51542
49225 49851
49226 51578
49228 49781
49230 49827
49241 51581
49247 49882
49256 51601
49257 51562
49258 49866
49259 49900
49271 51636
49280 49878
49281 49879
49287 49854
49289 51566
49290 49886
49291 49887
49301 51657
49307 51624
49308 49946
49309 49921
49310 49863
49312 49952
49316 51632
49321 49970
49322 51644
49336 49995
49339 49954
49350 47394
49360 49975
49365 51674
49372 51687
49376 50042
49378 50036
49384 50000
49387 49965
49388 49966
49390 47397
49392 49938
49409 50026
49411 50020
49417 50031
49418 49961
49419 49962
49423 51722
49427 50048
49443 51685
49450 50090
49455 50094
49465 50005
49466 47642
49472 50062
49474 50087
49476 50086
49479 51736
49488 50168
49499 50121
49504 50129
49512 50127
49513 50140
49517 50152
49532 50162
49554 51813
49566 50186
49581 50202
49588 50212
49593 50219
49616 50240
49619 51850
49622 50239
49636 50263
49637 50264
49638 50262
49642 50189
49644 50268
49645 50269
49648 50272
49649 50273
49667 50337
49670 51889
49673 50296
49676 51894
49681 50295
49683 50306
49698 50324
49705 42299
49712 50333
49715 50339
49718 50351
49723 50346
49730 50366
49734 50382
49738 50380
49739 51936
49747 51946
49756 50399
49774 51968
49775 48111
49780 50347
49781 50348
49786 50421
49787 48113
49788 48114
49792 50436
49804 50434
49805 50435
49808 50454
49820 50459
49821 50457
49824 48053
49835 50479
49836 48241
49843 50484
49854 50491
49858 48200
49859 48272
49873 48215
49874 50528
49881 50531
49888 50542
49903 50570
49909 50565
49917 48360
49919 48357
49927 48444
49932 50580
49940 52085
49955 50600
49958 50561
49967 50611
49978 50618
49986 50638
49987 50639
49993 50616
50001 48497
50011 50567
50013 50672
50022 50760
50023 48423
50024 50683
50025 50698
50052 50629
50056 50641
50059 50695
50063 50677
50083 50717
50097 50770
50104 48580
50109 50658
50119 50791
50120 50667
50125 50753
50127 48691
50134 50686
50139 48709
50155 48735
50165 50722
50166 50723
50172 52251
50177 50729
50184 48770
50196 50767
50225 50810
50227 50891
50228 50892
50231 50853
50242 50936
50244 48789
50250 50919
50254 50841
50268 50956
50269 50957
50271 48779
50273 50946
50274 48902
50275 48903
50276 50943
50277 50874
50278 50875
50279 50876
50284 10254
50292 50865
50299 50894
50307 48998
50314 51028
50338 51050
50341 52315
50342 51049
50344 50959
50351 51048
50369 52385
50374 51036
50375 51008
50379 49055
50380 51093
50381 51094
50382 52367
50390 51020
50391 51011
50399 51021
50411 51070
50424 51082
50428 48957
50435 51088
50440 51071
50463 49112
50468 51127
50479 49195
50480 52429
50483 49188
50498 49042
50499 51065
50500 51120
50501 51076
50507 49236
50520 51179
50523 49122
50526 49197
50528 51187
50529 49207
50532 51177
50540 51159
50551 49288
50553 51204
50555 51148
50560 49146
50566 51216
50570 51227
50576 51220
50579 49343
50583 51117
50585 49250
50587 51211
50597 51264
50610 49283
50612 49206
50615 51249
50622 49221
50625 51218
50633 51278
50639 49308
50646 52482
50652 51243
50668 49262
50705 51253
50706 51254
50755 51258
50907 52611
50914 52632
50915 51445
50916 51476
50923 51474
50930 49711
50943 52641
50948 51484
50959 51503
50960 51504
50961 51507
50962 51549
50963 51517
50981 51528
50993 51580
50994 52681
51000 51532
51016 49792
51020 51582
51021 51603
51024 51598
51025 51599
51032 52701
51039 51560
51040 51594
51058 52715
51066 51620
51067 51621
51069 49945
51070 51629
51072 51664
51083 52755
51085 51653
51098 51679
51101 51704
51103 51628
51104 49923
51110 51675
51111 51673
51112 51688
51114 51716
51115 51715
51116 51703
51121 51670
51122 51671
51123 51725
51129 51706
51135 51732
51136 52795
51139 51738
51145 51717
51152 51747
51155 51731
51162 51737
51169 51754
51171 52808
51174 51759
51182 52782
51188 51775
51200 51782
51231 51814
51232 51815
51238 51808
51249 51837
51265 51839
51271 51846
51274 51853
51280 52880
51303 51883
51311 51947
51319 51882
51326 51927
51327 51879
51329 51920
51338 51930
51341 52959
51342 50374
51346 51896
51350 51948
51359 51951
51360 51950
51378 51964
51381 50331
51382 51969
51390 51985
51391 50342
51406 51993
51434 52021
51435 53066
51455 51991
51456 52029
51467 53069
51477 52060
51496 52076
51513 52083
51554 52127
51560 52143
51562 53136
51567 50674
51580 52148
51581 52149
51587 52169
51588 52170
51591 52146
51596 52164
51629 52207
51632 50746
51635 50746
51637 52209
51638 52210
51641 52198
51648 52223
51653 52205
51654 52237
51656 50832
51664 50820
51669 52235
51671 50812
51680 52225
51681 52254
51682 52256
51689 52247
51694 52217
51714 52266
51715 50928
51716 52299
51719 52280
51727 50937
51728 50938
51730 52229
51732 50870
51733 50917
51739 50890
51742 50903
51762 52328
51763 52302
51769 52312
51786 50977
51791 52291
51795 52317
51809 52310
51811 52335
51818 52340
51824 52320
51826 51023
51828 51044
51834 52316
51837 52391
51838 51058
51863 51052
51865 52374
51867 51041
51877 52371
51888 52346
51889 51007
51905 51066
51907 52366
51910 53343
51912 51098
51915 51114
51918 51073
51927 51144
51928 51165
51929 52455
51932 52447
51942 51206
51945 52386
51946 51215
51958 51232
51959 51233
51963 51234
51973 51207
51974 51208
51978 51245
51983 52471
52015 51166
52025 51263
52040 52463
52060 52473
52095 599
52154 53474
52155 53475
52171 53460
52175 52636
52196 52682
52206 51527
52210 52657
52211 52658
52213 53496
52215 52661
52216 52662
52222 51537
52225 52711
52235 52692
52238 52707
52251 52694
52262 53512
52264 53522
52268 52726
52272 52728
52280 52757
52284 52714
52287 53521
52290 52743
52296 52751
52305 52764
52307 53550
52310 52800
52311 52801
52312 52802
52314 52787
52315 52788
52317 52810
52318 52811
52320 52786
52322 52812
52337 52821
52367 52809
52370 52848
52375 52855
52380 52861
52383 52869
52387 52872
52388 52873
52390 52877
52391 53583
52392 52879
52411 52894
52423 52905
52428 52913
52429 52939
52431 52912
52432 52943
52438 52940
52442 52928
52448 52931
52450 52935
52463 52962
52467 52989
52470 52965
52471 52966
52473 52925
52478 52977
52483 52978
52486 52982
52487 52985
52495 51919
52503 52997
52505 52996
52521 53026
52528 53027
52532 53032
52535 51966
52547 53049
52549 53050
52561 53081
52579 53096
52584 52037
52616 52119
52620 53126
52622 53092
52624 53113
52626 53133
52638 53108
52639 53109
52642 53116
52655 53172
52665 52185
52667 53119
52672 53127
52676 53168
52679 53186
52681 53134
52687 53180
52689 52237
52690 52236
52692 53143
52695 52202
52699 53798
52701 52249
52703 53198
52706 53181
52717 53216
52722 52246
52726 52243
52730 53238
52741 53246
52742 53241
52743 53242
52744 52277
52751 52349
52753 53257
52756 52288
52759 53281
52767 53244
52768 53272
52774 53256
52777 52324
52780 52354
52781 53276
52784 53309
52789 53283
52790 53284
52794 53290
52807 52404
52814 53259
52818 53312
52819 52392
52820 53315
52821 53316
52823 53297
52825 53328
52826 53329
52831 53273
52836 53341
52849 52420
52860 53337
52870 53354
52871 53360
52875 52474
52878 53347
52879 53362
52885 52481
52889 53321
52894 53384
52896 52427
52897 53389
52902 52423
52914 52438
52942 53375
52959 52490
53019 53474
53029 53961
53031 53460
53040 53469
53042 53482
53045 53479
53046 53478
53055 53499
53056 53494
53059 53489
53061 53994
53063 53999
53067 53510
53069 53522
53072 53525
53073 54000
53081 53531
53088 53539
53093 53519
53125 53586
53126 53553
53129 53578
53140 53592
53145 53599
53146 53600
53150 53619
53152 53605
53157 53610
53158 53609
53160 53607
53161 53608
53166 54053
53168 53624
53169 52934
53171 53621
53178 53632
53187 53637
53192 53649
53193 54075
53196 53654
53203 53666
53205 53681
53206 53005
53207 53667
53208 53670
53209 53675
53210 53676
53260 53716
53268 53724
53269 53111
53270 53726
53290 53747
53291 53748
53294 53749
53297 53113
53304 53723
53306 53755
53317 53754
53319 53763
53334 53798
53351 53819
53352 53820
53353 53821
53369 53843
53371 53281
53382 53833
53383 53837
53384 53838
53398 53846
53403 53331
53410 53868
53416 53326
53425 53370
53428 53353
53430 53904
53432 53901
53433 53902
53437 53905
53445 53364
53450 53911
53451 53383
53455 53912
53489 53909
53532 53958
53534 53974
53536 53968
53537 53969
53540 53978
53541 53980
53542 53472
53547 53981
53551 53988
53554 53989
53564 54281
53570 54005
53572 54009
53575 54008
53581 54011
53583 54013
53584 54014
53590 54299
53595 54024
53602 54313
53615 54044
53619 54047
53624 53627
53632 54063
53633 54064
53638 54074
53640 54070
53647 54072
53651 54076
53657 54080
53666 54086
53668 53707
53669 54095
53672 53688
53685 53725
53687 54108
53688 54120
53697 54114
53698 54115
53703 54121
53704 54122
53711 54109
53712 54110
53716 53757
53719 54137
53720 54138
53728 54146
53730 54129
53748 53825
53751 53802
53756 53824
53758 53804
53761 54172
53763 53850
53765 54195
53770 54174
53781 53856
53800 54218
53863 54260
53866 54261
53867 54262
53871 54267
53875 54278
53882 54284
53884 54291
53890 54297
53892 54305
53896 54491
53903 54312
53907 54315
53908 54316
53911 54318
53912 54502
53913 54323
53925 54335
53930 54341
53932 54342
53933 54344
53935 54346
53937 54355
53943 54347
53949 54534
53955 54366
53957 54370
53962 54380
53970 54555
53972 54381
53973 54382
53975 54375
53976 54127
53977 54130
53978 54131
53981 54390
53984 54397
53988 54402
53997 54171
53998 54156
54003 54423
54005 54419
54010 54203
54073 54484
54076 54487
54087 54496
54091 54501
54093 54643
54097 54508
54100 54509
54107 54510
54110 54516
54113 54517
54118 54523
54120 54340
54127 54526
54128 54663
54132 54527
54134 54359
54137 54533
54155 54397
54161 54395
54174 54569
54175 54582
54180 54423
54181 54573
54182 54574
54186 54588
54191 54429
54221 54615
54223 54612
54224 54722
54226 54727
54227 54619
54229 54731
54230 54620
54231 54621
54233 54729
54235 54626
54240 54628
54241 54629
54242 54630
54250 54638
54254 54634
54258 54645
54259 54646
54261 54649
54263 54652
54264 54742
54266 54653
54271 54745
54273 54654
54274 54658
54275 54659
54278 54514
54280 54666
54284 54543
54285 54668
54291 54678
54300 54685
54303 54681
54308 54684
54315 54689
54317 54584
54318 54581
54319 54690
54320 54586
54324 54694
54346 54724
54348 54730
54358 54737
54367 54743
54368 54745
54370 54747
54372 54803
54376 54756
54377 54762
54379 54673
54380 54761
54382 54763
54384 54765
54388 54767
54389 54771
54412 54785
54419 54790
54426 54800
54430 54803
54432 54807
54433 54805
54434 54808
54439 54809
54442 54812
54444 54815
54445 54816
54455 54827
54457 54829
54460 54830
54465 54833
54467 54836
54468 54866
54469 54838
54470 54839
54471 54846
54472 54848
54474 54810
54475 54811
54488 54865
54490 54868
54493 54871
54494 54873
54513 54876
54519 54889
