1534
125 18623
137 18594
138 18593
182 18575
263 18422
462 18527
509 18527
594 18527
733 14320
746 29264
794 19082
1011 17977
1050 18429
1134 17891
1178 17411
1188 17862
1257 17317
1523 17153
1627 17064
1849 16743
1867 16666
2140 28604
2240 28590
2306 16277
2361 16336
2632 15588
2748 15697
2847 15627
2860 27983
2892 27884
2938 28126
2977 28110
3018 27647
3104 14724
3127 27997
3186 27947
3202 27647
3326 15142
3339 15316
3355 27844
3365 15123
3461 15279
3467 15003
3524 15024
3551 14997
3565 27746
3691 417
3719 27646
3786 27448
3837 27540
3867 27512
3944 27176
3960 27182
4181 27457
4481 14829
4546 27040
4644 26936
4645 26937
4794 13999
5262 13579
5263 13580
5438 7879
5695 12940
5766 11992
5798 34888
5847 12039
5974 12647
6175 13090
6238 13014
6239 13015
6352 12283
6354 25722
6395 12239
6404 34662
6489 26016
6503 26010
6569 12929
6577 25594
6584 12682
6600 34547
6786 10980
6861 11764
6917 25403
6918 25402
6937 10871
7057 12474
7074 10410
7113 25078
7144 11231
7192 12303
7357 10990
7390 12097
7916 25227
8152 10300
8182 10575
8382 10434
8446 24521
8465 9946
8731 9667
8732 9666
8767 9715
8768 9714
8804 9673
8812 9661
8841 9627
8842 9650
8861 9600
9005 9450
9243 8215
9402 24035
9403 24034
9546 9520
9614 8688
9656 8660
9660 8323
9714 24162
9762 23634
9773 8533
10011 23616
10125 9563
10129 9283
10220 9459
10365 7718
10430 18468
10432 23070
10435 23192
10458 9212
10480 7757
10512 23068
10535 7700
10595 7208
10747 6376
10836 23434
10982 8304
11018 6612
11032 7678
11055 7086
11209 22621
11248 22867
11631 22403
11714 22246
11805 22237
11864 5669
12099 5755
12193 5882
12277 4637
12335 5555
12393 21847
12452 4343
12592 6958
12660 7031
12713 21559
12837 21621
13154 5427
13185 21220
13237 5354
13238 5353
13303 6237
13443 3084
13457 30006
13465 6072
13469 30006
13518 6010
13611 5651
13626 6114
13723 22407
13734 20845
13735 20844
13913 4524
13921 5623
14000 4604
14051 20653
14056 20642
14082 5549
14132 4362
14167 2373
14267 4336
14301 4715
14302 4714
14348 3965
14349 3966
14449 2012
14474 850
14576 1893
14584 20361
14896 22142
14899 25489
14913 20147
15138 8112
15202 16400
15213 2334
15304 2947
15311 2303
15525 859
15579 20568
15581 20759
15789 2722
15806 1659
15963 19673
16040 955
16065 1588
16198 1365
16274 3076
16275 3075
16287 2661
16288 2660
16439 4071
16662 4071
16708 19741
16754 3557
16866 368
17119 960
17172 2811
17224 2741
17752 1241
17778 2298
17904 25340
17982 2053
17986 1002
18011 2010
18017 2311
18116 1906
18598 1726
18645 1631
18663 1618
18674 1282
18832 1316
18945 9
18985 29862
19039 29827
19105 18658
19190 29974
19216 18922
19279 29551
19321 37303
19472 29739
19502 29511
19506 29510
19507 29509
19566 29450
19619 29404
19623 37212
19777 29542
19806 37042
19836 17434
19865 36992
19917 28789
19977 28740
20187 28562
20191 36597
20275 28188
20310 36457
20325 28366
20338 36620
20343 28202
20376 36368
20441 36533
20445 36391
20466 36374
20473 36272
20502 28157
20517 36253
20532 36470
20533 15745
20628 36373
20647 15533
20666 15531
20677 15493
20701 27938
20715 36309
20780 27945
20808 36154
20832 27777
20883 36166
20899 27809
20902 36016
20938 35982
20945 36093
20976 35887
20982 35876
20991 36063
20995 27562
21019 35825
21021 27663
21092 35756
21151 27531
21176 27042
21177 27041
21299 27377
21336 27705
21373 35516
21414 35470
21647 27010
21648 27009
21903 13426
21936 13348
21983 26769
22071 26498
22072 35252
22076 13732
22134 34904
22148 27287
22202 34965
22238 13475
22397 25781
22410 26673
22431 34673
22485 26470
22486 34565
22532 34654
22552 26086
22553 26085
22638 26064
22664 26452
22690 34557
22775 26248
22804 11536
22863 12488
22947 34198
23017 35523
23191 24933
23227 34082
23237 25667
23278 34065
23335 25088
23553 25292
23556 11508
23572 33982
23740 10773
23789 25080
23838 24906
23839 24905
23857 9905
23870 11073
23893 11133
23945 25061
23971 33562
24011 9764
24013 25419
24030 24763
24144 10683
24396 24114
24425 10198
24439 24545
24440 9911
24533 33426
24541 33260
24553 23505
24583 33230
24627 33055
24628 33054
24652 33034
24767 33063
24787 8918
24788 9551
25006 23698
25033 23915
25034 23914
25037 23259
25043 8195
25044 8194
25051 8737
25135 23348
25165 22991
25217 32708
25250 32697
25257 22770
25259 23395
25264 32659
25271 32680
25272 32679
25283 23379
25285 23641
25359 23052
25390 32508
25410 7581
25434 22967
25445 7492
25498 32347
25591 23075
25614 32796
25615 32794
25616 32795
25619 32361
25630 32401
25642 23763
25679 32340
25735 7349
25739 7396
25753 22571
25865 22473
25906 22732
25927 32313
25931 22672
26028 22080
26043 22956
26079 31959
26138 22561
26144 22149
26154 21854
26186 6462
26237 31917
26266 6737
26283 22157
26384 39091
26483 21417
26497 23048
26504 6409
26533 6512
26574 31455
26589 41923
26596 22204
26633 5352
26634 5351
26640 22820
26676 5295
26681 5248
26698 21219
26706 32224
26707 32223
26733 6072
26748 22265
26758 31704
26777 22783
26994 22016
26998 31131
27038 22514
27087 31129
27140 21826
27179 4231
27198 2288
27226 30982
27607 22112
27642 21218
27643 21217
27779 31299
27788 4456
27796 4490
27822 30515
27834 4622
27897 22013
27950 20555
27970 30361
27973 20316
28094 20227
28164 20721
28265 20347
28271 20497
28291 30586
28308 2427
28354 20964
28402 20506
28448 19360
28452 20409
28555 21366
28587 21507
28627 3469
28656 21460
28663 31645
28974 19817
29121 20594
29131 20251
29146 20372
29237 19793
29399 2014
29508 20290
29682 20092
29683 20091
29807 42995
29822 37656
29823 37655
29845 37895
29933 37865
29957 42827
29970 29527
30030 37895
30057 37724
30086 37275
30113 37315
30366 42420
30382 42595
30415 42573
30443 29091
30444 29101
30445 29102
30474 42550
30476 36880
30477 36886
30516 42533
30570 36611
30634 42294
30636 42429
30647 36762
30731 36632
30735 42288
30736 42348
30804 42313
30813 42299
30815 42218
30822 36509
30841 36582
30846 36566
30899 42089
30900 42230
30908 36411
30930 28547
30940 36644
30945 36521
30964 36446
30976 36431
30977 36430
30989 42209
31023 36306
31039 42114
31062 36328
31063 36327
31082 36283
31107 42005
31127 36298
31140 28021
31174 36175
31183 36152
31195 41903
31196 41904
31200 41895
31204 15189
31205 28193
31229 27734
31299 27599
31351 35988
31480 35849
31500 41768
31537 35610
31548 41633
31549 41634
31553 35529
31577 36061
31582 41670
31595 41662
31643 41609
31709 35556
31737 27287
31742 35546
31748 27278
31800 35463
31817 41493
31826 35499
31886 41443
31891 26788
31978 41358
32053 45441
32056 41355
32112 41267
32173 35513
32204 35364
32211 26681
32215 41226
32307 34978
32332 34926
32334 34857
32365 34811
32414 41059
32415 41058
32527 40993
32580 40859
32636 40882
32640 34755
32794 19258
32810 40732
32878 45117
32931 40644
32948 40633
32972 33923
32973 40755
33008 34270
33040 34201
33155 33858
33206 34047
33217 34023
33218 34042
33221 34094
33222 34092
33240 33992
33241 33991
33244 34461
33255 33997
33404 34334
33473 33914
33621 40147
33633 24554
33634 24553
33655 33313
33702 33128
33814 44408
33905 32864
33926 33828
33930 33766
33971 39863
33989 23735
34026 33222
34031 24464
34032 24465
34052 39864
34110 39742
34122 39825
34171 39731
34172 32914
34202 32958
34206 23653
34213 23545
34267 32564
34272 32528
34304 39651
34316 32839
34319 32470
34405 32603
34587 39464
34588 32247
34722 39309
34734 31922
34749 39260
34755 32349
34756 32348
34767 39263
34882 32939
34892 39156
34893 23258
34894 23257
34921 32899
34925 39091
34970 39078
35005 32146
35013 22309
35053 31794
35069 21605
35129 31511
35141 23051
35164 31358
35285 32044
35291 31293
35339 45648
35401 31929
35406 32483
35451 38710
35520 21702
35793 49425
35803 32254
35811 38412
35823 38792
35854 31202
35856 38504
35868 31109
35876 32288
35893 31047
36012 38271
36051 30394
36098 38662
36160 31310
36161 31309
36294 31830
36306 31840
36361 31807
36362 30225
36411 31266
36431 30911
36478 31002
36560 30987
36667 19954
36671 21039
36682 30844
36701 30555
36709 31315
36784 19803
36785 19802
36791 38038
36982 30814
37093 30488
37192 20577
37198 30748
37199 30749
37202 30903
37286 30908
37321 30789
37353 20498
37392 20129
37496 43043
37529 43139
37546 37893
37573 43124
37579 46591
37595 37865
37610 43097
37623 37786
37624 37787
37652 49391
37687 46550
37745 37636
37785 43047
37820 42606
37859 46420
37860 46422
37923 42612
38033 42459
38057 46300
38081 46270
38087 42329
38097 42647
38113 36632
38129 46099
38144 42366
38145 42365
38161 42299
38176 42284
38201 42254
38241 46151
38252 46169
38266 42169
38267 42168
38288 46131
38292 46127
38294 42199
38304 42187
38311 36357
38312 36364
38314 36543
38321 42139
38322 36338
38347 42163
38438 36443
38443 42061
38447 45891
38450 42052
38459 42045
38460 42221
38469 36147
38475 42035
38507 41824
38508 41823
38516 48887
38560 45813
38566 45910
38590 45787
38657 36092
38733 45717
38843 45738
38873 41663
38894 45613
38903 45599
38937 45573
38957 45543
38997 45458
38998 41483
39003 45481
39014 45396
39026 48557
39037 35466
39038 35467
39095 35091
39127 41345
39129 45380
39131 35064
39186 45418
39197 41418
39227 41207
39270 45367
39290 40904
39293 45332
39338 45163
39361 41071
39369 40882
39388 45134
39394 40834
39395 40833
39398 40829
39415 40811
39449 45081
39450 45112
39671 34609
39695 44966
39714 44933
39756 33602
39757 44959
39765 40775
39771 40400
39794 34187
39797 40365
39824 40345
39934 40458
39993 40625
40026 33785
40043 44707
40093 40023
40108 40358
40138 39974
40165 44654
40187 44631
40222 44608
40256 44585
40268 44561
40282 44541
40290 40169
40303 40450
40307 39918
40318 40094
40332 39788
40343 40110
40348 39758
40352 40473
40355 44427
40366 39742
40392 44389
40433 40297
40465 44325
40484 40346
40526 39569
40534 33417
40536 44382
40551 44293
40553 39793
40554 39792
40568 33119
40587 44229
40591 33387
40620 33042
40630 44300
40635 44204
40652 44193
40653 44192
40793 44013
40843 39380
40845 40010
40848 43962
40871 43931
40898 32537
40952 39035
40984 23051
40999 38982
41012 32721
41025 39489
41061 43750
41067 32577
41087 39366
41146 39365
41167 31874
41175 38744
41185 39269
41186 43656
41192 32483
41231 31970
41232 32449
41233 38668
41234 38692
41236 38743
41258 43632
41279 38856
41287 31983
41348 38522
41420 38802
41440 38936
41494 38852
41517 38727
41520 38828
41523 43596
41524 30471
41559 38251
41560 38262
41585 38555
41628 38532
41663 31244
41737 38611
41744 38549
41747 38394
41777 39206
41788 31057
41794 38781
41822 38695
41831 38838
41895 39109
41901 30986
41944 38524
41965 39070
42008 31322
42074 38964
42099 31272
42145 38339
42152 38286
42176 38531
42177 38530
42200 38542
42239 38649
42247 30728
42263 38733
42288 38298
42289 38297
42307 31039
42416 30806
42426 30718
42431 31011
42437 30707
42458 30769
42503 30701
42588 14994
42614 49436
42630 46624
42651 46754
42652 49397
42692 43040
42697 46707
42713 46548
42716 46491
42780 37614
42797 49324
42852 46423
42878 49248
42914 49188
42928 49134
42929 42581
42960 46365
43021 46283
43032 46185
43053 49005
43083 49080
43129 46182
43138 48978
43139 46040
43140 46168
43142 46167
43148 42242
43170 46140
43199 48916
43205 46055
43232 46035
43249 45944
43254 42237
43271 48929
43272 42222
43273 42256
43288 46166
43306 48871
43337 45973
43346 48846
43354 48839
43366 45961
43375 48870
43393 45927
43516 41743
43517 41742
43537 48747
43575 48798
43649 45591
43673 48573
43682 45657
43698 45660
43705 48561
43710 48592
43714 48531
43717 48578
43740 41673
43775 48521
43780 45520
43805 48585
43806 45515
43807 45516
43822 45557
43830 45433
43835 48479
43838 41566
43839 45451
43887 45395
43904 41413
43960 45331
44004 41085
44027 45272
44032 45267
44064 45258
44065 45257
44082 45247
44090 45227
44121 45390
44153 45013
44158 45351
44192 45116
44302 45023
44312 48172
44319 48234
44353 45051
44404 48000
44409 48112
44416 44721
44425 44987
44431 48039
44452 44869
44474 47946
44512 44738
44518 45055
44533 47939
44538 47929
44548 44782
44564 44599
44573 40070
44577 44574
44589 44554
44627 47864
44631 47857
44634 44668
44657 44455
44658 44883
44664 47796
44665 47795
44685 33699
44689 47779
44695 44756
44705 40258
44711 44530
44764 44416
44765 44415
44815 44840
44825 47650
44879 44337
44908 40174
44910 44268
44914 44438
44929 44409
44935 47644
44972 47546
44982 39883
44989 39687
44999 47539
45021 47496
45028 44305
45075 47547
45096 44093
45129 44509
45158 44179
45161 43846
45223 43922
45224 44096
45240 44191
45244 44207
45245 44206
45249 47267
45270 47252
45304 43928
45410 43598
45449 43621
45491 47064
45509 44117
45533 47022
45543 43698
45544 43718
45545 38949
45548 43774
45564 39377
45577 39315
45583 39321
45587 43747
45597 47191
45603 43337
45623 49931
45643 46953
45699 44014
45702 38791
45746 39112
45756 44034
45782 43421
45797 43580
45813 43951
45814 39128
45819 43368
45820 38734
45839 38992
45908 38619
45972 43349
45973 43348
45984 43847
46000 43571
46022 43700
46025 43527
46035 43367
46050 43328
46053 43350
46142 38013
46145 43560
46158 43552
46171 43542
46229 38597
46242 43467
46248 38527
46263 43545
46269 43490
46271 43533
46282 43514
46297 38506
46301 38523
46444 49344
46450 46649
46476 51271
46490 49293
46499 51254
46501 51243
46533 49381
46535 49304
46573 51225
46576 51232
46580 49250
46587 51212
46625 49204
46631 51184
46653 51173
46672 46286
46676 51150
46711 46269
46717 51078
46773 49054
46836 50965
46885 48933
46906 48820
46920 48900
46951 45972
47003 50862
47009 52284
47018 45890
47048 50826
47073 48779
47081 45857
47082 45856
47099 50775
47103 48735
47110 48704
47116 48698
47117 48697
47150 48673
47151 48674
47179 50777
47205 45562
47207 50723
47232 50686
47248 48540
47258 50672
47267 48491
47277 50636
47299 48474
47335 48615
47400 50637
47416 48375
47442 48239
47503 48327
47504 45286
47506 48324
47514 48326
47581 50377
47595 48009
47596 50389
47652 45083
47670 50298
47685 48298
47703 48011
47706 47877
47719 50259
47725 48106
47738 40595
47750 44674
47763 50284
47787 50206
47804 48216
47859 44901
47878 48100
47904 44815
47911 50128
47912 47920
47914 47784
47942 47950
47943 47951
47973 44643
47994 47932
48020 44689
48024 50057
48117 50052
48131 50034
48143 44391
48154 49943
48182 47569
48238 47433
48253 49894
48262 49857
48272 47601
48275 49877
48281 47451
48288 47572
48307 49893
48326 47194
48332 47453
48340 44076
48357 47431
48364 47528
48375 47148
48397 47172
48398 47171
48429 47466
48452 39330
48473 47339
48487 47306
48490 47319
48510 44106
48519 44100
48545 44064
48596 46916
48603 29772
48637 47034
48648 44060
48649 44059
48661 44021
48662 44033
48677 47487
48705 47141
48706 43616
48711 43943
48743 46994
48744 43592
48763 46971
48770 46989
48804 46938
48828 43706
48885 47081
48914 43372
48918 47181
48975 43551
49000 43491
49002 47131
49017 47143
49084 49528
49117 52534
49124 49506
49139 51272
49143 52531
49167 49455
49185 49321
49191 52481
49198 49368
49200 51241
49217 52473
49222 52447
49230 52463
49280 51144
49281 51143
49291 51132
49294 51101
49308 49103
49316 52409
49321 51118
49322 52399
49338 49097
49359 51066
49383 50982
49392 50981
49423 52349
49450 48900
49474 50931
49498 50913
49512 52259
49554 50840
49577 52227
49588 52222
49616 50805
49637 48743
49638 50771
49644 50770
49645 50769
49670 50828
49705 47383
49712 50680
49747 52139
49780 50542
49788 50637
49804 52072
49805 52071
49821 50612
49822 50611
49840 52039
49843 50593
49844 48464
49854 50575
49856 50674
49873 48152
49887 52027
49909 50446
49913 52003
49914 51962
49932 50581
49942 50438
49961 51945
49973 51937
49986 51949
50040 50382
50052 50187
50063 51864
50134 51786
50154 50185
50155 50184
50160 50065
50161 50064
50177 51750
50204 50149
50218 50052
50224 50268
50225 49975
50227 50051
50254 51691
50258 51683
50281 51677
50335 50047
50350 49949
50375 49843
50428 49722
50486 49850
50499 51503
50523 49638
50528 49865
50533 51490
50536 49626
50555 49713
50610 49669
50613 49811
50649 49725
50703 47068
50747 47257
50769 49710
50770 49709
50773 47078
50782 49578
50863 47131
50911 53421
50918 52585
50948 52538
50973 52508
50977 52570
50981 52503
50994 52492
51000 53355
51033 53336
51040 52448
51046 53326
51048 53348
51055 49249
51070 52408
51075 51160
51083 52414
51092 53305
51111 53294
51214 50977
51273 50885
51274 52244
51280 52181
51329 52174
51373 52081
51381 52074
51398 52116
51406 52105
51422 50677
51430 52143
51452 52032
51467 52118
51508 50587
51509 50567
51518 52084
51527 50534
51530 51938
51531 51937
51562 52046
51641 52881
51651 52858
51656 51859
51669 52859
51675 51896
51682 51866
51727 51795
51728 51794
51730 52788
51732 52799
51740 52798
51746 51696
51752 51772
51790 52758
51791 51689
51802 51648
51824 51660
51865 51600
51882 49985
51918 51507
51927 51620
51928 49931
51940 51651
51963 49878
51973 51529
51974 51528
51980 49929
51983 51520
51984 51519
52006 51589
52027 51567
52029 51567
52043 51625
52086 49753
52117 51552
52131 49570
52258 53343
52280 52410
52303 53861
52305 53302
52306 53298
52308 53301
52371 53246
52383 52326
52387 52282
52392 53216
52414 52302
52423 53794
52431 53787
52432 52228
52437 53201
52441 53772
52505 53734
52521 53089
52546 53714
52547 53736
52570 53681
52582 53675
52583 53693
52596 53661
52618 54070
52619 54071
52667 52865
52695 53591
52702 51825
52703 52885
52723 53575
52745 52913
52777 52753
52814 52696
52846 52833
52869 52733
52875 51641
52878 52697
52913 52675
52929 52779
52944 52682
52949 52686
52960 52694
53040 54254
53046 54248
53073 54233
53146 53225
53150 53184
53161 53801
53208 53756
53272 53666
53285 54069
53304 54060
53316 54049
53317 54048
53343 53575
53348 54018
53351 53587
53352 53586
53421 53962
53445 53502
53484 52740
53537 54268
53542 54252
53558 54244
53575 54226
53602 54204
53619 53824
53626 53812
53640 54162
53649 54387
53650 54157
53659 54379
53706 54342
53716 54047
53739 54043
53750 54011
53758 54006
53761 54003
53770 54302
53822 53529
53834 53991
53857 54473
53875 54452
53897 54218
53902 54429
53903 54430
53907 54424
53943 54561
53974 54525
53975 54526
53976 54336
53998 54515
54034 54293
54067 54729
54071 54624
54093 54591
54120 54697
54125 54390
54127 54382
54131 54570
54136 54562
54138 54691
54147 54684
54160 54676
54180 54510
54182 54656
54186 54514
54228 54794
54259 54710
54260 54596
54264 54707
54273 54704
54278 54768
54312 54749
54317 54660
54348 54799
54351 54859
54380 54836
54396 54741
54421 54858
54423 54856
54432 54847
54465 54887
54467 54883
54472 54846
54497 54872
54515 54934
54528 54942
