3037
79 2947
114 20541
149 20809
193 20604
240 2031
242 21026
255 2298
300 1867
331 1894
348 1955
384 21223
426 20620
427 20621
437 3408
456 2267
458 20909
461 20638
475 2069
496 21329
507 2826
531 21269
538 2613
556 21317
567 3052
593 20793
609 20985
611 3489
638 2936
669 21445
672 2863
681 2440
690 21419
730 2541
732 21465
733 21466
743 21463
745 2701
747 2916
749 3758
755 3172
774 20772
782 21493
790 21467
794 21478
807 3807
808 3808
841 21477
863 3863
913 3273
955 21539
1002 21595
1023 3824
1087 3894
1088 3895
1111 21648
1119 2839
1149 2975
1168 21587
1248 21156
1262 21727
1320 21636
1342 4049
1344 3147
1467 21451
1471 4166
1532 21747
1534 21803
1538 21337
1555 21385
1575 3787
1576 3788
1579 21348
1586 3793
1596 4353
1603 4260
1618 21519
1666 4159
1672 3908
1691 4183
1770 4521
1776 3811
1784 4753
1787 4303
1788 4281
1793 4067
1808 4559
1810 21912
1839 4617
1845 21948
1855 21879
1875 4661
1926 4512
1944 4758
1978 21679
1992 22032
2089 16416
2102 4486
2259 22008
2278 5165
2279 5166
2282 22313
2283 22314
2294 22242
2348 22014
2358 22387
2385 4508
2406 4627
2470 4242
2506 4938
2507 22471
2553 5015
2561 22502
2575 22155
2583 22544
2633 2246
2641 4808
2652 32100
2661 4242
2665 4242
2686 22633
2690 5629
2719 5137
2746 22145
2747 22146
2801 5751
2802 5752
2818 22540
2917 4242
2936 5176
3040 5484
3046 22129
3122 22897
3135 5602
3136 5603
3173 5134
3267 22595
3271 4916
3312 5841
3324 5792
3364 6502
3420 5890
3431 6472
3492 6022
3510 5966
3527 22767
3528 22768
3546 22791
3571 6088
3724 23136
3754 6034
3819 6283
3836 6318
3867 6319
3896 23102
3915 6453
3925 6408
3988 23083
4084 6274
4085 6585
4086 6586
4137 6757
4141 6657
4169 23455
4170 6398
4254 23272
4315 6561
4372 23253
4429 22979
4463 6649
4465 7156
4492 6682
4528 7175
4559 7941
4587 7714
4588 7715
4624 6852
4627 23539
4666 7255
4677 6709
4717 7291
4719 23587
4732 23586
4764 7358
4772 7385
4834 23254
4847 7840
4851 7996
4863 7475
4871 23440
4928 7574
4936 23753
5002 23768
5018 23777
5033 7621
5078 7844
5079 8233
5095 8249
5200 7824
5218 7853
5225 7853
5276 7949
5301 7977
5302 7978
5327 7968
5352 24341
5357 8105
5459 8135
5573 8193
5574 8194
5581 7602
5606 8136
5609 8206
5618 8247
5619 8248
5640 8246
5668 24199
5669 24200
5674 8924
5676 26099
5689 8936
5694 8931
5734 8312
5766 8329
5772 23840
5796 8350
5797 8435
5804 8357
5805 8358
5837 23892
5862 8166
5915 7883
6020 8446
6077 8682
6085 8842
6086 8843
6158 8769
6254 8850
6324 8316
6384 8396
6455 9166
6462 9653
6468 9172
6477 8464
6488 9588
6536 9282
6555 9087
6626 9239
6627 9240
6644 9331
6656 9348
6657 9316
6670 8712
6705 9394
6706 9395
6724 9437
6798 8757
6799 8758
6800 8768
6816 24855
6823 9495
6839 9493
6941 9572
7006 9360
7007 9620
7066 9697
7168 9168
7169 9169
7191 9702
7277 9536
7295 33888
7409 7929
7421 10454
7476 10061
7485 10087
7544 25191
7558 10125
7585 10183
7597 10097
7613 10371
7645 10418
7933 9764
7974 9816
7976 9818
8046 10446
8066 10804
8067 10805
8070 10529
8175 25435
8179 10797
8293 25512
8332 10276
8460 11687
8461 11685
8467 11251
8468 11252
8470 11102
8473 11105
8474 11243
8524 11776
8525 11777
8561 11815
8645 11895
8657 11915
8699 11260
8706 11362
8707 11363
8724 11283
8729 11344
8745 11427
8746 11428
8751 10534
8834 12060
8929 10809
8978 11537
9032 11742
9076 11663
9143 11645
9176 11665
9193 26004
9195 11580
9347 11148
9368 11990
9378 11984
9392 12531
9407 11412
9419 11917
9420 11918
9497 11885
9530 12250
9537 12071
9543 12738
9623 12135
9638 12785
9646 12034
9685 12224
9693 12864
9716 12423
9719 26351
9727 12922
9846 13012
9885 12320
9943 12538
9990 13166
10008 12614
10095 13261
10114 13304
10277 12792
10297 12742
10316 12829
10326 12763
10327 12764
10342 12793
10411 13059
10497 13017
10513 13030
10514 13031
10538 13270
10564 13104
10591 13199
10594 13194
10664 12573
10704 13337
10745 13378
10746 13379
10752 13338
10753 13339
10846 13460
11138 13650
11200 13718
11207 13782
11245 13560
11246 13561
11325 14259
11338 35068
11339 13915
11370 13876
11381 13645
11429 13975
11502 14007
11503 14008
11527 14035
11546 14024
11547 14025
11590 14085
11591 14086
11624 14111
11625 14112
11637 14120
11644 27130
11663 14291
11703 13977
11730 14220
11731 14221
11732 14212
11788 14265
11842 14330
11844 14690
11903 14230
11912 14394
11928 13989
11940 14276
11941 27793
11986 14332
11990 14275
12088 14563
12104 14448
12105 14576
12106 14577
12108 14652
12109 14653
12117 15150
12167 14615
12228 14533
12230 14686
12281 14475
12316 14805
12371 28004
12389 15877
12479 14870
12509 14017
12558 14650
12589 15105
12598 15047
12606 15099
12615 15160
12626 14904
12664 14619
12827 14648
12838 14666
12850 14953
12882 15241
12900 15877
12987 15877
12993 15272
13016 15330
13067 14963
13077 15439
13102 15009
13145 15211
13237 15608
13260 15530
13295 15877
13342 28030
13346 15728
13357 31237
13378 15571
13400 15820
13443 15788
13465 15802
13492 15928
13493 15837
13565 16086
13585 16100
13604 16056
13608 15930
13611 16137
13662 27960
13772 15714
13784 16122
13798 16669
13863 16145
13887 15264
13891 16484
13965 16553
14000 16503
14014 16504
14020 16044
14021 16045
14046 16374
14090 16594
14094 16409
14114 16090
14137 16213
14244 16510
14285 15748
14295 16638
14359 16461
14454 16893
14475 16489
14554 28841
14599 16805
14606 16475
14614 16895
14639 17170
14678 16890
14709 16335
14764 16250
14948 17445
15008 17442
15016 17300
15055 17226
15058 17317
15062 17656
15093 16851
15094 16852
15123 17668
15216 17165
15278 16730
15302 29354
15321 17432
15351 17833
15356 17756
15382 17619
15387 17779
15427 17873
15428 17874
15444 17962
15562 18167
15628 17746
15641 18230
15645 17935
15659 17776
15660 18173
15689 18260
15710 18236
15760 35539
15788 18380
15862 18377
15872 17632
15898 18423
15961 17375
15982 18661
16041 17866
16048 17990
16063 18343
16064 18344
16127 17893
16163 18315
16168 17919
16182 18681
16250 18030
16283 18543
16317 17991
16364 18661
16400 17766
16401 17767
16414 18086
16437 18640
16442 18829
16467 18882
16496 18934
16509 19228
16511 18967
16547 19002
16642 19206
16939 19057
16991 18415
16992 18416
17049 19168
17050 19169
17087 19172
17155 18474
17211 18667
17596 18892
19329 20422
19401 30903
19415 20425
19428 21003
19436 20875
19443 21115
19460 21119
19472 20744
19500 31429
19506 20714
19517 20872
19530 21137
19550 20595
19555 31452
19562 21267
19568 20995
19597 20651
19600 31407
19616 21270
19665 21047
19688 20826
19728 31254
19747 31689
19771 31476
19790 31430
19791 31431
19830 21166
19843 31511
19855 20972
19870 31371
19900 21654
19909 31793
19910 31794
19930 31392
19931 31393
19937 31420
19942 21157
19962 21157
19969 31416
19985 21175
19986 31481
19987 31482
20008 31465
20053 31481
20054 31482
20078 4140
20104 21619
20108 21450
20156 31714
20186 21841
20212 21888
20254 21912
20262 31968
20275 21905
20276 21930
20289 31989
20291 21957
20295 32002
20310 32017
20311 32018
20317 32017
20318 32018
20343 21915
20354 31688
20398 22060
20443 22135
20473 22015
20559 32226
20623 22368
20624 22369
20637 31980
20646 31972
20648 21979
20671 32132
20672 32133
20681 21964
20738 32134
20764 32416
20773 22190
20802 21917
20811 32190
20844 22611
20878 32262
20893 22355
21033 22499
21173 22685
21180 22343
21194 32473
21220 22739
21314 22602
21346 22887
21382 32600
21410 22967
21417 32622
21436 22992
21455 32657
21458 32642
21464 22841
21466 22839
21471 23002
21495 6292
21508 23245
21510 23030
21511 23031
21527 23110
21539 32994
21558 22926
21575 23120
21592 22986
21616 32807
21620 23131
21640 6535
21662 23520
21663 23521
21691 23617
21696 22911
21697 23300
21712 23579
21713 23580
21715 33116
21728 23646
21729 23647
21771 23317
21788 22899
21793 23034
21797 33197
21864 33085
21901 6716
21915 32872
21922 23181
21923 23182
21932 7003
21998 23255
22011 33210
22014 23591
22023 23384
22052 33407
22065 23626
22074 23551
22081 23663
22089 33105
22161 23734
22205 23851
22215 32884
22237 33086
22257 24108
22283 24279
22288 33421
22296 23795
22310 23929
22311 23930
22345 7977
22346 7978
22374 33372
22391 7898
22460 24094
22480 24012
22488 24431
22490 33488
22498 33472
22502 24177
22519 24184
22528 23776
22548 24180
22569 33839
22612 24179
22619 33340
22631 23874
22647 23918
22659 24319
22675 24306
22678 24332
22686 24318
22702 24706
22708 23944
22726 24069
22727 24192
22763 8741
22794 24410
22797 24746
22805 33766
22806 33767
22807 34033
22821 33760
22822 34037
22832 34045
22840 24446
22869 24841
22873 24846
22875 24495
22876 24496
22884 24173
22889 24071
22895 24883
22960 24617
22961 24618
22985 24659
22986 24958
22993 24630
23003 24641
23015 24717
23028 34198
23053 8958
23063 24765
23095 24806
23131 24594
23148 24745
23149 34057
23160 34082
23238 9221
23268 24935
23304 24932
23483 9936
23531 24998
23550 9284
23602 25255
23612 24777
23627 34411
23674 25346
23724 24944
23801 34595
23846 25107
23866 25466
23872 25154
23875 34635
23880 34966
23890 9966
23921 34658
23928 34663
24016 25609
24035 34491
24055 25645
24134 11241
24140 34926
24152 25848
24159 25368
24160 25834
24184 26190
24185 26191
24186 26192
24215 25880
24257 26253
24269 25923
24280 34962
24299 25957
24318 25577
24332 26349
24344 25951
24364 26179
24395 26403
24396 26404
24413 26047
24438 26087
24462 26218
24465 26124
24471 34985
24485 11719
24517 26302
24542 26532
24574 26541
24576 26543
24600 26135
24611 26248
24614 26261
24625 26288
24637 26232
24647 26202
24653 12017
24661 26314
24668 26272
24669 26273
24709 26292
24715 26447
24720 12101
24721 12102
24724 26340
24730 26274
24736 26347
24745 26430
24746 26431
24761 26494
24762 26260
24773 26501
24774 26395
24775 26396
24827 26345
24925 26528
24967 26281
24979 26621
24994 12578
25035 26668
25065 35549
25202 12817
25232 26802
25233 26803
25238 26717
25254 26847
25351 26949
25415 26997
25422 27016
25431 27043
25496 13566
25497 13567
25544 27128
25569 26972
25570 26973
25639 27178
25657 27308
25675 27226
25695 27345
25706 27213
25708 35874
25747 27519
25832 27372
25883 27441
25909 14153
25954 14617
25980 36305
26030 27494
26062 27610
26064 27612
26096 27511
26107 27646
26113 14508
26213 27736
26230 27635
26245 27317
26270 14778
26315 27869
26321 14858
26327 27722
26330 27780
26332 27718
26367 14557
26391 27918
26404 27966
26409 27628
26413 27724
26428 15059
26436 27985
26437 28232
26530 15346
26551 27771
26563 15336
26577 27811
26589 27779
26597 15469
26616 28097
26620 28060
26635 27843
26649 27935
26668 14735
26726 27912
26731 27687
26820 28219
26821 28220
26843 28312
26884 28264
26964 16078
26965 16079
27042 28469
27043 28470
27046 28187
27091 28032
27107 28025
27140 28419
27166 28142
27190 28325
27215 16553
27218 28113
27225 28575
27235 28684
27246 28539
27247 28540
27257 16015
27259 16065
27262 28624
27267 28407
27272 28671
27273 28672
27276 28677
27277 28647
27280 28659
27298 16604
27299 16605
27311 28966
27355 28753
27398 28689
27404 28850
27407 28856
27440 28544
27478 13594
27510 17047
27536 17090
27537 17091
27539 16868
27556 28816
27581 16860
27586 28910
27616 28797
27624 16674
27639 17025
27641 17243
27642 17244
27658 28805
27697 29161
27698 29162
27708 28562
27712 16443
27760 17475
27765 29188
27791 17317
27801 37198
27825 28793
27834 16591
27859 17438
27860 17505
27907 17660
27908 17661
27926 29355
27941 17285
27951 28915
28001 29429
28022 17557
28061 18006
28067 29083
28146 29495
28150 29347
28153 29499
28165 29158
28178 17183
28179 29167
28212 37431
28225 29212
28230 17857
28245 17897
28256 29656
28265 29211
28272 17225
28317 18259
28336 18212
28349 29803
28357 29707
28367 29766
28370 29409
28380 17692
28419 29803
28424 29784
28428 37632
28436 29369
28437 29370
28494 29557
28507 18495
28508 18496
28528 18855
28532 29764
28533 29765
28547 18765
28554 18570
28561 18707
28563 29379
28609 29542
28610 29543
28612 29589
28637 29787
28638 29606
28659 29873
28674 18722
28798 29587
28847 30048
28955 19113
28996 18714
29024 19100
29025 18624
29037 29930
29042 19147
29081 29904
29088 43197
29103 29925
29155 29937
29197 30071
29382 19053
30336 20279
30377 38774
30408 31106
30423 30964
30451 21152
30471 31497
30478 31041
30479 31042
30500 31165
30513 43772
30525 21000
30542 31182
30572 31294
30578 31487
30586 31497
30591 31232
30600 31421
30623 31489
30628 38799
30640 38812
30641 38821
30674 31548
30701 38927
30720 38916
30744 31883
30773 31507
30780 39008
30790 31831
30793 44038
30805 31639
30847 31917
30860 31667
30915 31743
30925 31671
30928 39254
30937 39313
30944 39321
30945 39322
30959 39325
30968 39246
30974 39344
30975 31963
30979 31826
30992 31765
31007 31722
31120 31949
31127 39480
31182 31992
31183 31993
31198 32165
31199 32166
31228 32038
31242 32159
31247 32076
31248 32077
31256 32179
31311 32234
31346 32089
31347 32090
31413 32373
31436 32391
31437 32392
31473 39613
31531 32465
31554 39659
31560 39561
31562 32285
31576 32518
31581 32758
31651 39739
31661 39709
31673 39750
31679 32596
31684 39931
31685 39733
31717 32617
31727 39781
31756 32826
31762 32829
31773 32541
31775 32851
31776 32852
31783 32714
31789 39828
31797 32709
31802 32554
31816 39849
31820 32814
31826 32818
31835 32565
31836 32564
31842 32796
31851 39878
31852 39879
31878 39927
31884 40051
31905 32866
31908 32856
31912 40071
31925 32778
31928 33151
31943 32773
31950 19090
31974 32983
31987 32966
32003 32972
32005 32876
32017 40002
32045 32839
32062 32879
32076 33088
32077 32966
32086 39923
32088 40024
32089 33121
32090 33122
32091 32838
32104 40037
32131 40053
32145 32937
32157 40009
32173 40106
32197 33198
32199 33384
32209 40282
32224 33246
32250 33255
32258 33263
32278 40215
32301 33381
32309 33353
32324 33285
32342 33556
32344 40069
32354 33389
32356 23857
32375 33405
32377 33586
32387 40261
32435 44313
32436 44312
32443 33486
32445 33219
32458 33430
32470 33500
32498 40335
32519 33274
32523 33552
32524 33553
32529 24180
32530 33568
32534 33291
32536 33567
32581 33694
32589 40318
32602 24314
32603 33643
32619 24665
32623 33711
32624 33712
32625 33627
32637 33690
32644 24068
32651 33723
32656 33982
32669 34004
32670 34005
32692 33760
32700 33509
32701 33510
32724 33570
32727 34090
32735 34102
32736 40534
32750 34122
32760 33731
32761 33732
32773 33923
32779 40358
32785 33895
32807 40583
32810 33852
32822 40745
32827 33882
32828 33865
32842 33968
32844 33796
32857 34021
32863 33925
32871 33928
32886 33952
32890 40646
32894 34264
32903 9378
32913 34057
32924 34076
32925 34077
32933 33909
32970 33929
32971 34154
32981 34344
33003 25029
33005 40734
33027 34402
33041 34211
33109 172
33110 34288
33114 34289
33171 34329
33173 34546
33200 34370
33210 34390
33217 34256
33250 34403
33256 34422
33260 34642
33265 40821
33268 34432
33276 34458
33281 34371
33311 34404
33321 34484
33361 34566
33405 34593
33415 34602
33432 34595
33435 34630
33439 34925
33459 40816
33470 25155
33480 34259
33487 34724
33519 34662
33529 34727
33543 35059
33580 35041
33593 40955
33603 34882
33607 41133
33617 34898
33663 35129
33666 26166
33667 26168
33695 35160
33717 35200
33737 34920
33749 34976
33750 34942
33801 35039
33802 35040
33807 34984
33809 35002
33816 35098
33819 35314
33834 35088
33840 35062
33857 35084
33862 35347
33883 26127
33895 25988
33905 35382
33914 35121
33953 35274
33954 35192
33967 35097
34006 35250
34016 25992
34017 25993
34034 41384
34053 35539
34057 35331
34064 35284
34066 35281
34078 35299
34088 26108
34090 35323
34107 35337
34130 35363
34159 26215
34181 35431
34215 35464
34217 26294
34231 35489
34296 35558
34319 35540
34326 35798
34352 35563
34369 26715
34396 26808
34433 35638
34444 35616
34506 35655
34510 35908
34519 41443
34525 35769
34570 35813
34661 35915
34679 41533
34692 36007
34707 35941
34724 35974
34729 27223
34740 35846
34746 36156
34749 27234
34772 35933
34777 36009
34795 35905
34808 35723
34824 35818
34838 27348
34843 36072
34856 36081
34875 35857
34877 27545
34898 36120
34912 36143
34925 35913
34959 36295
34990 27665
34994 27580
35004 27023
35025 36236
35100 36224
35106 36387
35112 36308
35123 36467
35132 36404
35167 36323
35168 36324
35171 27773
35175 27781
35181 36146
35238 36417
35254 36241
35260 27897
35267 36232
35287 36500
35291 27961
35316 36469
35338 28019
35357 36543
35377 36563
35378 36732
35389 36481
35411 36560
35434 28123
35435 28124
35468 36437
35475 28174
35476 28175
35508 36490
35521 36675
35531 36692
35532 36693
35545 36720
35568 28408
35574 36513
35589 36533
35590 36534
35592 36750
35608 28358
35614 36834
35641 28345
35642 28346
35683 36544
35692 36685
35753 36868
35755 36561
35774 36762
35786 36959
35800 36970
35859 37044
35895 16873
35896 28775
35913 37025
35914 37026
35959 37190
35968 36838
35971 37071
35974 28715
35982 37008
35983 28727
35991 37020
36000 37105
36005 37162
36062 28648
36078 37064
36079 37065
36086 37016
36101 37081
36114 36951
36126 28983
36130 36999
36151 37082
36221 29058
36222 29059
36238 37324
36244 29130
36262 29199
36263 29200
36321 29228
36359 37534
36383 37481
36418 29134
36448 37615
36464 29251
36476 29467
36485 37479
36499 37352
36511 29629
36547 37569
36567 37403
36577 37329
36586 37434
36589 29300
36632 37780
36636 37492
36639 29488
36674 37580
36675 37523
36688 29597
36717 37830
36783 37774
36825 37947
36827 29933
36879 30015
36925 37689
36958 37664
36962 37959
36985 37965
37061 30101
37069 37974
37081 30154
37085 37980
37100 29902
37168 37915
37169 37916
37238 37997
37924 43896
37928 38880
37934 38537
37955 38895
37973 38771
37986 38819
37988 43942
38002 43815
38011 38773
38019 38660
38020 43832
38021 43824
38024 31388
38038 38818
38039 43845
38051 38851
38091 38796
38094 38912
38115 38804
38116 38805
38121 38940
38128 39077
38138 39091
38181 31883
38195 39023
38203 43947
38216 43957
38243 44113
38246 39051
38247 39052
38255 44093
38264 43987
38271 44129
38273 44212
38275 44178
38280 39337
38282 39094
38285 44195
38303 39118
38304 39119
38308 31779
38319 44227
38322 44079
38326 39073
38354 39113
38356 44271
38357 44272
38359 44266
38400 44298
38404 44215
38409 44159
38454 39255
38469 39259
38479 44220
38504 39444
38511 39444
38523 39479
38546 44381
38550 39482
38621 44468
38622 32420
38630 44471
38636 39578
38645 44378
38647 44379
38674 44421
38686 39642
38695 39659
38715 44430
38755 39726
38756 44464
38765 39750
38778 39931
38797 39781
38803 44489
38817 39900
38818 39674
38842 44519
38846 39731
38858 44572
38863 44476
38864 39849
38883 39878
38884 39879
38910 40071
38911 40016
38913 39915
38928 39945
38934 40091
38947 40119
38949 39964
38954 44654
38959 44580
39002 44635
39015 44682
39023 40129
39024 40130
39033 40061
39044 40231
39070 40098
39081 40281
39089 40118
39119 40267
39138 40286
39142 40184
39143 40185
39158 40201
39189 40069
39205 40237
39221 40172
39238 44913
39256 40292
39257 40293
39264 40259
39294 44944
39295 44945
39323 40338
39328 44973
39336 40514
39338 40525
39345 40199
39346 40200
39356 40354
39366 40372
39383 40565
39389 40402
39390 40403
39400 40250
39407 40415
39414 44930
39421 40621
39429 45046
39433 40430
39438 40459
39447 40636
39450 40632
39457 40648
39458 40649
39460 40441
39471 40509
39489 33518
39503 40694
39504 40695
39507 40702
39532 40551
39535 33648
39549 45015
39558 33577
39568 40601
39573 40589
39585 45041
39591 40530
39605 45042
39619 40814
39625 40669
39628 40819
39633 40647
39647 40834
39659 40843
39660 40844
39664 33929
39668 40716
39669 45065
39674 40727
39687 40738
39731 40736
39742 40549
39772 40827
39789 40830
39810 40860
39824 40997
39831 40877
39854 40905
39855 40906
39861 40928
39862 40929
39863 40903
39867 45094
39871 40923
39881 45233
39882 41169
39900 40963
39902 40975
39903 40976
39904 40977
39930 40762
39953 41012
39954 45251
39964 41037
39982 41071
39984 40839
39989 41063
39998 41073
40020 41148
40021 41174
40034 41162
40045 41204
40064 34826
40070 34846
40071 34847
40072 41222
40107 41170
40111 41192
40113 41228
40114 41229
40136 41247
40137 41225
40144 41259
40167 41099
40168 41255
40192 41298
40202 45488
40228 41343
40236 41326
40263 41452
40264 41302
40266 35214
40268 41461
40272 41335
40278 41235
40298 41397
40305 41367
40340 41408
40346 41399
40352 41390
40371 41430
40383 41311
40388 41567
40425 41466
40447 35444
40456 41455
40466 41514
40487 26740
40504 41509
40513 41521
40519 35310
40552 41604
40553 41605
40559 45805
40560 45806
40604 41580
40605 41655
40625 41649
40658 41442
40663 41443
40687 41657
40700 41719
40705 41724
40733 41731
40785 41807
40790 41810
40791 41811
40800 35888
40809 41824
40907 42041
40908 42042
40939 41969
40949 41990
40965 41976
40966 41977
40967 36152
40982 36100
40998 41960
41011 36221
41016 42119
41020 42034
41065 36312
41066 36313
41073 41924
41139 42169
41147 42013
41152 41897
41160 42198
41165 42147
41176 42280
41198 42079
41206 42254
41212 42187
41217 42265
41229 36317
41250 42120
41258 42323
41264 42321
41295 36644
41313 46202
41318 42170
41348 42211
41366 36737
41368 41855
41373 42404
41378 42285
41379 42286
41392 42371
41409 42385
41418 42309
41426 42397
41448 36819
41453 42414
41458 42441
41460 36753
41464 36811
41465 36812
41470 42464
41472 36871
41475 42221
41479 36544
41486 36685
41492 46286
41514 42364
41534 42260
41546 42400
41550 42259
41580 36902
41604 36855
41613 42496
41629 42516
41645 37103
41665 36838
41672 42601
41673 42602
41678 37148
41684 42667
41690 42631
41706 42648
41712 42544
41713 42642
41723 42726
41730 42614
41735 42681
41766 42583
41774 42751
41777 42706
41782 42755
41803 48921
41826 42794
41833 46579
41837 46533
41842 42874
41872 46595
41876 37385
41893 37473
41894 37474
41901 42901
41906 42689
41961 46665
41995 37542
42020 37261
42029 42825
42035 42993
42045 42761
42051 42783
42076 37708
42081 43053
42109 42796
42111 43109
42113 37444
42125 43039
42141 42920
42168 37745
42174 43052
42189 43066
42195 37770
42200 37622
42224 37756
42263 43170
42269 43140
42273 37713
42285 42946
42325 37866
42334 37864
42342 37656
42345 37929
42370 37959
42377 37907
42378 43027
42408 43251
42443 43108
42455 43269
42465 43176
42502 43178
42554 37997
43031 47171
43043 43787
43044 43777
43048 43647
43073 43675
43076 43813
43103 43716
43121 47343
43123 43842
43125 43792
43143 47328
43152 47433
43166 47294
43172 43850
43189 47363
43198 47339
43231 43877
43239 47372
43301 39061
43315 44024
43316 44025
43331 44166
43333 44128
43347 44224
43369 47582
43370 44277
43386 44206
43388 44208
43395 47598
43396 47599
43402 39454
43416 44153
43420 44176
43421 44177
43429 47523
43435 39364
43441 44190
43442 44191
43447 47533
43457 44151
43465 44262
43466 44263
43497 44300
43512 44309
43523 44410
43567 44318
43574 44365
43578 47622
43600 44333
43606 44336
43607 44337
43608 47764
43621 47698
43652 47725
43661 47790
43663 44538
43677 44507
43688 44460
43703 47774
43718 44496
43720 44495
43774 44545
43783 44675
43784 44676
43785 44606
43800 44643
43812 47908
43818 44702
43827 44628
43832 44577
43834 44642
43863 44586
43864 44661
43865 44662
43876 47892
43892 44583
43905 44826
43926 44713
43929 47932
43941 47938
43942 47943
43953 44768
43965 44745
43968 44884
43971 48031
43980 44739
43988 40265
43989 40266
43990 44894
43992 44809
43995 48033
43997 48046
44005 44918
44008 44820
44035 44840
44046 44737
44049 44983
44053 40515
44054 40516
44058 44979
44069 48112
44077 44872
44095 33783
44100 48128
44116 44780
44120 44942
44125 48148
44130 44959
44136 44969
44140 45072
44173 45107
44175 44877
44176 44878
44178 45118
44189 44898
44190 44905
44196 44865
44199 45136
44200 45038
44201 45029
44205 45049
44208 45053
44210 45022
44211 45023
44215 40784
44216 45056
44223 45163
44234 45083
44294 45144
44298 48244
44314 45227
44343 45183
44355 45259
44356 45260
44363 45193
44365 45199
44381 40901
44387 45292
44402 45244
44423 45132
44447 45278
44453 45284
44454 45285
44466 45300
44482 45304
44483 45316
44508 41122
44511 45325
44520 45348
44524 45331
44529 45463
44532 48318
44533 48319
44538 48292
44542 48410
44543 48411
44560 45403
44563 45388
44588 45418
44597 45423
44603 45408
44605 41227
44606 45427
44633 45447
44659 45502
44671 45608
44676 48535
44686 45635
44715 45538
44716 45539
44736 45590
44752 45564
44757 45583
44758 45584
44759 45567
44772 45537
44781 45588
44792 45600
44831 45683
44838 45764
44863 45700
44866 48696
44867 41544
44883 45681
44943 41649
44945 45757
44956 45768
45009 35865
45018 45868
45046 45870
45052 41837
45082 45904
45089 45820
45094 45925
45113 41939
45129 45844
45137 41656
45171 45794
45178 46013
45212 46053
45231 46014
45247 42153
45263 46025
45274 46062
45283 42182
45290 48977
45302 46112
45330 46145
45335 46016
45369 46127
45373 42157
45374 42158
45375 46174
45378 46032
45379 46033
45383 42323
45390 46090
45409 46110
45410 46119
45413 46287
45422 46095
45424 46298
45426 46171
45430 46134
45438 46142
45441 42306
45442 42307
45448 46152
45451 46233
45456 46198
45459 42327
45498 46172
45503 46258
45504 42387
45513 42439
45515 46250
45522 42425
45526 46268
45529 42300
45531 42429
45547 46306
45553 46324
45558 42355
45599 46169
45626 42579
45631 46488
45641 49068
45651 42345
45663 46524
45665 46241
45675 42613
45687 42710
45689 46452
45698 42624
45716 46449
45721 42737
45746 46419
45768 42651
45780 42797
45782 46397
45788 46472
45794 46564
45819 46485
45820 46422
45824 46591
45825 42763
45826 42764
45829 42829
45837 42693
45839 46572
45841 42862
45842 42863
45856 46655
45862 42881
45865 42720
45872 46649
45876 46658
45877 46614
45890 46645
45913 46622
45920 46592
45922 46703
45926 42433
45935 42800
45936 42944
45939 46719
45942 46632
45943 46628
45955 46756
45984 46786
46006 42937
46007 46808
46027 46823
46028 49491
46029 42968
46044 46736
46048 43162
46049 43163
46056 43065
46071 42987
46079 43135
46087 42924
46088 46668
46095 43115
46099 46831
46115 43147
46140 43213
46148 43011
46158 46743
46159 46866
46187 46868
46206 46897
46216 43273
46247 43196
46679 47181
46680 47182
46692 47260
46718 47392
46732 49953
46743 49819
46751 47432
46753 47283
46768 47454
46770 49973
46772 47359
46782 47300
46832 49896
46848 47397
46854 47353
46860 49941
46892 47467
46920 49999
46922 47468
46930 47574
46938 50087
46967 47497
46980 47533
46998 47580
47030 50033
47043 50118
47051 50127
47058 47562
47059 47563
47062 50084
47068 44325
47079 47667
47106 47683
47115 50213
47118 47692
47123 47656
47130 50177
47132 47630
47154 50194
47156 47715
47188 50255
47193 50236
47199 47837
47200 47838
47205 47829
47211 50238
47216 47697
47220 47731
47228 50244
47234 47793
47238 47868
47241 44551
47245 47807
47254 47816
47287 50304
47291 47939
47301 50361
47305 47889
47306 47890
47308 47907
47310 47921
47317 50373
47318 50374
47323 47866
47334 47922
47340 47962
47344 47865
47388 47971
47408 48083
47411 48095
47454 47963
47459 48039
47465 48042
47466 50491
47475 48159
47478 47955
47483 50499
47493 48183
47494 48094
47500 48114
47509 48024
47531 48157
47534 48232
47535 48228
47536 48240
47537 48241
47570 48201
47579 48054
47592 48229
47596 48210
47612 48231
47638 48261
47649 48250
47667 48294
47676 48174
47683 48315
47684 48316
47685 48317
47695 48322
47699 48335
47716 48341
47740 50606
47741 48251
47745 48375
47753 48338
47759 45304
47779 48273
47780 48439
47789 48432
47795 48434
47803 48453
47808 48466
47821 48471
47822 48472
47840 48483
47851 48501
47852 48502
47859 48489
47864 48507
47866 48496
47879 45443
47893 48526
47904 48529
47905 48530
47913 48543
47929 50759
47942 48562
47946 48600
47947 48590
47949 48674
47969 48612
47970 48613
47973 48601
47974 48602
47975 48597
47999 48619
48006 50795
48012 50782
48018 48672
48020 48676
48029 45660
48060 52228
48064 48632
48077 48704
48082 45684
48165 48774
48167 48781
48169 50892
48185 45708
48190 45856
48191 48808
48195 50911
48204 48789
48206 45749
48218 48826
48236 48828
48262 48768
48267 48854
48279 48733
48311 48891
48330 48915
48355 48981
48360 48958
48367 48942
48370 48961
48384 48982
48388 48969
48402 48978
48403 48979
48405 46056
48411 49005
48423 46026
48426 48991
48429 49073
48437 48952
48452 49052
48453 49053
48483 49055
48488 49111
48503 46245
48504 49075
48516 49023
48528 49047
48551 49123
48566 49143
48571 49002
48578 42510
48579 49118
48603 49153
48608 49153
48617 49124
48621 46386
48626 49173
48659 49163
48660 49201
48662 46412
48663 49155
48667 49233
48675 46466
48676 46467
48684 46447
48689 49219
48705 49273
48706 46433
48709 49291
48728 49307
48729 49207
48735 49311
48758 49300
48773 46593
48790 46527
48797 49283
48813 49261
48814 49262
48825 49376
48841 49382
48849 46569
48866 46653
48875 46716
48877 51250
48895 49371
48915 51273
48937 46794
48938 46795
48946 46781
48948 49502
48970 49421
48984 46804
48998 49531
49025 46743
49042 49428
49043 49525
49046 46904
49053 49442
49120 49510
49122 49538
49135 46888
49432 49781
49449 51555
49456 49913
49460 51586
49478 52820
49511 51655
49513 49897
49536 49931
49540 51610
49548 49902
49550 49950
49577 50000
49592 49974
49593 49978
49598 51649
49599 51650
49611 51665
49622 50012
49625 51676
49626 50086
49643 50047
49652 50060
49666 50073
49679 50018
49681 51715
49685 50158
49686 50159
49708 50139
49722 50136
49727 50089
49733 51800
49734 50105
49742 50174
49748 50229
49759 50185
49793 50216
49796 50221
49799 51783
49804 51792
49808 51832
49811 50253
49812 50254
49814 50249
49819 50230
49824 50318
49825 50308
49827 50274
49828 51856
49830 50277
49836 50326
49850 50302
49854 50269
49860 50304
49863 50273
49866 50315
49874 50325
49878 50332
49879 50333
49883 50367
49886 50330
49887 50331
49891 50313
49899 51873
49918 50365
49923 47884
49934 50351
49937 50386
49942 50388
49943 50389
49946 50433
49952 50441
49956 50397
49960 50405
49973 50471
49992 50411
49996 50499
50000 50427
50004 50443
50006 47984
50017 48024
50020 50445
50022 50454
50035 50482
50056 51950
50059 50516
50062 50487
50086 50539
50091 50566
50094 50610
50124 50585
50125 50579
50126 52060
50147 48374
50149 48373
50154 50606
50158 50642
50162 50631
50184 50672
50186 50656
50187 50657
50188 52061
50194 48448
50199 52114
50201 50609
50207 52109
50208 50646
50212 50680
50218 50677
50219 50678
50220 50681
50222 52129
50239 50692
50263 50714
50295 50750
50296 50755
50297 48585
50300 50774
50307 50768
50311 50784
50317 48634
50325 50780
50333 50792
50338 50781
50348 50749
50364 50794
50366 50807
50399 52237
50412 50845
50435 50861
50448 52272
50457 50881
50458 50882
50465 50813
50479 50899
50484 50906
50491 50914
50528 48894
50551 50985
50552 50960
50565 48943
50588 51011
50595 51018
50600 51045
50611 49035
50613 51036
50619 51050
50625 51043
50629 50996
50663 51037
50666 49065
50667 51003
50672 49075
50674 51086
50676 51080
50695 51052
50715 51099
50716 51100
50717 51064
50718 51126
50727 49118
50729 51039
50776 51140
50808 49219
50810 49144
50820 51185
50841 51150
50852 52485
50869 49271
50870 46484
50872 51224
50892 51227
50905 49383
50919 49400
50921 51233
50928 51303
50929 51231
50937 51313
50938 51314
50944 49456
50945 49457
50947 49425
50983 51294
50988 49426
50991 51254
50999 51366
51014 49407
51019 49537
51020 51341
51021 49480
51024 49499
51036 49539
51052 51378
51065 49468
51075 29199
51090 52631
51095 49527
51116 49522
51117 49523
51310 52757
51323 51586
51340 51545
51343 52802
51349 52824
51354 52828
51367 51614
51368 51615
51370 52808
51378 51666
51381 51672
51388 52814
51395 52806
51403 51687
51424 51658
51428 52891
51434 51662
51442 52876
51445 52852
51462 52902
51484 52921
51492 51799
51493 51800
51503 51756
51507 51761
51508 51762
51528 52932
51533 50157
51535 51772
51549 51820
51555 51831
51559 51791
51563 51847
51565 51789
51580 52981
51581 51834
51582 52962
51583 51863
51594 51852
51598 51869
51617 51868
51622 51873
51629 51880
51632 51881
51635 51867
51636 51923
51642 51926
51644 51889
51649 51941
51664 53044
51674 51939
51682 51890
51683 51893
51684 51979
51687 51951
51688 53037
51698 51940
51703 53047
51706 51973
51708 51972
51709 51927
51715 52020
51716 52019
51730 52036
51731 51989
51736 51986
51741 50538
51748 52004
51758 50554
51760 52034
51768 52040
51775 52054
51792 52076
51802 52015
51808 52083
51812 53118
51813 52099
51814 52107
51815 52108
51817 52097
51818 52098
51836 52111
51837 52106
51846 50698
51851 52170
51852 52171
51855 52133
51856 52134
51861 53157
51881 52137
51882 52125
51889 52156
51894 52165
51920 52196
51921 52192
51939 50808
51946 50823
51950 52224
51951 52225
51952 52233
51965 50887
51969 52240
51993 52276
51994 52278
52006 52226
52021 50928
52076 52377
52077 51024
52083 52396
52086 52345
52092 51044
52094 52371
52102 52356
52119 52408
52122 52421
52124 213
52130 52360
52164 52440
52169 45559
52186 52446
52194 52424
52199 51154
52202 52471
52205 51157
52209 52494
52217 51144
52219 53402
52223 52507
52229 52465
52230 52466
52231 51170
52239 52502
52242 51183
52243 51184
52249 52537
52250 52538
52254 52540
52256 51232
52263 51239
52266 52530
52267 51212
52275 52515
52277 52522
52280 51267
52285 53449
52289 51282
52291 51251
52292 51233
52302 52558
52309 52618
52315 51281
52317 52582
52324 52606
52335 51344
52344 52646
52350 51367
52354 52629
52371 52645
52530 53546
52531 52789
52534 52774
52563 52809
52564 52810
52577 52855
52578 52862
52590 52857
52596 52841
52605 52874
52628 52864
52630 52890
52642 52916
52658 52913
52670 52924
52681 52943
52695 52960
52707 52968
52708 52983
52711 52985
52716 52977
52748 53042
52755 53049
52757 53052
52777 53015
52795 53057
52800 53073
52808 53053
52810 52035
52818 53068
52822 53067
52830 53086
52840 53721
52844 53722
52848 53095
52855 53099
52860 53109
52863 53098
52869 53113
52872 53120
52873 53121
52879 53126
52890 53136
52893 53138
52894 52126
52896 53146
52905 53147
52934 52187
52939 53206
52943 53212
52947 53186
52962 53199
52978 53213
52982 53216
52989 53250
53008 53246
53026 52282
53029 53265
53038 52248
53046 53280
53049 52313
53071 52296
53072 53258
53082 53316
53096 52385
53101 53855
53104 52394
53111 53332
53112 53336
53113 52382
53116 52366
53119 52343
53120 53350
53132 53351
53133 53352
53149 53373
53158 52445
53166 53374
53180 53391
53191 53385
53193 52521
53198 52535
53200 52498
53214 53436
53219 52511
53226 53926
53231 53451
53236 53429
53241 52565
53244 52556
53256 52592
53264 52628
53283 53469
53290 53484
53414 53989
53439 54012
53457 53604
53458 52890
53464 53622
53469 53610
53472 53611
53478 53613
53490 53639
53502 53651
53503 53653
53511 53656
53521 53669
53522 54095
53524 53673
53526 53677
53531 53705
53543 53700
53550 53710
53553 53685
53575 53098
53578 53733
53583 53734
53586 53756
53592 53744
53599 53750
53609 53759
53619 53788
53622 53768
53632 54155
53640 53798
53644 53804
53661 53825
53666 53819
53669 53246
53670 53820
53682 53830
53683 53831
53720 53855
53726 53860
53745 53869
53754 53340
53766 53891
53767 53382
53775 53893
53793 53385
53796 53394
53801 53398
53802 53399
53804 53896
53815 53917
53818 53429
53826 53935
53930 53983
53950 54348
53952 54029
53953 54030
53961 54023
53968 54037
53994 54074
54005 54089
54011 54093
54020 54110
54044 54137
54047 54139
54054 54160
54070 53808
54074 54180
54080 54190
54081 54191
54112 54200
54114 54213
54115 54214
54121 53878
54122 53879
54127 54225
54129 53864
54138 54238
54146 54251
54155 53899
54157 54254
54162 53903
54169 54275
54172 53907
54174 54268
54184 54281
54189 53932
54244 54009
54247 54534
54260 54370
54278 54383
54281 54386
54284 54387
54291 54561
54297 54403
54299 54407
54303 54405
54311 54419
54316 54425
54318 54576
54335 54163
54336 54433
54337 54434
54348 54450
54349 54451
54355 54460
54365 54206
54375 54205
54380 54228
54381 54223
54382 54224
54395 54242
54397 54257
54400 54482
54402 54264
54406 54487
54410 54495
54417 54266
54448 54653
54458 54663
54459 54531
54467 54538
54469 54540
54484 54558
54491 54563
54493 54569
54501 54578
54502 54581
54508 54585
54510 54591
54511 54594
54516 54598
54526 54458
54527 54608
54533 54610
54536 54615
54544 54622
54546 54472
54556 54626
54559 54625
54560 54481
54568 54631
54569 54485
54570 54497
54609 54551
54612 54665
54613 54666
54626 54675
54628 54676
54629 54677
54638 54693
54640 54697
54643 54707
54644 54708
54645 54709
54649 54710
54652 54711
54653 54712
54662 54603
54672 54728
54681 54736
54711 54760
54718 54846
54728 54854
54738 54785
54761 54725
54766 54739
54784 54851
54785 54852
54787 54858
54794 54897
54803 54873
54829 54896
54830 54899
54831 54901
54833 54869
54838 54906
54862 54927
54869 54905
54882 54941
