1541
140 29629
478 17923
479 17922
546 29586
570 17616
627 17722
709 29059
732 17484
733 17483
774 18863
877 17571
1063 28959
1097 29058
1145 29047
1206 18180
1256 28754
1261 29243
1262 29242
1277 17182
1286 17316
1304 17182
1444 17177
1456 17027
1546 18128
1569 16670
1580 17894
1586 28997
1603 16893
1656 16693
1780 1842
1788 16981
1854 16627
1873 16871
2051 28349
2066 16820
2142 28570
2190 15672
2197 16082
2506 16351
2513 28479
2548 15765
2549 15764
2682 15680
2741 15580
3144 17078
3145 17264
3185 17078
3223 17264
3277 15571
3289 15597
3312 14653
3373 15485
3391 27618
3492 14451
3632 14275
3741 36086
3839 14334
4215 27163
4336 35645
4395 26991
4452 26955
4644 1420
4650 26763
4651 26762
4686 13241
4732 14243
4819 26368
4926 35274
4928 13003
4961 13146
5014 26550
5068 12794
5077 26589
5123 26601
5193 40973
5200 12605
5242 26449
5322 26041
5327 26419
5352 12930
5356 26389
5381 25691
5462 25863
5495 12406
5573 12111
5574 12110
5581 25829
5609 12054
5669 26168
5705 26140
5766 26131
5772 34907
5851 35048
6045 12215
6189 25531
6279 11607
6468 11665
6489 12100
6494 10957
6518 13139
6525 26045
6578 25926
6637 10669
6674 25794
6708 25458
6713 12947
6798 25265
6799 25264
6800 25273
6922 12559
7169 10110
7245 25098
7276 10234
7363 24761
7408 13796
7421 10936
7514 13796
7645 10974
7676 10655
7974 24402
7975 24400
7976 24401
8029 24359
8601 9768
8632 8075
8706 9349
8707 9348
8724 10579
8807 23839
8978 10356
9176 10180
9193 25300
9338 23383
9347 23368
9377 8783
9378 8782
9419 9928
9420 9929
9497 7275
9514 23351
9681 23231
9693 8596
9729 8565
9789 8276
9846 8532
9888 9866
10105 24729
10114 8143
10160 22882
10594 7319
10622 22744
10753 23335
10878 22514
10976 7016
11200 6849
11346 22267
11370 6687
11381 8471
11385 6683
11407 8460
11591 6508
11636 6483
11637 6482
11670 6441
11671 6440
11748 6448
11765 6398
11842 22801
11873 1942
11903 8102
11973 6573
11986 7911
12105 5891
12106 5890
12167 5852
12223 21767
12408 6201
12606 6054
12663 19063
12928 3775
12966 3827
12974 6071
13208 32682
13269 21238
13270 21237
13346 4635
13407 4607
13449 4518
13503 4498
13585 5107
13586 5106
13755 20886
13805 20836
13835 3462
14244 2860
14439 2674
14583 2476
14750 4933
14770 3360
14845 2912
14967 20529
15055 2562
15095 2424
15322 2043
15515 2342
15573 4339
15587 2205
15660 3642
15766 4602
15804 21790
15853 2005
15874 19698
15898 4115
15921 19551
15922 19550
15948 19626
16003 19506
16014 2810
16127 19495
16161 19535
16251 1185
16292 3626
16323 19450
16351 2305
16547 3306
16593 1946
16631 3145
16745 1825
16772 3233
17076 20255
17384 35836
17422 2332
17571 178
17620 3134
18035 154
18070 127
18092 2093
18578 298
18811 2149
18927 455
18940 1915
19068 1758
19172 1385
19355 37599
19391 37591
19397 29797
19472 37499
19542 37481
19548 29642
19555 29800
19587 29642
19589 29623
19740 29357
19741 37214
19745 37178
19790 37188
19791 37187
19803 29912
19861 30032
19881 17308
19920 37288
19962 31534
20042 37130
20094 29010
20188 37052
20237 28797
20265 29103
20291 16620
20324 29046
20353 28927
20486 29548
20575 42228
20671 28857
20699 36472
20756 37290
20808 17182
20828 36552
20893 36534
20930 28363
20946 28954
20947 28953
21015 16421
21020 17182
21119 28061
21128 28340
21182 36199
21204 27874
21220 28227
21274 36242
21287 27532
21347 36187
21359 15200
21394 35903
21422 36140
21507 27504
21527 36054
21558 35941
21650 35892
21662 27472
21663 27471
21668 41829
21730 35790
21733 35728
21751 6341
21768 35618
21809 27915
21813 35603
21842 27170
21853 26915
21862 26911
21896 35795
21922 35484
21923 35483
22023 35544
22073 35668
22089 27534
22135 26957
22159 35325
22222 35581
22223 35580
22264 26789
22299 13065
22355 35370
22426 26343
22460 26304
22493 41211
22528 34964
22533 34962
22569 26557
22631 34873
22657 26439
22675 26025
22695 26011
22696 26010
22734 13358
22775 26192
22794 35020
22806 35010
22807 26170
22832 26195
22840 34987
22845 26158
22858 26136
22873 11995
22889 34720
22895 35135
22944 13031
22961 25881
23007 26851
23131 34712
23160 34923
23272 11941
23487 11990
23488 11989
23612 34188
23627 34185
23664 25348
23665 25347
23682 34136
23693 25323
23737 25739
23759 25929
23760 25928
23768 25727
23872 24365
23941 24917
24035 33820
24076 25989
24090 11063
24143 24881
24152 33716
24160 33699
24185 9741
24211 33681
24242 38494
24263 31453
24269 24568
24341 40258
24382 9447
24462 9808
24465 24272
24472 33896
24494 24239
24553 24146
24555 24996
24573 24138
24591 10429
24638 24908
24641 25165
24661 33333
24711 23276
24721 8168
24776 9602
24851 9280
24857 40006
24917 24430
24918 24429
24967 33004
24994 7707
25057 8128
25063 24151
25101 32950
25232 8294
25233 8293
25239 23949
25245 32818
25304 32909
25489 7728
25496 32831
25554 32669
25571 24224
25581 8690
25634 23138
25655 8650
25675 32640
25695 23412
25708 8517
25745 6724
25847 6682
25864 22951
25865 22950
25870 22953
25966 32337
25967 32336
26062 22997
26189 23626
26229 2321
26296 32317
26324 7533
26419 21940
26520 32122
26544 22604
26584 31983
26590 21507
26614 23167
26646 21379
26678 21346
26682 6873
26690 31908
26821 21872
26850 31756
26870 21583
26950 6173
26962 43358
26964 5098
26965 5097
26972 5092
27022 21425
27129 39235
27215 21476
27235 21456
27246 21093
27247 21092
27267 20782
27404 21277
27452 21880
27510 21162
27537 21150
27617 24786
27668 20370
27777 4199
27943 20888
27951 19940
27987 21192
27988 21191
27995 30742
28012 19946
28023 22357
28053 30732
28064 21781
28076 30758
28095 30733
28146 21188
28153 21184
28244 3114
28264 19581
28265 19580
28292 3067
28296 21009
28297 21008
28335 2251
28348 19601
28366 19520
28376 20901
28377 20900
28380 19504
28404 21502
28410 2739
28413 32139
28424 21493
28532 20630
28551 31354
28718 11727
28770 21083
28873 30511
28899 1523
28965 6963
29088 38962
29111 2389
29131 20734
29222 21133
29304 19772
29405 19544
29846 201
29876 2197
29909 20424
30033 20517
30115 1903
30185 1805
30420 42829
30542 30077
30576 42780
30605 42709
30636 42566
30663 37251
30664 37252
30706 37263
30811 42468
30837 37071
30846 36873
30848 42417
30849 42416
30926 42367
30959 37086
30960 37085
31134 37000
31268 37382
31346 37114
31347 37113
31389 17438
31391 36272
31408 46061
31413 36404
31421 42110
31422 42109
31430 37026
31471 42064
31474 37008
31531 28240
31660 36168
31673 41949
31685 28074
31727 41923
31728 41922
31756 36243
31762 36239
31765 41745
31775 36216
31781 36206
31816 41853
31842 41818
31878 35976
31913 45793
31925 41670
31943 36498
32003 35796
32015 28161
32027 41708
32028 41707
32060 35848
32061 35847
32082 35931
32083 35930
32088 41630
32090 35763
32102 41604
32103 41615
32104 41614
32129 41551
32157 27588
32179 41475
32217 41348
32224 41548
32273 41479
32274 41478
32288 35694
32375 41415
32387 41424
32435 35556
32436 35555
32462 41363
32481 29952
32510 26933
32523 35207
32531 35331
32534 41174
32571 41140
32581 35329
32656 35313
32752 35160
32807 35391
32842 41221
32844 41038
32848 35361
32850 34764
32897 12148
32932 45356
32938 34941
32940 40915
33027 34928
33114 34726
33173 25548
33211 35176
33229 40717
33271 40682
33297 40674
33309 40668
33415 34513
33429 34994
33459 40563
33555 40458
33556 40457
33666 24835
33690 40357
33702 40318
33747 40314
33749 34116
33807 34557
33809 34515
33819 34078
33820 40275
33846 25192
33857 33910
33891 40204
33944 33827
33947 33824
33949 24692
34053 33869
34056 33193
34057 33239
34058 33238
34078 24700
34183 33503
34189 33691
34190 33690
34285 34085
34298 23845
34303 39877
34311 24728
34380 33209
34400 33703
34419 23638
34459 39871
34646 33182
34725 39611
34740 24130
34749 39634
34767 23610
34775 33798
34780 24059
34856 33041
34982 22850
35248 39345
35260 22711
35270 22735
35275 32830
35282 32152
35440 22985
35455 22365
35475 22306
35477 22633
35538 31968
35592 32240
35613 31695
35687 21411
35697 31959
35803 32247
35813 21830
35883 32216
35901 38839
35910 38808
35925 31275
35959 22269
35968 38732
35975 31528
36078 31178
36079 31177
36122 38561
36196 38743
36222 31254
36228 21342
36323 31941
36348 31130
36349 31129
36359 31941
36377 24242
36411 31941
36426 30718
36427 30717
36436 31827
36478 21879
36487 38269
36490 30888
36492 38274
36499 30631
36561 32070
36572 21552
36573 21551
36589 30515
36674 30513
36693 21324
36830 30512
36879 31100
37028 30553
37087 38276
37212 20840
37214 31716
37236 30646
37407 20625
37467 31471
37655 20196
37681 1414
37758 19608
37984 46640
37995 2550
38032 42853
38033 42852
38094 42706
38119 42722
38129 46477
38143 42689
38245 46324
38275 37176
38300 37280
38319 42550
38386 37342
38409 46254
38414 46557
38600 37101
38611 46133
38620 46063
38621 36638
38639 36509
38645 42363
38659 37004
38674 46083
38797 41923
38802 41877
38863 45924
38864 41853
38894 41810
38895 45824
38898 45832
38920 42337
38921 45802
38928 45940
38936 45828
38937 45827
38942 36482
38996 41634
39001 45841
39002 45840
39007 48668
39033 45806
39056 45709
39099 41548
39106 45708
39109 45624
39158 45730
39177 35657
39205 45676
39206 45767
39211 41425
39221 45644
39230 45542
39255 45523
39257 41364
39294 41489
39295 41488
39323 45603
39325 41197
39328 45720
39333 41182
39334 41181
39336 41441
39338 41453
39362 45584
39375 41384
39382 35719
39383 41399
39421 35252
39429 41339
39437 45468
39438 45514
39441 35264
39447 41315
39457 41310
39518 41258
39523 41268
39543 41406
39557 40961
39558 40960
39619 41196
39625 41155
39628 34972
39641 41169
39674 41111
39681 32917
39770 35223
39831 40958
39854 40918
39867 48175
39890 45088
39903 40908
39904 40909
39913 40610
39914 40609
39929 45065
39930 45064
39932 35024
40020 44964
40023 45205
40047 44924
40064 44922
40066 40384
40088 24242
40094 44904
40097 47996
40105 44890
40106 24242
40117 40639
40121 40318
40129 44849
40140 40550
40213 44817
40225 40514
40226 40970
40228 44805
40244 44794
40265 40214
40266 40213
40286 40706
40287 40167
40288 40166
40292 44766
40295 40821
40383 44676
40384 40329
40395 34392
40423 40413
40427 34330
40441 40245
40447 40240
40503 33485
40524 44622
40556 39938
40608 44525
40658 44499
40683 2026
40745 33891
40977 39418
41016 33235
41031 39924
41090 39703
41095 39694
41121 44223
41128 39250
41152 39205
41160 33131
41180 39404
41183 39443
41187 44110
41208 44142
41310 39197
41313 44457
41324 32658
41369 43976
41381 44005
41392 39388
41418 43970
41440 38994
41441 43956
41474 43946
41482 39600
41521 39286
41531 39769
41535 38908
41545 32628
41557 43854
41558 43853
41569 32247
41665 38732
41704 38872
41711 43697
41799 32149
41851 43535
41852 43534
41895 43520
42055 43428
42064 31688
42069 43361
42105 43336
42111 38763
42121 38192
42295 31542
42315 38242
42381 39005
42427 38264
42446 38253
42549 30646
42582 30625
42612 38241
42697 31525
42716 31471
42720 31349
42768 38224
42817 38168
42829 38195
42859 38715
42901 31115
42907 30565
42910 31226
42925 30469
42941 38641
42949 38636
42967 38611
43103 43260
43119 49228
43166 46757
43172 43060
43302 42617
43308 49081
43333 46392
43406 28665
43444 46518
43456 46517
43501 48900
43517 46117
43561 46439
43562 46438
43568 48837
43570 46114
43578 48858
43623 48866
43672 48812
43701 48783
43718 45999
43720 46000
43723 48764
43784 41961
43788 45796
43812 45958
43860 45719
43865 48644
43874 48601
43892 45674
43901 45803
43913 42028
43922 45780
43929 48611
43932 45667
43933 48665
43941 48600
43942 48610
43953 48590
43964 48572
43980 48560
43988 45669
43992 45664
44008 45643
44044 48442
44090 48431
44101 41417
44106 48496
44118 45875
44122 48528
44125 45653
44131 45597
44151 45801
44156 48395
44157 45566
44162 45551
44166 48384
44190 48351
44195 48333
44205 45504
44215 41224
44238 41170
44300 45417
44423 48147
44447 45251
44483 45228
44520 48064
44549 45143
44560 48021
44561 45161
44562 45164
44588 48005
44597 47973
44603 40975
44606 45063
44617 45016
44619 40702
44627 50323
44654 45266
44655 48098
44671 40617
44676 45280
44682 44968
44715 47891
44726 45104
44734 44893
44759 45160
44764 40793
44797 35941
44806 40760
44840 40616
44845 44801
44860 44593
44867 44790
44912 44789
45019 47709
45030 40154
45069 44474
45086 40422
45097 44925
45171 47554
45178 44678
45227 39906
45232 44500
45242 39870
45247 39912
45251 44578
45274 44556
45288 44131
45302 47553
45307 44241
45308 44242
45313 44532
45338 47477
45344 44153
45378 47418
45379 47417
45380 44109
45385 44136
45406 44663
45410 47432
45448 47410
45454 47896
45456 33061
45472 47336
45481 39911
45484 44209
45496 39378
45539 39823
45551 47303
45632 43790
45641 47233
45646 44432
45647 44433
45651 43775
45665 43749
45691 44445
45703 44055
45704 44056
45723 26306
45753 43623
45788 47197
45819 47191
45820 43563
45823 43881
45831 44280
45844 47091
45856 44262
45876 43819
45877 44295
45935 43415
45965 46982
45983 44108
45984 44107
46029 43452
46043 44105
46048 43644
46049 43645
46066 44036
46107 44191
46207 38386
46323 5296
46375 38634
46383 38734
46390 38746
46477 43821
46521 38802
46538 43740
46548 38768
46554 43681
46583 38519
46596 43641
46686 52499
46743 49460
46848 51062
46859 46541
46863 49277
46864 49276
46894 51038
46968 51018
47055 48867
47062 50939
47065 46472
47074 50935
47075 50934
47087 48835
47123 50899
47139 46393
47211 50872
47212 50858
47213 50880
47214 50879
47220 50824
47229 48757
47238 48805
47241 48731
47244 48733
47270 50826
47295 48734
47306 50803
47333 50742
47336 48868
47405 46004
47412 50717
47413 50716
47424 48603
47428 50686
47438 48435
47449 48569
47456 48564
47459 45820
47460 45819
47465 48505
47466 48555
47475 48543
47478 50624
47481 50651
47483 50715
47488 48535
47493 45590
47498 48517
47515 48485
47523 50656
47524 48473
47547 48401
47548 48400
47598 45678
47615 48403
47639 45613
47676 50482
47677 50481
47742 48309
47770 45397
47779 48045
47789 48230
47797 50380
47803 48214
47807 44999
47808 48205
47836 50337
47845 48366
47846 48365
47851 48183
47852 48184
47864 50327
47867 45321
47874 50416
47887 50326
47901 48092
47918 51835
47927 50306
47947 48004
47956 50264
47978 48067
47990 48243
48021 50218
48064 47787
48161 43283
48184 48063
48200 50119
48212 44920
48218 47825
48240 47706
48241 47908
48355 47793
48360 50068
48384 50018
48389 44680
48424 49963
48482 47409
48571 49817
48596 44544
48606 47334
48612 49866
48617 49798
48675 44055
48676 44056
48685 47187
48757 44182
48762 47648
48797 47162
48799 47623
48813 47054
48825 47399
48842 47049
48864 49614
48998 47331
49048 47112
49055 47021
49116 46957
49153 47320
49158 43406
49166 46985
49231 43792
49304 43741
49336 47174
49371 47186
49460 52490
49490 51187
49511 49260
49580 52410
49585 46513
49615 49056
49620 49092
49641 51096
49642 51052
49653 52309
49655 52344
49699 50943
49718 50934
49734 49113
49743 49848
49762 50885
49769 52245
49792 52211
49793 52247
49795 50882
49796 50881
49812 50862
49814 52233
49818 52188
49825 48803
49827 52215
49848 50826
49863 52151
49872 52178
49875 52154
49878 50791
49879 50790
49882 50822
49886 50784
49887 50783
49899 52168
49903 52127
49904 52126
49927 52097
49933 50691
49934 52129
49938 52089
49943 52119
49973 50741
49974 50743
49981 52068
49996 50715
50005 50596
50006 50597
50087 50591
50129 50563
50186 50509
50198 45002
50202 50618
50219 50468
50226 51893
50234 51874
50240 50466
50262 50409
50263 48314
50268 50408
50269 50407
50295 50370
50333 50322
50337 50375
50348 50207
50364 50498
50386 50473
50434 51776
50457 50259
50458 50258
50484 50242
50486 50389
50491 50212
50508 50378
50511 48012
50551 47840
50564 50079
50565 50078
50577 50293
50587 50114
50588 47861
50602 50247
50647 51610
50660 50041
50661 51801
50672 50022
50677 49869
50683 50003
50700 47795
50729 51550
50738 49811
50739 49810
50810 49717
50841 51453
50852 51444
50867 50061
50870 51446
50905 47380
50909 47360
50914 47360
50916 51398
50929 51382
50936 47218
50937 49760
50938 49759
50957 49715
50988 49612
51032 47065
51050 47289
51093 49783
51138 51387
51323 52490
51364 53371
51391 53336
51403 51108
51428 52399
51445 52467
51461 53266
51473 52311
51484 53263
51491 52293
51528 53244
51532 52236
51541 52229
51551 53220
51558 52222
51559 52221
51560 52199
51562 52189
51581 53208
51582 53211
51594 52192
51597 53200
51607 50922
51617 53195
51622 52168
51629 53175
51632 52148
51635 53170
51644 52140
51677 52061
51682 53106
51683 53108
51684 52128
51685 53102
51688 52114
51714 52033
51792 52007
51813 51978
51836 50584
51846 52995
51853 51944
51855 51941
51859 52980
51939 50442
51946 51852
51950 51840
51951 51846
51968 51845
51969 51832
51989 51827
51993 51818
52025 51889
52044 50335
52076 50235
52083 51683
52190 51539
52194 51509
52198 51563
52214 52686
52217 51478
52222 51735
52223 50116
52235 51525
52243 52678
52275 52640
52291 51432
52315 51403
52319 51466
52320 51393
52328 52733
52391 51517
52531 52474
52553 54242
52557 53361
52563 52510
52564 52509
52573 53911
52592 53319
52609 53376
52630 53872
52681 53229
52691 53835
52707 53815
52710 52277
52748 53174
52753 53111
52755 52138
52757 53167
52764 53154
52771 53749
52772 53149
52782 53087
52788 53765
52808 53084
52872 53054
52873 53053
52880 53012
52895 53683
52896 53684
52905 53680
52928 53004
52962 52971
52966 52960
52978 52964
52982 52957
52996 53620
53026 52935
53069 51867
53099 51826
53116 52778
53136 51798
53148 52730
53166 53509
53171 51758
53200 52658
53214 51672
53222 52664
53262 52733
53281 51528
53429 53914
53449 53331
53457 54215
53469 54209
53472 54208
53490 53857
53499 53833
53519 54176
53521 53786
53522 53799
53545 53740
53569 54150
53578 53107
53583 53104
53592 53096
53596 53706
53608 54137
53637 53666
53648 53026
53653 54095
53670 53649
53682 54089
53683 54088
53703 53676
53713 53603
53723 54033
53726 52878
53802 53480
53804 53978
53819 53493
53821 53492
53930 53953
53941 54246
53950 54469
53968 54233
53969 54232
53977 53864
54000 54424
54005 54184
54008 54177
54009 54181
54042 53751
54047 54164
54055 54359
54070 54113
54085 54336
54096 52937
54107 52927
54112 54326
54127 54312
54136 54037
54138 54036
54146 54034
54166 54029
54172 53975
54242 54644
54246 54639
54254 54628
54277 54425
54284 54609
54296 54182
54307 54407
54312 54401
54313 54399
54325 54168
54337 54382
54347 54566
54484 54613
54486 54724
54493 54418
54508 54590
54510 54581
54511 54703
54512 54704
54516 54573
54527 54563
54588 54520
54613 54733
54619 54730
54620 54790
54622 54789
54634 54717
54646 54710
54653 54587
54672 54761
54739 54721
54742 54709
54786 54882
54794 54876
54797 54781
54800 54835
54803 54831
54816 54815
54844 54830
54886 54928
54887 54927
54891 54929
