3074
93 19965
96 19717
140 20084
150 1981
154 1979
162 19831
189 20105
249 19826
283 1893
320 1954
343 1657
366 1992
367 2264
420 2298
428 2223
452 2318
574 2321
603 2504
604 2505
605 20387
617 2408
630 2031
642 2795
664 2391
677 2426
706 20348
715 3158
737 2500
753 2509
771 2498
783 2904
799 20639
817 20406
829 20801
889 2407
890 2408
897 2391
932 3403
947 20900
981 3387
993 2784
1080 3336
1098 3151
1162 3218
1178 2601
1192 20433
1216 3184
1223 2583
1369 2770
1396 3531
1406 21103
1423 3095
1532 3510
1631 3794
1799 4075
1800 21298
1803 3870
1906 4187
1951 4041
1964 4077
2000 3367
2001 3368
2036 4567
2063 21379
2064 21381
2075 32207
2081 4727
2156 21432
2168 3545
2172 21278
2316 21385
2323 4237
2331 4251
2352 4684
2353 4685
2357 4100
2363 21814
2376 4394
2379 4190
2422 21475
2455 4782
2456 4783
2499 22018
2500 22019
2529 4901
2580 4154
2613 4505
2680 5439
2688 21891
2704 5737
2788 4428
2803 4450
2826 5051
2862 4925
2916 4973
2917 5100
3058 5987
3075 5194
3079 4936
3098 21822
3141 5261
3171 5203
3188 5223
3260 5954
3341 5568
3354 5555
3396 5434
3411 5533
3429 6365
3430 6366
3445 6274
3467 22122
3468 22123
3496 22184
3521 5650
3604 5697
3642 22327
3685 22338
3695 22838
3758 22834
3761 22820
3787 6032
3788 6033
3800 5712
3877 6871
3908 6116
3950 22403
3975 6974
4048 6724
4049 6725
4071 7074
4129 6184
4197 23246
4263 23086
4342 6526
4359 6347
4368 23180
4387 7056
4405 7076
4406 7077
4461 23173
4462 6876
4466 22706
4478 6414
4509 22793
4581 23295
4617 7458
4849 7280
4917 6857
4938 7350
4957 23168
5024 23376
5135 23305
5138 29117
5143 7360
5495 7384
5496 7385
5523 7407
5524 7408
5543 7434
5544 7435
5582 23686
5646 22655
5685 8042
5708 8080
5721 8061
5727 19259
5751 24142
5752 24143
5890 8204
5985 8353
6120 11142
6136 24032
6162 24527
6192 8150
6256 8521
6283 8619
6298 23739
6348 8112
6356 8276
6357 23921
6435 8770
6437 8819
6438 8785
6471 9059
6496 8794
6559 8727
6620 8970
6622 8936
6632 22616
6650 8607
6655 8931
6665 8806
6709 30597
6838 8783
6871 8805
7029 10008
7083 10029
7156 9489
7175 9453
7187 9050
7190 25049
7222 9639
7268 9464
7291 9474
7304 9527
7413 9194
7443 9721
7483 10415
7528 9752
7540 9864
7587 9830
7588 9831
7606 24992
7619 25038
7624 10004
7757 9447
7794 10209
7824 10116
7849 9574
7850 9575
7853 10132
7884 10705
7968 10232
8107 10345
8156 10380
8181 10563
8193 10442
8194 10443
8222 10489
8223 10490
8230 10626
8232 11128
8233 11129
8246 25380
8247 10500
8249 11139
8280 10502
8296 11200
8312 25450
8332 11228
8342 10586
8343 10587
8374 11273
8398 10735
8409 10773
8430 10675
8451 10789
8465 10220
8480 10244
8542 10524
8577 10838
8584 10798
8603 11424
8608 10315
8653 11029
8654 11030
8722 10381
8744 10460
8746 11625
8757 10411
8758 10412
8768 10425
8799 10486
8801 11166
8842 11208
8843 11209
8850 11046
8851 10505
8862 10566
8880 11073
8886 10519
8924 11795
8940 10584
8977 10953
8984 10605
9041 11407
9051 10734
9052 11286
9053 11287
9079 11431
9089 11322
9097 11933
9110 11477
9124 11496
9139 25892
9168 10818
9188 10851
9189 10931
9190 10932
9239 11458
9257 11515
9260 12089
9282 11650
9297 11664
9321 12097
9347 12140
9406 26291
9419 10972
9429 11722
9431 26047
9475 11763
9528 11852
9543 12320
9553 11165
9591 11901
9595 12396
9653 12437
9693 12498
9739 12028
9745 26285
9764 11313
9778 12199
9816 11360
9817 11361
9826 25804
9843 11428
9875 12175
9907 12226
9914 9800
9929 11623
9941 12352
9950 26306
9986 10214
9995 10214
10067 12364
10074 12342
10082 12367
10097 12417
10181 12507
10183 12514
10189 12497
10201 12557
10233 12531
10268 12592
10305 12975
10313 12602
10342 12041
10447 12735
10448 12747
10454 13187
10481 26585
10591 12868
10681 13084
10853 13205
10987 26628
11069 12835
11117 13514
11118 13515
11182 29452
11214 27134
11248 14275
11344 13600
11361 13594
11362 13595
11363 13596
11378 13606
11428 13650
11471 13693
11579 13695
11616 13839
11617 13840
11665 13849
11690 13828
11758 3651
11815 14575
11872 14161
11873 14173
11899 14068
11915 14661
11919 14204
11924 14095
11954 41345
11965 14101
11998 14182
12003 14186
12072 14188
12102 14208
12104 14289
12126 14379
12234 14343
12240 14379
12250 14653
12264 27646
12272 14392
12278 27753
12320 14533
12343 14648
12420 14750
12441 14576
12519 14843
12533 12980
12571 27952
12576 14778
12577 14779
12621 27493
12792 14972
12817 14925
12828 15197
12859 15517
12888 15047
12922 15564
12972 15523
13031 15247
13059 15221
13251 15403
13252 15404
13261 15887
13269 15652
13273 15404
13304 15910
13333 15481
13466 15978
13467 15638
13566 15678
13593 15536
13680 15785
13777 16297
13933 16000
13968 15599
14084 16077
14119 16115
14120 16116
14153 16127
14163 16290
14230 16226
14275 16178
14297 16280
14304 28702
14305 28703
14416 28603
14440 16380
14457 16415
14458 16092
14466 16101
14502 16515
14516 16447
14518 16537
14529 16536
14560 16507
14633 16599
14634 16600
14644 16641
14684 16609
14685 16610
14687 16335
14688 16336
14693 16338
14778 16794
14829 16811
14839 16499
14919 16897
14960 29308
15072 16713
15115 17064
15200 17130
15216 17093
15242 17194
15354 17192
15356 17216
15420 17270
15439 17296
15488 17226
15497 17301
15508 17051
15511 29457
15518 16571
15631 16675
15666 17176
15698 17537
15720 18193
15798 17244
15807 17240
15837 17619
15874 17281
15875 17282
16044 17388
16047 35956
16067 17867
16071 17528
16078 17869
16086 17868
16151 17520
16204 17646
16236 18010
16324 17892
16368 18065
16409 12311
16417 17880
16464 17677
16485 18226
16552 18328
16640 17905
16815 18377
16855 18507
16893 18615
16900 18603
16960 18868
17014 29939
17044 18498
17047 18773
17226 18641
17285 18575
17286 18576
17526 18367
17722 18738
17758 18477
17821 18945
18006 19769
18543 1764
19347 30936
19361 20026
19367 30858
19371 19977
19391 31207
19402 19795
19426 30896
19468 20178
19491 30933
19504 31078
19528 19969
19546 2775
19557 31198
19603 31135
19622 20351
19689 2611
19693 20445
19783 31280
19807 20243
19814 31304
19870 31468
19898 20818
19899 20357
19907 20328
19937 20913
19989 2482
20004 31549
20017 20781
20028 31440
20102 21117
20133 31747
20151 20601
20152 20602
20207 31917
20214 20821
20225 20685
20226 20686
20276 21269
20282 21286
20301 31864
20327 21197
20387 21258
20388 21259
20414 20850
20435 21590
20509 21417
20561 21431
20581 21474
20604 31936
20643 21503
20646 21594
20651 21227
20654 32092
20666 21800
20671 32257
20677 21551
20685 32265
20690 32266
20691 32267
20702 21308
20703 21309
20753 5208
20773 21525
20801 32347
20802 32348
20811 32112
20815 32360
20864 4593
20875 21859
20909 21741
20939 32166
20964 22307
20965 22308
20986 22320
20987 22321
20995 32387
21018 32471
21105 21874
21111 21765
21112 21763
21113 21764
21119 22414
21140 32534
21154 32276
21175 21868
21190 32668
21210 22555
21259 32657
21267 32693
21268 22520
21269 22521
21288 22407
21290 22554
21291 22555
21317 22553
21328 22637
21356 22691
21357 22692
21388 22214
21395 21592
21419 32833
21421 32708
21434 22673
21450 32558
21463 22878
21465 6684
21466 6685
21467 32829
21469 32483
21470 32484
21484 22384
21554 6099
21607 22810
21609 23092
21653 32991
21755 23272
21841 32965
21879 23161
21906 23250
21957 23391
21964 32795
21979 22800
21980 22801
21983 23438
22004 23165
22008 23181
22025 22910
22032 33185
22066 23475
22067 23476
22074 22940
22098 32944
22104 23695
22119 23333
22190 33165
22200 23705
22205 23315
22222 33395
22241 8031
22332 18412
22380 23996
22381 23997
22387 24005
22421 24053
22424 23274
22467 33100
22499 23600
22550 23731
22582 23693
22594 23759
22595 23760
22627 23804
22672 24480
22709 24536
22727 23872
22737 23861
22741 23510
22791 23950
22873 24022
22939 33700
22940 24100
22952 24038
22958 24057
22966 24104
22967 33597
22979 23718
23018 24196
23030 24191
23031 24192
23044 33560
23054 33664
23059 24225
23062 24228
23083 24255
23102 8801
23104 33614
23110 33697
23113 23985
23131 24251
23136 24498
23157 24345
23184 24097
23195 24355
23198 8608
23206 24412
23207 24413
23215 24833
23229 24325
23245 24592
23260 24050
23268 24487
23295 24442
23296 33810
23443 24625
23455 24939
23461 24694
23491 24815
23510 24674
23519 24762
23520 25069
23521 25070
23524 25155
23530 9060
23539 24792
23553 24781
23579 25102
23580 25103
23586 24834
23587 24761
23604 24779
23611 24874
23626 34082
23709 34247
23734 24940
23749 34178
23751 34232
23851 25131
23878 25097
23879 25098
23913 25221
23936 34448
23944 24776
23955 25178
23984 24803
24000 40896
24017 10472
24054 25256
24068 24965
24071 24846
24079 9727
24088 25291
24089 25292
24094 34446
24114 25311
24133 25576
24163 34696
24173 25022
24174 25023
24192 34366
24199 25385
24200 25386
24222 25426
24238 25089
24242 25512
24306 25523
24345 25233
24366 25640
24367 25871
24410 25615
24411 25616
24428 25321
24429 25938
24445 25944
24463 25655
24495 25666
24496 25667
24503 25376
24506 25996
24534 35038
24542 11802
24545 25737
24547 25440
24561 26059
24594 25632
24605 26091
24617 25774
24618 25775
24631 11337
24705 11438
24777 25557
24814 25942
24860 25710
24883 26359
24885 12293
24958 12425
24970 26115
24988 12188
24998 11686
25015 25722
25048 25778
25053 26197
25054 26199
25095 35253
25116 26539
25142 26264
25165 25187
25201 26613
25222 26646
25230 35274
25251 12418
25255 26424
25275 25951
25346 26510
25405 26578
25553 26422
25561 12956
25570 26782
25598 13156
25601 26818
25634 26374
25704 26939
25732 27069
25769 13407
25812 14263
25827 27103
25899 27225
25926 27175
25948 27190
25951 27194
25952 27195
25957 13689
26001 27151
26004 35799
26013 27155
26021 26898
26027 27246
26036 13784
26045 13755
26047 27205
26076 27252
26087 27260
26127 27293
26139 14147
26166 27723
26181 36081
26191 27745
26199 14633
26232 14110
26246 27425
26247 13575
26248 27441
26253 27804
26265 27456
26272 14197
26273 14198
26274 27472
26275 14894
26276 14895
26281 13611
26288 27516
26292 27507
26325 27869
26329 27492
26340 27541
26344 14264
26351 27519
26356 27524
26375 27531
26376 27588
26383 27675
26403 27956
26404 27957
26406 27631
26421 27597
26429 27617
26430 27661
26431 27662
26444 36241
26460 15009
26494 27834
26509 27780
26529 27782
26540 27832
26558 27761
26580 15271
26593 28014
26594 28015
26596 14822
26601 28180
26602 28181
26603 27996
26636 27866
26647 28229
26649 28024
26715 28004
26740 28138
26798 15168
26847 15267
26863 15224
26878 15592
26972 28188
26973 28189
26983 28313
27023 27787
27034 28364
27043 15602
27066 28344
27190 28722
27192 28483
27213 15801
27234 28495
27243 28528
27263 15878
27302 28580
27319 28563
27343 28620
27348 28588
27360 28647
27361 28648
27394 22583
27427 28654
27460 28684
27461 28685
27509 28748
27577 16510
27611 28864
27612 28865
27615 28822
27616 15609
27628 28651
27646 16547
27687 5035
27771 28837
27779 28818
27780 16710
27793 17137
27829 16836
27830 16837
27892 28928
27894 28786
27913 16714
27945 29165
27959 16231
27960 16232
27961 17052
27996 29224
28025 16358
28032 16402
28044 29257
28046 17105
28050 17212
28051 29270
28084 17242
28092 29322
28113 16569
28115 17335
28123 29337
28124 29338
28174 29409
28175 29410
28184 17469
28219 17390
28220 17391
28312 29537
28313 29538
28321 29636
28358 29601
28385 17486
28391 17873
28407 17434
28413 29628
28491 29305
28539 17931
28556 17309
28594 17445
28613 29630
28623 18251
28641 17506
28659 18324
28672 29841
28677 29843
28678 30113
28681 29436
28699 29687
28727 29774
28749 18190
28753 29897
28757 17962
28850 18578
28856 30022
28902 30031
28920 29802
28941 18717
28949 30027
28988 30119
29005 30013
29007 30143
29043 29701
29048 29711
29205 18829
29233 30176
29244 30058
29248 30063
29300 30065
29321 30111
29365 18555
29371 30117
30245 30854
30246 30855
30259 38646
30260 30870
30270 30881
30292 30884
30308 30890
30310 31035
30311 30894
30318 31105
30320 31021
30362 31090
30429 31026
30474 31221
30475 31222
30479 38675
30515 31267
30530 38871
30534 31297
30551 31222
30576 31363
30587 31477
30592 31588
30606 31407
30614 31607
30632 38833
30639 31542
30651 38941
30678 31536
30685 31534
30686 31275
30708 31611
30712 31783
30717 31707
30723 31613
30743 31761
30750 39006
30763 39029
30782 31370
30825 31535
30839 31866
30879 31486
30889 31478
30904 31924
30928 31824
30929 31825
30936 31878
30966 39102
30991 31881
30996 31952
30997 31953
31002 31945
31047 39271
31049 32123
31055 31977
31064 31958
31128 32016
31139 39360
31146 32085
31147 32086
31152 39279
31164 32285
31182 31906
31207 39213
31256 39154
31278 39208
31288 39444
31289 39445
31290 39446
31305 21552
31316 32124
31367 39497
31385 32200
31398 32398
31399 32471
31421 32279
31433 32491
31436 32206
31479 32363
31491 39529
31503 32556
31537 39405
31559 32684
31638 39708
31668 32541
31677 32595
31695 39644
31711 32486
31722 32503
31725 32591
31740 32894
31743 22395
31779 39662
31820 39664
31938 32928
31972 32774
31979 32778
31980 32779
31989 33162
31992 32799
31993 32800
31997 32794
32012 33178
32019 22759
32035 39836
32053 33221
32140 23082
32166 33150
32320 40112
32373 33323
32391 33339
32416 33688
32456 33383
32457 33384
32465 33393
32477 33399
32507 23819
32508 23820
32525 33463
32538 33302
32541 33303
32542 33467
32549 23942
32554 33329
32593 33529
32600 33545
32614 33546
32639 33557
32642 33568
32660 33597
32685 33441
32693 33596
32702 33940
32732 33408
32739 33643
32768 33686
32796 33716
32818 33764
32829 33893
32837 33722
32839 33595
32844 33738
32851 33916
32852 33917
32856 33803
32858 33918
32879 33642
32880 33770
32921 33745
32932 33857
32947 33662
32953 33726
32982 33932
32983 40552
32996 40702
33050 33995
33057 33957
33064 34000
33085 34081
33095 40535
33102 34297
33116 40769
33121 34086
33122 34087
33154 34124
33173 34152
33192 34455
33193 34456
33198 34166
33205 34106
33246 34170
33271 40757
33285 34222
33288 34245
33297 34226
33300 34268
33316 34310
33334 34264
33335 34265
33336 34355
33364 34302
33368 34295
33369 34327
33405 34341
33409 34408
33410 34349
33421 34402
33452 40833
33471 34104
33474 34410
33486 34488
33487 34489
33490 34700
33510 40697
33514 34512
33524 34549
33530 34664
33532 34354
33545 34482
33552 34496
33566 34237
33568 34586
33586 34742
33587 34528
33588 34529
33621 34624
33627 34574
33634 34848
33643 40991
33645 34588
33648 34378
33655 34652
33665 25245
33690 34615
33691 34622
33692 34623
33711 34733
33712 34734
33723 34662
33728 34403
33756 34753
33758 34917
33766 34707
33775 34485
33777 34723
33789 34790
33790 34975
33794 34795
33798 25968
33835 34831
33839 26029
33854 35043
33865 34792
33866 34793
33882 34824
33884 34610
33895 34836
33925 34866
33932 34631
33948 34937
33968 34916
33971 34965
33979 34678
33988 35175
34002 41221
34014 25641
34018 34720
34033 35189
34067 34999
34070 34683
34087 34985
34088 34986
34089 34987
34102 35244
34110 41036
34113 35051
34122 35258
34154 35078
34160 35077
34178 35292
34179 35297
34192 35170
34193 35171
34195 34841
34198 26441
34209 35164
34211 35172
34222 35196
34249 35209
34250 35210
34259 34819
34289 35199
34290 35207
34322 26326
34329 35255
34364 26631
34373 35275
34390 35295
34402 35494
34404 35298
34422 35318
34432 35324
34458 35357
34464 35332
34472 26763
34491 26156
34531 26549
34542 35074
34548 26796
34549 35074
34565 35425
34602 35463
34622 35458
34630 26643
34695 35522
34734 26781
34822 27021
34828 26945
34846 35690
34847 35691
34892 27500
34898 35781
34911 8562
34913 35736
34914 35811
34920 27087
34944 27100
34976 35815
34979 35784
34983 27188
34984 35807
35000 35837
35002 35824
35003 35809
35050 35878
35052 26934
35062 27273
35100 35907
35114 27303
35115 35972
35121 35916
35141 35988
35157 14060
35160 27763
35173 35996
35174 35997
35197 41829
35201 36142
35213 36092
35214 36093
35247 36032
35253 36082
35256 36213
35262 36047
35284 27568
35290 27582
35299 36161
35323 36184
35335 41701
35336 36160
35337 27630
35358 36222
35363 36263
35390 41878
35396 36234
35444 36278
35463 36299
35471 28014
35472 28015
35475 36304
35485 36345
35502 36569
35527 36340
35539 36586
35543 36408
35553 36320
35557 36397
35566 36380
35567 36381
35649 36510
35671 36501
35678 36483
35697 28124
35703 36505
35786 28192
35791 36566
35798 36773
35874 28274
35890 36810
35908 36840
35909 36841
35915 28407
35916 28408
35944 36765
35972 36726
35989 36922
36007 36834
36039 36722
36040 36772
36072 28608
36116 36823
36120 28677
36128 36837
36142 36859
36143 28727
36156 28963
36198 28794
36200 36912
36232 36796
36308 37075
36312 37033
36313 37034
36317 36894
36384 29142
36399 36992
36430 37023
36432 36913
36437 37021
36444 37323
36445 28766
36468 37247
36487 29192
36505 37181
36523 29221
36533 28931
36566 37391
36583 29248
36588 37173
36599 28873
36619 37450
36631 37411
36685 29231
36692 29413
36693 29414
36723 37419
36733 29412
36743 37311
36762 37337
36777 29471
36790 37502
36794 37466
36808 17742
36814 37338
36819 37536
36836 37535
36837 29494
36838 37243
36852 37753
36866 29623
36868 37539
36933 37828
36939 37655
36951 29351
36952 29352
36970 37696
36991 37395
36999 37404
37004 29738
37028 37576
37035 37692
37049 30115
37064 37590
37065 37591
37067 37795
37070 37678
37093 37658
37107 37730
37111 37730
37119 37721
37122 37765
37129 37786
37165 37877
37172 37515
37186 37896
37188 37757
37190 30172
37198 37814
37199 37815
37201 37898
37209 37922
37245 29813
37277 37850
37329 37734
37434 37921
37445 37919
37472 30156
37482 29965
37483 29966
38066 38411
38067 38412
38071 38556
38077 43418
38079 43529
38080 43530
38083 43371
38084 43372
38094 43385
38129 43456
38137 38460
38147 38545
38155 38482
38156 38483
38158 38496
38169 38591
38201 43578
38209 38694
38210 38660
38218 38656
38219 38657
38227 43471
38234 43475
38271 43565
38272 38732
38294 43580
38320 43598
38342 43686
38367 43684
38368 38967
38378 43742
38380 43707
38423 39057
38424 38798
38425 43788
38440 38959
38448 38964
38455 38988
38490 39091
38491 39092
38499 30054
38507 43864
38559 39157
38560 39234
38568 39107
38622 39313
38651 43933
38670 39360
38672 43885
38680 39382
38698 39395
38706 44037
38715 39319
38724 44058
38745 39260
38755 39215
38770 43920
38805 43931
38817 44011
38835 39521
38838 43966
38839 43967
38880 32616
38895 39668
38897 44133
38902 39666
38903 39388
38905 39440
38929 44050
38935 44051
38937 39701
38947 39627
38962 39436
38964 39490
38965 39668
38974 39438
38976 44069
38993 20265
38994 39496
39051 39575
39052 39576
39076 44347
39089 39788
39090 39789
39118 39649
39119 39650
39124 44220
39133 44350
39151 39688
39166 39664
39189 39719
39203 39699
39254 39893
39258 39711
39264 44296
39301 32794
39322 40060
39326 44526
39343 40077
39370 39943
39371 39980
39384 44376
39396 40006
39445 44527
39465 40008
39480 40200
39486 44553
39540 40091
39576 40160
39578 40116
39587 40144
39589 40377
39592 40138
39593 8135
39603 40248
39613 44615
39614 40191
39672 40229
39674 40109
39690 40253
39700 40264
39701 40265
39733 40281
39761 44622
39762 40311
39773 40337
39774 40338
39803 40353
39811 40359
39819 40364
39835 40379
39840 40345
39843 44889
39863 44770
39867 40329
39878 40445
39879 40446
39886 40451
39931 40677
39935 40452
39945 40482
39956 40505
39962 44797
39964 40502
39988 40425
39991 40759
40002 40575
40009 33954
40016 44985
40024 34003
40035 40527
40039 44996
40041 44893
40052 40821
40053 40635
40060 44908
40090 40824
40091 40825
40106 40689
40126 40846
40135 40620
40136 40621
40152 40706
40159 40641
40160 40642
40163 40715
40164 40716
40173 40666
40184 40739
40195 40921
40200 40596
40201 40754
40213 40948
40214 34316
40215 40798
40218 34332
40222 40954
40242 40632
40250 40637
40255 40649
40259 40812
40260 40631
40261 40819
40267 40960
40288 40672
40290 41013
40293 40858
40309 40863
40312 40865
40313 40866
40336 41012
40354 40919
40380 40784
40403 45169
40406 40903
40415 45135
40431 45279
40433 40842
40441 41000
40448 40870
40449 40871
40472 41063
40485 40899
40501 41181
40508 45324
40513 45329
40514 41202
40523 45203
40524 41205
40534 45256
40540 41204
40550 41081
40551 41067
40572 40986
40575 34870
40577 35096
40579 41049
40583 41142
40597 41134
40601 41169
40621 41294
40623 41137
40624 41293
40628 41299
40636 41303
40643 41159
40648 41319
40649 41320
40669 35037
40673 41337
40676 41036
40693 41348
40694 41349
40727 41244
40728 41273
40729 41274
40734 41266
40737 41264
40738 41251
40745 41376
40762 45237
40769 41311
40782 35225
40783 41298
40784 41418
40786 41341
40792 41331
40794 41344
40798 41309
40807 41112
40817 35221
40820 41352
40877 41369
40901 41404
40905 41394
40906 41395
40946 45553
40970 41442
41005 35587
41090 41519
41091 41516
41098 45515
41148 41566
41192 41606
41212 41624
41214 41802
41228 41646
41229 41647
41235 41529
41257 35830
41267 41678
41284 41696
41296 41704
41299 41707
41326 35929
41338 36072
41354 41759
41367 41791
41384 36064
41397 41869
41400 41816
41403 41809
41404 41828
41406 36147
41413 41862
41439 41917
41454 41878
41480 41937
41485 41900
41516 41951
41521 36341
41525 42027
41526 42028
41535 41972
41544 41978
41570 36476
41580 41973
41620 39853
41633 42065
41653 36530
41690 41866
41694 42105
41714 42066
41807 42252
41811 36707
41853 36743
41858 41994
41868 41991
41920 42104
41927 36815
41939 42293
42011 42452
42034 36943
42069 42304
42090 42523
42099 42358
42120 42360
42147 42475
42148 42476
42153 42544
42154 42468
42164 42401
42166 36778
42170 36999
42176 42425
42193 42440
42198 37229
42211 42442
42221 42344
42232 42579
42249 42569
42258 42356
42259 42357
42274 37044
42288 42663
42289 37450
42299 42635
42300 42538
42345 42435
42355 42577
42364 42579
42367 37439
42371 37387
42373 42458
42385 37410
42400 42632
42414 42731
42466 42668
42496 37474
42511 37342
42516 37494
42526 37334
42543 42716
42570 42867
42577 37609
42593 37670
42613 37808
42614 42813
42624 37719
42631 37822
42632 37651
42633 37738
42634 37739
42638 37763
42639 46624
42648 42909
42651 42822
42652 37834
42667 42918
42681 42945
42683 42838
42689 37635
42700 37697
42720 37729
42734 37724
42735 37820
42737 43002
42751 42994
42752 42802
42759 42812
42761 37684
42763 37886
42764 37887
42775 37851
42776 46726
42783 37699
42791 37849
42796 42839
42825 42927
42870 42890
42880 43007
42890 37919
42946 42992
43328 46951
43334 38422
43337 47006
43355 46957
43356 43394
43358 47111
43371 43526
43373 47050
43394 43490
43398 43505
43422 43463
43466 47107
43470 43698
43481 43629
43515 47135
43552 43763
43566 43768
43571 47205
43576 43579
43578 47220
43583 47255
43599 43706
43603 43683
43606 43632
43609 47316
43610 47304
43624 43884
43632 47172
43675 43714
43683 43724
43684 43725
43685 43872
43688 43950
43693 38949
43708 47277
43710 43899
43716 43748
43717 43968
43721 43919
43760 43926
43762 43907
43772 43875
43777 43940
43787 43949
43804 47321
43813 43957
43818 47430
43830 47440
43836 44107
43837 44108
43850 47369
43873 47421
43878 47389
43880 47525
43886 44142
43887 47570
43888 44184
43904 44189
43917 43988
43929 44189
43938 47441
43984 44109
43987 44089
44019 44153
44050 44178
44083 44192
44087 44250
44105 47607
44111 47696
44117 44260
44121 44272
44123 47724
44128 47649
44143 44361
44165 47783
44177 44319
44186 44332
44200 44424
44227 44546
44229 44552
44270 44400
44271 44599
44272 44600
44287 44469
44300 47811
44331 47902
44336 44467
44337 44468
44342 44536
44343 44537
44355 44551
44375 44508
44378 44583
44389 44581
44410 44727
44411 44728
44419 44628
44420 44629
44421 40216
44423 44636
44440 44669
44460 44688
44468 40477
44471 44814
44489 44706
44496 44731
44504 44878
44516 44882
44519 44755
44527 44780
44538 48056
44547 44791
44556 44899
44580 44843
44582 47968
44583 44743
44591 44966
44600 44982
44619 40565
44620 40730
44627 44871
44635 44898
44636 44880
44640 48111
44643 48117
44653 40788
44660 44834
44662 44920
44668 45037
44675 45075
44676 45076
44735 45028
44747 45122
44768 45017
44802 45043
44805 44939
44809 45054
44820 45074
44829 45152
44833 45085
44840 45108
44842 45188
44856 45132
44861 45119
44872 45133
44883 41113
44884 41114
44889 45221
44905 45058
44918 45276
44937 45093
44942 48258
44944 41170
44945 41171
44970 45125
44979 45332
44983 45351
44993 45232
45013 45389
45016 45397
45019 45293
45021 45406
45026 45422
45027 45417
45034 45267
45037 45316
45041 45315
45045 45300
45046 41296
45056 45334
45058 45309
45073 45193
45074 45194
45075 45195
45094 45192
45108 48393
45118 41365
45127 45430
45141 48395
45155 45456
45156 45242
45162 45530
45163 45531
45175 41451
45193 45477
45213 45495
45220 45576
45227 45595
45228 45350
45262 48521
45277 45567
45300 45589
45310 45473
45311 45605
45316 45601
45325 48556
45331 41509
45344 41550
45346 45501
45382 45675
45383 45669
45387 45582
45397 45703
45398 45687
45403 45690
45407 45693
45408 45694
45423 41638
45427 45702
45441 45717
45444 45728
45447 45719
45459 45764
45487 45776
45497 45792
45512 45800
45519 45795
45525 41776
45533 45836
45538 41788
45539 41789
45542 41848
45553 41808
45564 45859
45576 45880
45583 45877
45584 45878
45588 45883
45590 45924
45592 45889
45598 45894
45600 41854
45608 45992
45609 45993
45630 45904
45640 45951
45652 41912
45653 48807
45673 45989
45675 45949
45680 41974
45683 46012
45686 45954
45691 45969
45694 45870
45700 45996
45712 45891
45721 46037
45726 45956
45758 46049
45764 42231
45785 46100
45805 46160
45806 46161
45816 46093
45884 42236
45904 42260
45909 46047
45929 46123
45951 46227
45977 42352
46014 42407
46027 46357
46032 42282
46033 42283
46038 49067
46042 42240
46046 46287
46053 46377
46068 42305
46073 48980
46114 46382
46145 42594
46163 46403
46171 46397
46174 42597
46187 42418
46192 46481
46199 42554
46202 42648
46224 46453
46236 42581
46241 46314
46245 42671
46249 46324
46268 46506
46284 46523
46287 46595
46299 46427
46302 46527
46306 46533
46321 42791
46324 46536
46328 46638
46344 42724
46345 42725
46348 46555
46376 46590
46397 46478
46405 42850
46419 46567
46422 42741
46431 42853
46432 42917
46443 46524
46444 46525
46455 42866
46464 46563
46472 42835
46473 42836
46476 42842
46483 46600
46484 46601
46493 42852
46496 46566
46515 46708
46526 42946
46547 46615
46576 46668
46592 42975
46606 43018
46631 46715
46635 42936
46638 42935
46976 49555
46977 47025
46989 47057
46992 47074
46995 47005
47007 47102
47038 49610
47051 49619
47076 47144
47099 47145
47105 47119
47113 49651
47114 49652
47117 47178
47118 47129
47120 47158
47121 47159
47124 49632
47134 49737
47139 47266
47140 47267
47141 49665
47142 49666
47171 47171
47181 47187
47182 47188
47193 47290
47194 47287
47199 47193
47201 47197
47218 47313
47224 47325
47244 47339
47260 47340
47283 49788
47301 49812
47302 49813
47326 47395
47341 47460
47353 49844
47354 47574
47361 49857
47384 47473
47389 47516
47395 47494
47399 47621
47425 44167
47430 47650
47433 50001
47434 47659
47454 50015
47455 47683
47457 49967
47497 47606
47509 50011
47510 50012
47516 47643
47523 47652
47564 50046
47566 50048
47574 47833
47580 47753
47599 44604
47682 47843
47698 47878
47705 47886
47715 47869
47716 47870
47725 47893
47739 47942
47740 47910
47771 47964
47774 50230
47775 47917
47790 48058
47791 48059
47793 47980
47816 48002
47829 48085
47830 48086
47837 48106
47838 48107
47853 48088
47854 48089
47886 48170
47890 48064
47915 48186
47920 48114
47922 48133
47932 48118
47939 48210
47961 48218
47969 48240
47971 48167
47979 50366
47983 48070
47984 48071
48012 50469
48024 48142
48031 48300
48033 48305
48054 48146
48058 48244
48068 48256
48072 48164
48081 48246
48084 48255
48092 48201
48101 48273
48104 48203
48107 48287
48109 48365
48113 48313
48114 48314
48132 48251
48150 48324
48151 48412
48152 48413
48159 48418
48176 48435
48183 48443
48193 48453
48201 48417
48210 48380
48218 48401
48222 48388
48225 48404
48232 48489
48244 45421
48250 48415
48251 48306
48262 48455
48291 48518
48292 48327
48297 48334
48303 48542
48319 48387
48322 48520
48329 48484
48331 48493
48338 48474
48352 48578
48356 45550
48359 45556
48370 48538
48388 48533
48415 48581
48416 48582
48440 45655
48447 48603
48453 48607
48501 48642
48502 48643
48507 48635
48509 48656
48520 48654
48527 45778
48528 48668
48529 48669
48530 48677
48535 48666
48562 48697
48575 48720
48590 45824
48597 48738
48599 48740
48600 48742
48608 48745
48613 48752
48631 48790
48638 48761
48641 45928
48648 45912
48665 45940
48667 48835
48672 48838
48676 48851
48682 48829
48695 45987
48723 46068
48769 46095
48770 46096
48798 45982
48802 48816
48811 48954
48826 46154
48828 48946
48845 50955
48846 48992
48853 48972
48854 48973
48857 48983
48882 48886
48912 49037
48923 48942
48930 46275
48937 49111
48946 46310
48972 49088
48979 49098
48989 49042
48991 49101
48992 46209
48997 49126
49001 46376
49002 49014
49003 46378
49008 49123
49014 49124
49018 46396
49020 49171
49021 49172
49023 49095
49026 49099
49029 42590
49034 49160
49035 46420
49047 46375
49052 22133
49065 46430
49068 46328
49073 46542
49075 49173
49079 46450
49091 49176
49113 49231
49119 46446
49120 49229
49121 46391
49122 46505
49138 49133
49142 49200
49143 46543
49167 46419
49179 46572
49180 46573
49181 49254
49185 46613
49190 49246
49210 49268
49215 49228
49216 49330
49219 49326
49221 49338
49222 46678
49249 46700
49261 46570
49262 46571
49283 46630
49326 46691
49333 49348
49379 49347
49582 49504
49594 49546
49600 49545
49604 47052
49605 49523
49608 49588
49619 49578
49620 49579
49621 49602
49650 51434
49655 49575
49664 51445
49673 49597
49674 49598
49693 49645
49696 49609
49722 51461
49737 49679
49738 51541
49745 51533
49755 51474
49767 49681
49808 49783
49810 51572
49822 49826
49834 49809
49843 51609
49860 49838
49865 49926
49879 51654
49881 49876
49887 51703
49896 51604
49908 47423
49920 51616
49923 49956
49931 49908
49953 49991
49970 51691
49977 49967
49982 51740
49990 50014
49999 49982
50012 51731
50021 50081
50056 50013
50080 50137
50081 50138
50087 50140
50119 51766
50132 50105
50158 51855
50173 50144
50177 50150
50178 50151
50193 50149
50194 50169
50205 50139
50216 51858
50221 50188
50227 50194
50229 50257
50233 50164
50238 50196
50249 50208
50252 50180
50253 50212
50254 50213
50255 50240
50262 51906
50263 51907
50273 50193
50274 50218
50277 50222
50278 50234
50280 50264
50290 50262
50308 50337
50315 50293
50325 50305
50326 50356
50327 51919
50330 50303
50331 50304
50332 48092
50350 50325
50351 50298
50356 50336
50358 50410
50359 50411
50361 50415
50365 50352
50380 50438
50397 50391
50403 50475
50410 50480
50416 50416
50427 50441
50429 48336
50433 50514
50439 50452
50441 50524
50444 50467
50445 50468
50460 50540
50467 50494
50471 50549
50474 50509
50491 48411
50499 48426
50516 50533
50522 50463
50548 50615
50554 50573
50559 50579
50564 50585
50578 50592
50596 50659
50609 52099
50613 50575
50624 52185
50646 48539
50652 52197
50655 52194
50669 48603
50677 50709
50678 50710
50692 50720
50693 50721
50694 50734
50695 50735
50698 50740
50712 50738
50755 50802
50759 50833
50768 48731
50769 50816
50770 50811
50780 50838
50781 50825
50784 50841
50792 48770
50794 52273
50797 50850
50798 50780
50800 50884
50804 48719
50807 50854
50813 50775
50823 50863
50828 48829
50834 50862
50860 48876
50861 48877
50886 46103
50917 50945
50928 50957
50951 50951
50961 51006
50973 49097
50977 51013
51003 50970
51011 51046
51013 49088
51037 51035
51039 50988
51052 51060
51062 52414
51064 51073
51072 49181
51089 51086
51096 51064
51111 49168
51112 49157
51121 49200
51129 51111
51144 51128
51150 51120
51161 51219
51170 49268
51183 51201
51184 49281
51185 49314
51197 41890
51231 51237
51233 51246
51254 49349
51259 49344
51411 52712
51434 52683
51436 52706
51453 51445
51454 49619
51456 51415
51457 51416
51472 51495
51481 49702
51483 52744
51495 51502
51504 51468
51510 52772
51520 51486
51521 52793
51553 51551
51568 52782
51583 52784
51586 51591
51593 52840
51600 52863
51610 51600
51614 51625
51618 52884
51625 51612
51632 51645
51644 51655
51645 51656
51648 51652
51655 51745
51660 52874
51662 51679
51681 51714
51697 51784
51727 51798
51741 52982
51746 50161
51747 51826
51756 51827
51757 51828
51760 51803
51761 51831
51762 51832
51772 51833
51779 51814
51784 51849
51785 51846
51786 51850
51801 51837
51811 51861
51820 50267
51828 51871
51831 50288
51834 51878
51840 51924
51847 51931
51852 51902
51856 51945
51864 50276
51867 51897
51868 51920
51869 51950
51881 51942
51888 51994
51889 51949
51890 51900
51893 51910
51901 51969
51902 51970
51911 52014
51912 52015
51913 52025
51923 52039
51928 52046
51932 53111
51937 51958
51938 51959
51939 51996
51941 52058
51944 50373
51947 52061
51950 51968
51951 52020
51959 52038
51960 50394
51963 50482
51964 50483
51969 52044
51970 52045
51978 51999
51979 52088
51983 52057
51984 52089
51986 52042
51996 52067
52005 52076
52016 52082
52022 52096
52040 52115
52052 52126
52055 52077
52056 52078
52061 52079
52077 52142
52082 50566
52083 52167
52091 50646
52099 52186
52102 53205
52106 52203
52109 53207
52114 53217
52121 52152
52123 52221
52125 52176
52131 52184
52133 52226
52134 52227
52137 50706
52141 52232
52142 52233
52143 52238
52158 50765
52165 52245
52187 50835
52188 52270
52202 52291
52208 52287
52224 52296
52225 52298
52226 50797
52233 50876
52248 52278
52260 52335
52268 50958
52273 50919
52282 52349
52289 53342
52296 52314
52313 52378
52345 50979
52352 51024
52365 51038
52374 52398
52378 51062
52381 52438
52390 52381
52391 52382
52394 51059
52396 51070
52401 52452
52408 52454
52416 51092
52418 53420
52419 53421
52424 52423
52430 52464
52439 52465
52442 51130
52445 52484
52446 51103
52453 51076
52456 52558
52463 51177
52466 51094
52471 52514
52479 52533
52485 52503
52494 52556
52496 52531
52498 52521
52499 51230
52505 52557
52507 52569
52508 51223
52515 52542
52539 51243
52677 52690
52678 52695
52686 52696
52687 53543
52688 52721
52703 52716
52716 52728
52731 52790
52736 52774
52765 53581
52781 52842
52787 53608
52806 52820
52824 53652
52829 52847
52853 52892
52861 51771
52862 52934
52865 52911
52866 51776
52885 53663
52921 52964
52931 52973
52932 52975
52943 52983
52946 51847
52962 53016
52968 53023
52972 53062
52977 53040
52981 53081
52983 53076
53000 53046
53011 53099
53028 52003
53041 53132
53042 53133
53043 52069
53044 53130
53052 53143
53053 53100
53057 53127
53062 53115
53070 52081
53108 53181
53112 53185
53113 53187
53118 52143
53120 52174
53121 52175
53124 53198
53126 53201
53129 53213
53130 53214
53135 52195
53138 52205
53143 53854
53152 53235
53169 53257
53186 53275
53191 53280
53192 53281
53198 53298
53206 53333
53212 53337
53214 53313
53224 52320
53247 52341
53250 53365
53251 53366
53252 53331
53259 53345
53283 53376
53291 53378
53294 52401
53311 53400
53318 52442
53323 52389
53332 53409
53339 52448
53340 52449
53351 52471
53352 52472
53354 53428
53357 53405
53364 52470
53374 52497
53378 53433
53385 52485
53387 53450
53398 52543
53399 52544
53508 53559
53519 53573
53550 54154
53561 54175
53563 54161
53565 53620
53573 54168
53574 53625
53587 52920
53609 53687
53616 53697
53622 53703
53629 53707
53651 53724
53656 53733
53658 53754
53669 53756
53673 53768
53685 53067
53687 53760
53688 53761
53689 53775
53700 53789
53704 53123
53710 53824
53721 53817
53734 53839
53738 53820
53744 53846
53752 53236
53757 53869
53759 53879
53765 53859
53767 53884
53774 53867
53775 53270
53777 53276
53781 53908
53791 53294
53798 53315
53809 53932
53823 53958
53824 53960
53830 53966
53831 53967
53841 53386
53845 53394
53846 53990
53848 53403
53851 54000
53852 53998
53858 54002
53859 53984
53865 54006
53869 53413
53875 54035
53878 54022
53879 54023
53891 54044
53896 54031
53903 54048
53907 54047
53963 54114
53978 54149
53979 54150
54002 54478
54021 54202
54023 54489
54038 54216
54078 54255
54095 53795
54123 54305
54141 53857
54146 53882
54154 54322
54162 54331
54163 54332
54167 54338
54170 54343
54171 53945
54174 54347
54199 53996
54200 53973
54201 53995
54202 53989
54205 53980
54210 54386
54219 54394
54220 54395
54223 54389
54224 54390
54225 54005
54226 54017
54241 54032
54242 54033
54253 54042
54254 54043
54303 54447
54324 54660
54348 54484
54371 54515
54372 54516
54381 54244
54383 54527
54387 54526
54398 54538
54403 54544
54425 54564
54428 54314
54432 54582
54444 54343
54450 54590
54451 54591
54463 54604
54467 54598
54472 54624
54476 54627
54479 54409
54506 54645
54519 54755
54522 54666
54523 54667
54526 54662
54535 54674
54538 54676
54539 54775
54544 54776
54558 54534
54563 54693
54569 54800
54571 54695
54578 54702
54589 54709
54594 54713
54595 54714
54597 54715
54598 54716
54603 54589
54610 54611
54611 54613
54618 54622
54661 54868
54666 54783
54673 54686
54676 54788
54678 54786
54680 54691
54693 54805
54697 54807
54704 54811
54707 54705
54710 54711
54711 54817
54712 54818
54715 54824
54728 54730
54748 54852
54749 54855
54762 54942
54764 54867
54775 54882
54785 54895
54790 54901
54791 54902
54793 54826
54804 54914
54836 54937
54837 54938
54838 54939
54851 54949
54852 54950
54853 54952
54858 54956
54862 54958
54869 54904
54873 54966
54886 54979
54896 54985
54897 54957
54910 54971
54923 55007
54959 55044
54960 55043
