1113
382 6771
770 19107
817 19052
818 19051
928 30150
1211 29988
1890 19115
2003 29867
2623 29110
3171 28959
3188 16570
3199 29238
3482 17005
3658 17535
3659 17534
3788 16660
3964 16492
3985 13945
4281 16981
4901 16225
4902 16224
5828 14572
5848 15389
5890 27610
5957 11727
6022 14451
6256 27339
6356 26822
6532 14477
6633 13987
6650 13117
6716 26770
6739 13650
6849 48056
7229 13408
7264 13609
7291 26775
7304 26786
7305 26785
7588 14057
7591 12759
7602 25829
7604 26376
7665 1420
7762 12674
7794 13021
7801 12658
7824 12605
7850 25638
7968 26419
8057 12372
8187 12767
8194 12110
8321 12590
8510 13049
8677 11779
8757 25265
8758 25264
8768 25273
8769 11595
8770 25942
8995 11697
9063 12483
9096 10763
9160 10966
9188 25047
9189 25113
9190 25114
9263 12215
9274 12287
9313 12090
9428 24854
9535 10234
9553 24710
9645 35231
9764 9093
9815 24261
9816 24402
9817 24400
9818 24401
9995 11960
10207 9409
10413 25555
10418 10974
10454 10936
10473 9866
10687 16473
10720 23859
10797 9959
10798 23663
11193 26694
11431 9866
11504 9276
11552 10149
11579 24797
11665 10180
11885 7275
11917 9928
11918 9929
12017 23387
12102 8168
12156 9352
12299 35231
12451 7922
12578 7707
12738 8861
12864 8596
12890 8576
12917 8565
13012 8532
13122 8164
13126 20642
13194 7319
13243 22744
13261 8152
13339 23335
13342 29208
13390 6103
13566 32831
13602 22428
13653 7787
13718 6849
13815 6723
13876 6687
13979 23023
14071 22953
14084 22932
14085 6509
14086 6508
14106 6467
14119 6483
14248 48056
14332 7911
14415 7829
14516 5958
14518 6573
14577 5890
14615 5852
14690 7353
14773 7261
15099 6054
15242 21759
15321 20904
15345 20886
15728 4635
15789 6502
15818 4664
15840 20878
15884 4498
16078 5098
16079 5097
16100 5107
16101 5106
16213 20755
16236 5024
16290 20268
16510 2860
16533 20221
16546 21487
16590 22322
16591 20022
16739 5392
17003 30743
17004 30742
17090 21149
17091 21150
17175 19743
17176 19742
17257 4933
17433 2043
17526 19462
17632 20054
17692 19504
17705 21200
17831 19410
17866 19485
17873 21665
17893 19495
18121 3114
18138 3097
18173 3642
18174 3641
18368 34730
18475 4051
18553 2253
18613 3923
19076 1523
19164 15020
19394 28913
20208 34731
20394 640
20438 29618
20651 30143
20713 18680
20744 37499
20772 18863
20802 18525
20995 18129
21145 37119
21169 17957
21203 18338
21210 17979
21268 17923
21269 17922
21288 17657
21290 17980
21337 17709
21465 17484
21466 17483
21468 17456
21520 17382
21528 17492
21603 17263
21727 29242
21905 16579
21957 16620
22247 16082
22301 16226
22414 28637
22502 28452
22503 28451
22623 28329
22716 27655
22739 28227
22802 15612
22926 35941
22967 36150
22994 15179
23110 36054
23195 27189
23201 35453
23202 35452
23207 27268
23244 27504
23275 27468
23300 27197
23384 35544
23458 27635
23466 35722
23520 27472
23521 27471
23531 27170
23586 14243
23615 26550
23627 27023
23663 35622
23721 27460
23754 26751
23778 13832
23827 25733
23840 34907
23870 26542
23873 34874
23874 34873
23923 26491
23955 26457
23967 27217
24037 35332
24063 35354
24094 26304
24124 13500
24149 26614
24200 26168
24222 26117
24259 34575
24306 26025
24349 26742
24410 35020
24446 34987
24480 25823
24481 25824
24482 25822
24505 12611
24587 25121
24605 26402
24618 25881
24777 34188
24806 12179
24883 35135
24990 26046
25071 12506
25154 24365
25155 33993
25165 26210
25169 26144
25405 25204
25416 25246
25459 10811
25834 33699
25887 10837
25923 24568
25948 24547
26004 25300
26015 10149
26076 24301
26163 24881
26166 24835
26168 24834
26179 33560
26191 9741
26199 9746
26227 24771
26244 23992
26281 33004
26288 24232
26297 24704
26314 33333
26360 24598
26375 33583
26407 6937
26430 33255
26469 33214
26470 33213
26492 33172
26515 9866
26647 24253
26669 24786
26717 9184
26726 32669
26793 8806
26915 7981
26922 32496
27234 39634
27342 22989
27610 22997
27616 21257
27682 36039
27884 31797
27885 31796
27897 22711
27988 31540
27996 32232
28026 31778
28032 20867
28054 31549
28113 31449
28178 31554
28211 24786
28219 21873
28220 21872
28242 21684
28280 31577
28313 21605
28343 22884
28386 38635
28490 22724
28491 31077
28539 21093
28540 21092
28568 22437
28641 30998
28684 21456
28774 22288
28793 30876
28794 30875
28915 19940
28938 5643
29043 30560
29247 30612
29248 30611
29300 30515
29371 30460
29394 30619
29411 20888
29417 30580
29418 30579
29495 21188
29499 21184
29738 21552
29764 20630
29765 20629
29784 21493
30015 31100
30063 20270
30474 38066
30550 37960
30551 37959
31009 29611
31164 30019
31182 30077
31399 37650
31429 37611
31503 37497
31584 40310
31638 37479
31677 29010
31979 36656
32058 42170
32068 25468
32089 37114
32090 37113
32132 28857
32133 28856
32140 42119
32368 41881
32371 28361
32373 36404
32465 28240
32480 41794
32549 36261
32571 22357
32596 41933
32605 41986
32659 28161
32732 28080
32753 28065
32773 36498
32826 36243
32851 36216
32903 35945
32932 41753
32959 41734
32972 35796
32983 35887
32990 41783
32995 27490
33003 41475
33121 35764
33122 35763
33233 41256
33260 35548
33286 41464
33298 41479
33340 41134
33364 35440
33373 34857
33410 41425
33501 41363
33552 35207
33576 40961
33595 35163
33685 41011
33694 35329
33732 41125
33739 35107
33767 35010
33802 12780
33839 26557
33883 35373
33920 41157
33968 41221
33979 34402
33981 35312
33982 35313
34005 26294
34006 35264
34008 35250
34045 26195
34082 34923
34083 34950
34090 26190
34110 40674
34113 41153
34146 35138
34154 34883
34203 35172
34220 40552
34249 35084
34250 35085
34346 3723
34372 35283
34402 34928
34495 2530
34499 34783
34505 41068
34602 34513
34731 40567
34819 44760
34846 34231
34850 44904
34965 25245
34976 34116
34984 34557
35002 34515
35084 33910
35104 33896
35155 34364
35214 40213
35230 33300
35265 33842
35266 24598
35314 34078
35324 39756
35331 40100
35347 34046
35385 39705
35444 40240
35471 24430
35472 24429
35531 40194
35539 33869
35723 32514
35724 33372
35874 8517
36081 33041
36221 32878
36509 39035
36539 23167
36582 23150
36630 31885
36655 43980
36657 38843
36694 38911
36742 38820
36750 32240
36767 38785
36769 38806
36788 38764
36794 39343
36838 38732
36859 38630
36939 32628
36962 39036
37018 22340
37034 38560
37053 38532
37093 31274
37107 38872
37111 38872
37172 38329
37190 22269
37204 38363
37329 38215
37352 30631
37445 38192
37493 32046
37534 31997
37682 38362
37901 38681
37929 31041
37989 31025
37998 38264
38367 46863
38660 37962
38770 43108
38805 37797
38806 43078
38816 42584
38838 37729
38912 42706
38919 37624
38947 37497
38952 37623
38978 42662
39001 29643
39079 42756
39096 42578
39116 42347
39211 37280
39325 37086
39352 46149
39371 37000
39396 36968
39445 36991
39478 46054
39502 36979
39567 42127
39568 42126
39641 45918
39666 42392
39674 45897
39678 36503
39781 41923
39788 45980
39816 45985
39841 27955
39842 27954
39849 41853
40002 45872
40006 41707
40024 41630
40037 41614
40084 45835
40112 41295
40142 41572
40163 41504
40201 45730
40211 45737
40212 45736
40219 41162
40235 41448
40237 45676
40251 41425
40258 35829
40265 45669
40286 41635
40292 41365
40293 41364
40304 41363
40317 35779
40338 45603
40406 45471
40459 45514
40490 35526
40514 41441
40546 35457
40565 41399
40571 40870
40579 45356
40621 35252
40636 41315
40641 45123
40649 41309
40669 41155
40676 40674
40696 41288
40697 35341
40718 34883
40727 41111
40728 35502
40729 35501
40762 45064
40784 41224
40786 35385
40814 41196
40816 40563
40819 34972
40820 35096
40905 40918
40939 41046
40963 45291
40976 40908
40977 40909
41002 47986
41013 40558
41138 40761
41148 44964
41153 44781
41259 47976
41263 44724
41296 44819
41326 40477
41343 44805
41344 44655
41347 44783
41349 44640
41380 44766
41390 40349
41403 34369
41417 39756
41443 39716
41491 40268
41535 40602
41679 40139
41682 39549
41732 39704
41831 39331
42011 33394
42017 44395
42057 40003
42118 33234
42153 39912
42184 19055
42189 44017
42191 39586
42198 33131
42209 47311
42252 7695
42309 43970
42340 43800
42345 43775
42371 39388
42463 39194
42464 39499
42471 39477
42496 38853
42511 43629
42516 43811
42543 43697
42572 38560
42607 43916
42689 43493
42725 39047
42747 43650
42750 43440
42752 46954
42760 38271
42761 38270
42800 43415
42918 32311
42920 43321
42937 43366
42987 43295
42994 39173
43006 39165
43109 38763
43197 38962
43594 2143
43673 46870
43713 46730
43716 43260
43739 37799
43773 24786
43850 43060
43878 43042
43880 43026
43890 46449
43896 46688
43905 46431
43938 46692
44024 42874
44025 42873
44031 49150
44128 46392
44151 42727
44230 48916
44254 48900
44288 46432
44326 46114
44378 42363
44420 46075
44421 46083
44423 42292
44468 36638
44473 46131
44476 45924
44489 45989
44495 46000
44496 45999
44624 48633
44634 45841
44635 45840
44662 48644
44676 41961
44768 48590
44804 45390
44809 45664
44820 45643
44837 8647
44861 45584
44872 48516
44905 48351
44929 41727
44944 41489
44945 41488
44973 45720
45008 45243
45021 45655
45026 41356
45045 45492
45046 41339
45085 41524
45132 48147
45156 48070
45175 41169
45188 41301
45211 9092
45277 48108
45278 45251
45316 45228
45374 45143
45403 48021
45408 40975
45418 48005
45423 47973
45427 45063
45440 47461
45468 47940
45487 48041
45525 47905
45538 47891
45539 47892
45567 45160
45576 47901
45589 44886
45651 40616
45675 44792
45680 40600
45707 47632
45749 44404
45793 47555
45794 47554
45904 44624
46013 44678
46026 47431
46062 44556
46072 44022
46145 39967
46152 47410
46177 47303
46202 44457
46216 44610
46241 43749
46341 49741
46390 44147
46409 47144
46422 43563
46431 49822
46443 43535
46444 43534
46466 44055
46472 47197
46473 47196
46485 47191
46495 47059
46496 47058
46576 47049
46653 47164
46655 44262
46658 43819
46667 44035
46693 43485
46749 43967
46751 43969
46762 43950
46785 44108
46786 44107
46860 44036
47051 49491
47076 49456
47212 49435
47283 46778
47287 49421
47294 46757
47299 49366
47302 49397
47376 51126
47439 46629
47440 46628
47468 51046
47523 48990
47563 46455
47743 50858
47796 48830
47830 46049
47890 50803
47908 45958
47932 48611
47938 48600
47943 48610
47983 50596
47999 48756
48039 45820
48042 48505
48109 45716
48123 50513
48148 45653
48159 48543
48174 50482
48175 50481
48176 48535
48183 45590
48193 45566
48194 45565
48233 45554
48271 48363
48343 47962
48447 50380
48453 48214
48477 45341
48487 50290
48501 48183
48502 48184
48507 50327
48511 50416
48526 48088
48535 45280
48550 50326
48562 48293
48590 48004
48632 47787
48734 47887
48802 49972
48826 47825
48923 49889
48943 50078
48950 49898
48981 47793
48989 49880
48998 49945
49002 49817
49075 50022
49091 50003
49121 47188
49124 49798
49144 49717
49211 49761
49261 49627
49283 47162
49383 47380
49394 47046
49397 49802
49445 47218
49449 49557
49466 47329
49481 47315
49491 47309
49500 47308
49529 47284
49531 47331
49819 49460
49884 49362
49902 49330
50012 51054
50043 51096
50048 49143
50049 49142
50052 51070
50064 49130
50089 49120
50105 49113
50216 52247
50221 50881
50234 50894
50237 50871
50238 50872
50249 52233
50254 50862
50269 52169
50274 52215
50278 52214
50286 52154
50292 52127
50293 52126
50297 52127
50298 52126
50300 48805
50308 48803
50325 50799
50330 50784
50331 50783
50332 50791
50333 50790
50350 50770
50351 52129
50358 48734
50359 48739
50363 52068
50366 50822
50396 52032
50425 48638
50429 48624
50466 50656
50471 50741
50491 48555
50499 50715
50503 50481
50504 50482
50530 10226
50656 50509
50693 50450
50714 48314
50715 50452
50727 50409
50740 50223
50749 50207
50750 50370
50792 50322
50815 52862
50823 51852
50911 50246
50914 50212
50928 50196
50989 51622
51009 51573
51025 50257
51031 50240
51032 50239
51039 51550
51046 51670
51050 50125
51062 51510
51078 50003
51099 49951
51100 49950
51111 49798
51129 51491
51144 51478
51146 51436
51150 51453
51171 49761
51184 52678
51216 51584
51218 51367
51236 49827
51237 51567
51244 49786
51251 51432
51265 51410
51313 49760
51314 49759
51367 49709
51700 53285
51708 51079
51756 52286
51864 52142
51867 53170
51868 53195
51880 53175
51881 52148
51889 52140
51890 53106
51900 52125
51928 50798
51937 52034
51938 52033
51944 50572
51951 52106
51978 53056
51979 52128
52099 51978
52106 50599
52111 50584
52123 51980
52129 51954
52133 51941
52224 51840
52225 51846
52260 53620
52276 51818
52352 50143
52364 52836
52366 52778
52374 52771
52377 50235
52378 50234
52385 50221
52386 50220
52390 52731
52391 52730
52396 51683
52418 51801
52419 51800
52424 51509
52429 51689
52462 51703
52465 52677
52485 51444
52498 52658
52507 50116
52515 52640
52600 51378
52774 52554
52800 51265
52809 52510
52810 52509
52831 52478
52832 52477
52852 52467
52931 53249
52932 53244
52935 52299
52943 53229
52968 53815
52985 53217
53022 53141
53049 52138
53052 53167
53120 53054
53121 53053
53216 52957
53219 51907
53246 52888
53284 53566
53303 54033
53340 54020
53374 53509
53382 53562
53429 53461
53436 51672
53611 54208
53639 53857
53640 53856
53660 53805
53669 53786
53696 54163
53733 53107
53734 53104
53744 53096
53820 53649
53830 54089
53843 46526
53848 54069
53852 52927
53859 54007
53890 53986
53896 53978
53907 53975
53930 53492
53979 54495
53983 53953
54095 53799
54123 54399
54139 54164
54188 53676
54200 54326
54214 54080
54215 54543
54238 54036
54251 54034
54264 54010
54348 54469
54371 54442
54404 54182
54526 54642
54558 54613
54567 54182
54569 54418
54571 54417
54585 54590
54590 54773
54608 54563
54666 54733
54712 54587
54713 54774
54720 54700
54790 54709
54868 54835
54873 54831
54896 54906
54908 54871
54912 54866
54955 54917
