1681
283 29195
485 17121
504 14429
603 18141
665 17189
677 29223
706 29198
770 16813
771 16812
866 29146
897 16924
898 17189
993 16749
1025 16883
1153 28522
1192 18551
1235 16483
1369 18358
1582 28431
1713 16344
1890 16524
1955 17963
2002 28068
2376 15565
2436 15597
2616 959
2809 15222
2826 27866
2942 36079
3008 15281
3009 15280
3069 15479
3070 15478
3093 27684
3171 27355
3185 13910
3188 27332
3207 14965
3249 14888
3267 27741
3326 27204
3354 14607
3429 15095
3430 15094
3496 14588
3501 14663
3557 13094
3714 27155
3761 14763
3764 15036
3780 13936
3793 27353
3824 14671
3963 14182
3964 14181
4216 13892
4234 27056
4318 13793
4347 26537
4348 26534
4923 35239
5841 12153
5890 35057
5898 25913
6087 11824
6088 11823
6143 25373
6256 25672
6316 25620
6356 25280
6585 25473
6586 25474
6587 25472
6592 25050
6595 11791
6622 25462
6633 11541
6902 11301
7079 25123
7222 11044
7229 10818
7291 25003
7304 25018
7421 24878
7573 10279
7587 11997
7588 11996
7602 24406
7604 24751
7605 24750
7612 10199
7794 24920
7801 10142
7824 10081
7849 24231
7961 9998
7968 24618
8028 24422
8044 11684
8142 8473
8161 24264
8187 10266
8193 9652
8194 9651
8232 24931
8247 24442
8296 10210
8312 24374
8327 10206
8384 9696
8577 9287
8578 9286
8628 23816
8653 11218
8654 11219
8723 23848
8768 23832
8828 9810
8842 9607
8843 9606
8868 9575
8924 9705
8940 23769
8995 9240
9014 9536
9062 9587
9121 23544
9131 8986
9178 24272
9179 24273
9189 8166
9262 8736
9263 9320
9313 9184
9477 23377
9495 8900
9575 9103
9816 23147
9817 23145
9818 23146
9850 12205
9860 23111
9915 23080
9939 23059
9951 23204
9961 23690
9986 11684
10132 32810
10405 22730
10595 9702
10654 7533
10697 8079
10853 8847
10867 22413
10930 32397
10932 7307
10946 7296
11085 8825
11101 22291
11107 32231
11148 5438
11196 8768
11362 6819
11363 6818
11378 8266
11437 7141
11504 6769
11537 8114
11579 23372
11616 6787
11617 6786
11645 7997
11665 7960
11743 21985
11776 6929
11777 6928
11885 21951
11917 7731
11922 21791
11933 21728
11990 21785
12011 5799
12102 5732
12104 4608
12181 7909
12320 7782
12499 7559
12697 7356
12728 5859
12828 6297
12839 21213
12864 5635
12890 5618
12897 3866
12965 7137
13012 5617
13304 5271
13333 20879
13336 3637
13339 4879
13502 6406
13566 21136
13645 6540
13815 4404
13936 20846
13979 4371
13982 2757
14035 20523
14120 4214
14153 4178
14221 28028
14234 6138
14237 4135
14265 4111
14304 5938
14415 5891
14491 25779
14516 3758
14524 4899
14552 3738
14563 3710
14617 4892
14748 5658
14805 2446
14904 5368
14960 4573
15138 20040
15143 3111
15189 1475
15285 20123
15290 1988
15379 2348
15728 2543
15819 2570
15820 2733
15875 19631
15884 2443
15971 3283
16078 2970
16475 177
16490 178
16503 2657
16590 20734
16655 2461
16747 3966
17226 762
17411 1149
17656 983
17873 2296
17874 2295
18173 1603
18174 1602
18223 959
18257 19998
18465 2068
18475 2033
18590 34002
18610 1916
18611 1917
18612 1926
18613 1925
18737 1277
18744 1488
18915 75
19391 29666
19399 29651
19618 37330
19693 29506
19698 29501
20000 36722
20001 36892
20150 16951
20208 40238
20288 28695
20335 28406
20372 28597
20528 36563
20611 28440
20654 36520
20690 28373
20691 28372
20714 28676
20744 36364
20786 28439
20793 36179
20802 28282
20909 36285
20982 36125
20986 28067
21018 36349
21087 36121
21187 16414
21218 36069
21259 36167
21291 27863
21330 36057
21426 27639
21434 27419
21446 27929
21450 35945
21463 14740
21466 14432
21477 27929
21493 14750
21544 27524
21554 35877
21602 26281
21726 27303
21756 27284
21812 27233
21834 27985
21892 27918
21905 27107
22037 35262
22164 13849
22357 26650
22540 26438
22614 13397
22635 26589
22767 13174
22801 13970
22852 13108
22873 34999
22889 34962
22926 34826
22958 25673
22968 26061
23008 34989
23031 26485
23035 34822
23110 34795
23201 34426
23202 34425
23234 34452
23245 11718
23275 25707
23296 34642
23299 34358
23317 25304
23384 34457
23392 25458
23459 34309
23460 34308
23552 34501
23611 11991
23672 13688
23741 33992
23743 34156
23776 40381
23790 34306
23810 34240
23840 33922
23873 33888
23878 34198
23885 25200
23902 24252
23923 34174
23930 34163
24017 11721
24037 24568
24072 24537
24088 34047
24094 34051
24124 11200
24133 24859
24179 25552
24222 24340
24250 33810
24306 24261
24410 33784
24411 33783
24428 23828
24446 33745
24481 24060
24482 24058
24593 23744
24618 33813
24786 23999
24846 24149
24855 24012
24883 24041
24894 33639
24944 23247
24991 24087
25048 33018
25095 24267
25096 24266
25101 23322
25154 23091
25155 32956
25165 24652
25168 23689
25228 24360
25351 23613
25387 32642
25459 7915
25570 24061
25609 22427
25627 32351
25643 32337
25644 32338
25670 39407
25697 32358
25739 23126
25793 23786
25794 8650
25802 23571
25853 8854
25909 8854
25923 22931
25948 22919
25985 8775
26004 23858
26009 6960
26021 32042
26027 23606
26054 21978
26094 21935
26148 32028
26173 23737
26214 21935
26232 7727
26246 22460
26253 22881
26329 23571
26368 23065
26375 32296
26430 31805
26515 7808
26593 22841
26594 22840
26618 4020
26647 22437
26715 22130
26803 5958
26990 21071
27016 21664
27192 22028
27243 31388
27244 31389
27263 21566
27342 21533
27394 13088
27646 21426
27659 5897
27660 5898
27690 21836
27718 5769
27747 5704
27897 21328
27898 20131
27921 20267
27954 21488
27996 30915
28015 20321
28017 21660
28018 21659
28032 19865
28046 346
28201 33648
28312 20158
28335 3785
28407 19546
28490 31671
28491 30168
28531 20101
28532 20100
28562 19123
28604 13526
28684 20015
28718 19652
28748 30456
28774 20944
28849 19843
28850 19842
28899 2476
28900 21241
29045 21079
29058 19177
29059 19176
29157 31366
29210 3313
29232 3329
29411 19451
29617 20360
29639 2254
29707 19761
29784 20161
29791 1861
29792 20177
29793 20176
29963 1412
30290 37479
30316 37317
30340 37287
30383 37359
30414 37432
30415 37431
30444 37160
30479 42520
30636 36892
30685 37187
30756 36993
30766 42369
30928 36701
31037 42264
31059 42152
31108 36688
31137 36650
31152 36748
31207 36798
31223 36578
31241 11005
31399 36349
31432 36189
31480 41849
31481 36782
31503 41906
31530 41797
31569 41746
31606 41833
31677 35959
31695 35923
31744 41696
31756 36210
31776 27413
31840 41471
31842 35468
31906 41657
31980 35508
32033 41299
32089 36138
32091 41280
32166 35772
32177 41233
32190 35352
32246 41297
32262 27023
32456 41178
32457 41177
32464 35572
32465 35571
32480 41014
32507 35047
32536 34980
32538 34758
32541 40982
32549 35025
32565 40929
32639 41055
32685 45094
32711 26932
32720 35101
32732 26918
32757 35655
32768 40976
32796 40963
32829 34960
32834 26447
32851 34921
32852 34922
32857 34913
32869 26157
32880 40887
32911 40899
32983 40860
33003 40716
33062 34471
33064 40795
33084 34762
33120 40528
33121 40776
33154 34525
33155 34533
33229 34647
33235 40767
33246 40656
33252 40399
33291 40365
33303 34289
33340 40333
33350 34230
33364 34187
33406 25166
33407 25194
33487 25493
33488 25683
33532 40364
33552 33991
33556 34312
33581 40390
33586 34275
33595 33950
33625 34233
33643 34620
33645 40338
33669 40233
33673 40217
33694 34080
33711 25165
33712 25164
33723 33825
33731 40237
33732 40236
33756 34706
33766 33764
33775 40171
33785 24687
33795 34024
33798 34050
33839 24580
33854 34009
33899 33829
33919 33433
33920 33717
33932 33401
33968 33803
33979 33344
33988 33873
34005 24304
34008 33880
34018 39975
34019 39974
34033 33794
34047 39957
34048 39956
34076 33711
34077 33710
34083 40227
34110 39882
34146 33739
34217 32998
34220 39780
34222 33961
34249 33932
34255 33046
34402 33548
34403 24689
34411 32788
34414 39630
34499 33407
34520 33986
34530 33044
34602 33254
34636 39525
34649 39493
34699 33853
34775 39409
34798 39360
34801 23236
34822 33106
34823 33107
34880 39310
34897 23877
34901 23129
34913 39687
34920 23752
34976 32868
34983 32138
34986 39259
34987 39258
34993 33239
35002 33403
35072 39246
35084 32618
35101 32033
35104 32609
35155 33235
35253 23439
35299 23213
35331 31788
35337 22320
35348 33239
35349 33238
35367 31749
35471 22841
35472 22840
35531 32101
35539 32341
35557 23009
35558 38885
35563 32125
35606 21944
35724 32088
35739 32843
35829 32658
35931 22077
35955 20974
35987 38607
36072 21586
36081 31751
36116 22521
36295 21879
36305 21857
36319 21554
36359 31392
36387 31680
36402 21358
36444 31801
36459 32174
36582 21866
36596 21658
36655 38210
36657 38134
36668 30585
36692 21605
36693 21604
36733 31081
36734 31080
36742 38085
36743 30510
36750 20488
36778 31013
36794 31007
36838 37994
36938 30320
37008 30283
37022 20546
37028 30266
37060 20772
37064 30142
37106 31588
37107 30327
37111 30327
37186 21228
37190 20924
37209 21199
37228 30134
37324 21031
37493 30811
37547 19619
37562 20699
37660 20360
37672 30109
37719 30848
37831 20009
37901 30097
37960 30893
38077 46330
38079 46440
38182 46238
38206 46224
38284 42412
38294 46187
38337 46113
38367 46176
38440 46133
38448 42289
38455 46126
38479 42721
38523 42678
38599 46111
38706 46048
38710 36818
38745 10041
38816 45802
38971 45832
38974 36585
38976 42167
38978 41837
38985 41868
39048 45725
39052 45663
39237 45635
39259 41979
39272 41924
39306 36184
39307 41362
39314 45467
39332 41877
39371 35817
39422 41233
39436 45432
39442 45416
39444 41668
39464 45431
39465 45457
39540 41292
39564 45236
39567 45386
39683 45294
39684 45295
39733 35475
39737 45126
39762 41055
39773 45256
39788 45204
39818 41379
39819 41378
39849 40988
39863 45154
39867 45106
39872 45168
39879 40956
39887 26447
39925 40728
39945 45157
39950 45120
39956 40971
39964 45092
39976 48112
39986 40847
40002 40827
40003 44988
40041 45021
40060 45018
40061 45017
40071 40919
40075 44868
40076 44869
40079 44870
40084 40749
40100 34679
40106 40723
40138 41109
40160 44905
40161 40580
40163 40626
40184 40614
40197 40610
40201 44920
40207 44801
40213 40825
40214 25730
40223 41035
40235 40532
40237 44884
40258 40746
40265 40486
40281 40764
40290 40747
40292 40455
40293 40454
40313 40426
40338 40398
40354 44819
40360 40287
40394 34572
40414 40909
40446 34729
40496 44730
40514 40424
40546 34069
40565 40363
40572 44617
40614 34542
40621 40308
40624 44778
40633 34168
40636 40269
40641 39916
40648 40263
40659 44477
40661 40301
40664 40227
40676 39882
40688 44483
40702 40257
40718 40205
40719 40213
40728 34403
40729 34402
40738 44649
40762 47681
40784 40187
40786 34314
40787 34313
40803 39958
40814 40162
40816 39759
40857 40061
40877 40036
40905 39994
40939 40039
40977 39967
40996 33314
41122 44145
41144 44135
41174 39842
41216 39726
41229 44334
41263 44005
41296 44001
41311 43960
41326 39539
41338 33105
41349 39153
41380 39126
41390 32335
41397 32992
41403 33307
41406 33070
41466 39326
41491 39305
41515 39748
41535 39732
41539 43925
41542 43923
41558 32125
41567 32285
41656 38774
41713 39461
41718 32697
41796 32683
41831 38629
41849 38607
41897 38526
41915 38884
41951 38519
42026 32473
42044 31736
42057 39026
42063 38860
42064 38859
42153 38961
42154 39320
42187 39302
42191 38718
42198 31922
42206 39036
42207 39035
42221 38235
42230 39187
42246 38665
42249 38484
42254 31800
42260 38194
42345 43164
42371 38528
42479 38236
42496 38016
42510 47196
42512 31257
42513 38203
42526 43004
42543 37883
42544 37882
42556 37964
42569 37889
42710 38733
42751 30689
42847 43649
42881 38344
42882 38581
42883 38582
42993 43266
42994 38288
43006 38272
43053 30837
43168 38103
43197 38068
43371 49139
43398 49091
43421 49110
43515 48999
43564 49028
43593 48965
43594 46169
43622 48923
43624 46175
43626 42706
43632 46408
43645 48981
43657 46384
43673 48966
43686 46124
43688 46131
43693 42627
43713 46034
43759 42486
43824 45951
43844 48688
43878 46148
43987 42203
43988 42204
43989 45719
44000 45795
44001 45794
44025 46026
44067 48603
44070 48612
44099 45623
44128 48584
44140 45562
44151 41987
44159 45578
44163 45922
44177 48481
44190 48470
44191 48469
44193 45884
44204 45582
44227 41640
44230 45436
44270 48399
44295 45361
44318 45328
44326 48406
44369 45273
44420 48362
44421 45334
44452 48225
44464 48306
44471 45312
44495 48270
44496 48271
44531 41409
44551 48218
44557 45125
44591 45211
44635 45041
44636 41246
44653 45140
44662 48130
44676 41008
44679 45230
44682 45069
44742 41077
44744 44990
44768 48047
44788 45319
44809 48022
44819 45026
44820 48004
44833 44853
44840 41018
44861 44814
44894 40613
44895 40620
44944 40481
44970 44646
44983 40423
45013 44807
45016 44784
45019 44781
45021 40375
45045 44746
45046 40322
45054 44538
45073 44524
45085 40738
45127 40677
45132 47689
45145 44383
45175 40141
45217 47703
45263 44304
45278 44498
45300 39887
45311 47524
45316 44478
45331 44136
45348 47486
45372 44443
45374 44386
45387 47425
45397 39814
45407 40156
45408 40157
45423 44052
45450 47396
45474 44351
45487 47518
45491 43983
45502 47362
45510 44103
45564 39848
45567 44456
45569 40014
45577 47317
45589 44105
45600 44087
45602 44059
45605 39342
45626 39860
45675 44039
45680 39730
45681 39731
45683 39601
45700 47242
45707 47160
45756 43973
45757 43970
45764 44038
45806 39453
45853 39599
45863 2975
45887 44229
45951 39501
46014 43758
46023 46926
46026 46948
46032 46939
46033 46938
46062 43786
46109 44049
46120 43386
46141 47246
46145 39055
46156 46890
46169 46806
46198 31930
46202 38816
46209 43191
46233 38725
46241 43140
46251 43707
46287 43671
46304 39054
46386 43383
46390 46936
46431 46729
46452 38352
46473 43056
46485 43047
46507 38710
46515 43718
46573 38378
46579 38689
46619 43368
46655 43520
46697 43578
46699 38486
46716 43214
46751 43243
46762 46805
46785 43381
46860 43321
46966 49169
46977 49154
46989 49225
46995 50995
47003 50983
47033 50954
47038 50992
47043 50949
47044 49060
47051 49049
47076 49001
47110 49212
47113 48963
47114 48964
47120 48956
47121 48955
47124 49219
47171 46399
47182 49178
47199 46376
47202 50853
47243 48907
47269 48915
47294 46164
47312 50779
47342 48731
47361 48889
47397 50643
47416 45845
47425 50620
47467 50662
47468 50634
47474 45984
47497 50578
47577 50553
47580 50539
47630 45789
47656 48323
47731 50367
47743 50402
47771 50380
47774 48327
47790 48376
47791 48375
47793 50368
47802 50361
47807 50355
47816 50342
47829 48277
47830 48278
47832 50322
47890 50311
47908 48207
47914 48139
47932 50263
47939 48176
47943 50262
47952 45336
47982 48108
47983 50174
47984 50175
48012 50287
48033 48074
48042 47947
48053 48234
48054 47837
48082 48038
48092 50130
48098 45045
48109 47997
48126 50109
48129 47923
48133 50095
48148 44833
48159 47919
48167 44940
48168 44941
48174 50048
48175 50047
48176 47910
48183 47895
48189 44964
48193 47889
48232 47875
48235 44812
48246 50261
48250 48055
48251 50000
48273 47621
48352 47691
48369 47886
48371 44796
48389 49900
48410 47558
48432 44412
48448 49862
48453 47662
48466 47654
48501 47639
48502 47640
48507 47398
48534 49891
48535 44609
48590 47475
48601 47717
48608 47303
48624 47758
48633 44503
48638 47447
48676 44263
48714 44331
48715 44330
48734 47360
48789 44273
48802 47046
48808 47316
48826 47283
48829 47550
48882 49549
48915 47463
48920 47443
48942 47392
48997 47319
49003 43927
49007 43783
49020 47212
49021 47211
49035 46921
49038 49446
49039 49445
49075 49565
49091 46977
49121 46693
49138 49344
49144 46662
49194 46858
49219 43761
49287 46807
49307 43548
49337 47100
49383 43319
49392 43091
49465 36150
49466 46783
49531 46800
49591 51049
49592 51050
49593 52338
49594 52337
49600 51041
49604 51101
49608 51094
49619 51014
49620 51013
49624 51046
49650 53240
49651 52284
49664 52260
49673 51129
49696 49258
49761 51056
49772 51037
49794 51023
49847 50930
49908 50695
49910 50763
49928 50753
49935 52111
49940 48900
49944 52053
49961 52041
49992 48791
50048 48733
50061 51959
50064 48721
50086 50569
50088 48704
50089 48703
50105 48686
50136 51962
50158 51974
50178 50570
50185 51926
50193 51901
50205 51867
50216 52942
50221 51903
50237 50386
50238 50387
50254 51888
50269 51841
50273 51832
50274 51866
50277 51862
50278 51863
50290 51847
50302 50348
50308 50375
50315 50316
50320 50363
50325 50306
50328 50238
50330 51825
50331 51824
50349 51779
50350 50270
50358 48181
50359 50332
50363 50205
50389 51777
50396 51730
50397 50210
50416 50190
50429 48039
50433 50249
50436 51709
50441 50237
50460 50197
50461 50208
50462 48002
50468 48113
50471 50204
50491 47930
50499 50179
50503 50047
50504 50048
50516 50139
50553 47976
50578 51686
50616 47939
50656 50002
50681 49985
50714 47803
50727 49922
50750 49880
50754 47707
50755 47706
50756 47737
50759 47679
50780 47667
50792 49843
50794 50039
50813 51407
50817 49695
50823 49806
50837 49801
50842 49804
50860 49667
50861 49666
50914 47290
50928 49718
50930 51360
50932 49905
50961 47460
50976 49622
50987 44090
50996 49510
51003 51285
51009 49484
51011 47365
51018 49809
51031 49773
51032 49772
51034 49788
51035 49789
51036 49787
51039 49451
51046 46937
51050 47155
51062 51223
51082 43898
51083 43897
51096 49371
51111 49385
51126 47045
51282 49429
51305 49531
51398 52350
51414 53299
51416 53282
51436 53248
51438 52335
51445 53247
51453 52260
51456 51133
51457 51132
51464 52250
51544 52311
51546 53171
51567 53155
51583 52130
51586 52143
51614 52129
51618 52148
51655 50724
51727 51986
51729 52019
51758 51910
51760 51922
51761 52975
51776 51892
51779 52927
51785 52948
51789 51880
51790 52937
51811 51891
51834 52916
51864 51816
51866 52889
51867 51803
51868 51828
51873 52892
51875 52843
51880 52883
51881 51800
51889 51790
51891 50384
51892 50383
51900 51778
51910 52821
51928 50282
51937 51728
51938 51727
51944 50133
51947 51796
51950 51706
51951 51771
51960 52797
51963 50307
51969 51748
51970 51749
51972 51747
51978 52789
52010 50266
52059 51776
52074 49957
52076 51667
52099 51638
52101 50163
52103 51629
52114 51553
52121 52672
52123 51645
52129 51615
52131 52661
52133 51596
52134 51595
52137 51545
52138 52704
52141 51589
52142 51590
52156 51692
52159 52679
52208 51497
52221 51628
52224 51490
52225 51496
52226 51392
52238 51455
52248 52581
52260 52584
52276 51468
52308 49905
52333 51423
52344 49864
52376 51430
52378 49753
52390 52461
52391 52460
52396 49532
52399 49776
52412 51472
52418 51463
52419 51462
52424 51217
52429 51338
52463 51349
52505 51188
52507 49674
52510 51190
52558 51368
52607 51247
52627 51236
52690 53274
52700 53229
52781 53149
52782 53148
52789 53121
52806 52226
52809 53175
52817 52177
52829 53763
52841 53062
52863 53068
52890 53724
52899 53715
52932 52953
52943 53685
52962 52917
52972 52925
52977 51941
52983 52920
52996 53627
53028 52858
53032 52811
53037 52850
53041 52863
53049 52856
53052 51772
53063 52817
53070 52805
53108 52849
53114 52708
53115 52707
53118 52741
53120 52762
53121 52761
53123 52726
53143 51546
53146 53527
53152 51694
53157 51594
53169 53507
53186 51633
53209 52653
53213 52662
53217 51455
53277 51561
53283 52698
53291 51534
53321 52618
53332 52575
53354 52634
53372 52504
53373 51432
53433 51333
53436 51327
53449 52464
53490 53862
53568 53774
53574 53758
53611 54090
53640 53692
53642 53679
53649 53675
53650 54072
53656 52979
53657 52978
53669 53643
53675 54045
53687 54041
53689 54048
53694 53598
53706 54034
53734 52825
53744 52815
53748 53567
53750 52799
53759 53585
53765 53986
53769 52792
53774 53981
53781 53581
53794 53988
53809 53494
53820 53505
53848 53434
53860 52579
53876 52573
53911 53364
53916 52542
53918 53398
53926 53388
53970 54180
53978 54374
53979 54373
54002 54132
54004 54346
54023 54334
54025 54109
54059 54313
54064 54078
54095 53651
54123 54035
54125 54020
54135 54277
54139 53591
54146 53543
54161 54250
54171 53960
54180 53521
54181 53541
54182 53540
54188 53535
54196 54248
54200 53925
54204 53973
54213 53954
54214 53953
54224 54208
54238 53923
54316 54524
54341 54514
54342 54513
54348 54509
54349 54506
54371 54318
54372 54319
54381 54310
54397 54303
54402 54062
54404 54063
54412 54281
54470 54205
54481 54215
54526 54514
54527 54513
54558 54479
54563 54463
54567 54063
54569 54476
54576 54300
54585 54455
54590 54567
54594 54571
54597 54440
54608 54434
54666 54692
54680 54588
54708 54577
54709 54576
54712 54450
54713 54657
54717 54565
54760 54757
54774 54690
54777 54683
54778 54682
54785 54592
54790 54662
54792 54584
54802 54647
54815 54649
54838 54791
54846 54785
54852 54745
54868 54736
54872 54584
54873 54730
54905 54774
54913 54770
54941 54835
54955 54831
