1282
88 17161
418 18927
485 15634
529 34393
617 28391
656 15898
665 28247
678 28493
706 28446
770 28047
771 28156
817 28128
818 28127
835 28251
897 15170
945 15136
954 28256
989 16136
1061 14995
1073 14984
1235 14591
1441 27678
1582 35995
1800 14205
1809 27593
1845 27772
1964 27693
1981 13886
2085 27331
2086 27330
2140 14098
2156 27582
2220 27369
2376 27134
2471 35650
2593 13380
2828 35098
2958 26816
3202 12913
3210 25496
3267 26482
3390 12617
3429 12429
3465 26282
3467 41205
3496 12520
3713 25931
3793 26427
3963 12040
3964 12039
3985 9333
4159 12345
4447 25861
4543 11478
4706 12396
5188 44800
5240 25428
5751 9640
5890 9735
5972 24670
6088 24580
6221 3613
6315 24492
6316 24426
6356 24208
6414 33702
6422 24383
6438 10771
6585 24252
6586 24253
6587 24251
6633 9336
6666 24313
6780 24138
6799 24172
6844 24178
7005 24029
7219 10653
7291 8250
7304 23824
7326 23796
7574 8127
7611 8054
7674 8421
7731 7760
7744 23541
7794 8022
7824 7686
7849 23332
7893 23500
7968 23421
8027 23378
8028 23377
8048 23423
8129 7982
8144 23535
8145 23534
8153 23355
8154 7225
8162 7272
8170 7925
8193 7238
8194 7237
8200 7679
8247 23277
8249 7737
8294 7828
8296 7539
8327 7531
8332 7590
8477 7497
8493 7370
8577 6856
8653 9237
8746 7080
8758 6700
8842 7186
8843 7185
8849 6877
8850 6876
8934 22861
8984 22825
8995 6875
9034 39751
9038 6862
9170 6234
9188 6217
9235 22758
9263 6374
9312 6459
9515 22492
9665 7699
9778 7097
9816 22298
9817 22296
9818 22297
9986 9755
9995 9755
10404 5708
10916 7317
11118 5189
11148 3890
11222 4988
11246 3391
11266 3414
11274 3262
11332 3391
11362 4710
11363 4709
11427 4663
11428 4662
11436 21889
11467 3615
11487 4848
11539 6654
11645 5991
11776 4411
11777 4410
12034 2706
12087 21515
12245 10067
12320 5843
12501 20622
12532 6624
12912 2413
13566 1728
13999 2489
14018 2467
14025 2549
14275 4321
14304 4294
14305 4292
14548 2171
14563 2097
14685 1963
14686 1964
15040 2314
15216 3359
15290 336
15714 3904
15786 1675
15910 2492
16037 2433
16137 1333
16220 2162
16384 44702
16553 121
16590 925
16604 1026
16852 23593
16960 1609
17366 1264
17873 822
17874 821
18257 53
18395 10001
18423 570
18596 14469
18612 369
18614 368
19384 36725
19391 36794
19402 29831
19467 28392
19468 28391
19520 36922
19529 36481
19617 36557
19622 28831
19627 28169
19664 37508
19721 36359
19783 36476
19814 36201
19992 36166
20001 41960
20017 36131
20210 36040
20213 36420
20288 36128
20327 36100
20387 17737
20429 35782
20461 27463
20470 27463
20477 35833
20611 27548
20612 27549
20619 35751
20643 27414
20690 35735
20744 41599
20864 35438
20909 35496
20995 27312
21004 26841
21178 35269
21185 35163
21203 28152
21288 35205
21291 26660
21318 26446
21397 35277
21490 26194
22090 26879
22164 11749
22332 34421
22540 25431
22571 25431
22635 25279
22682 28988
22774 34089
22804 24490
22806 34074
22869 33980
22887 34009
22889 34008
22941 25531
22958 24482
22965 33786
22980 33945
22981 33944
23001 25502
23059 10810
23131 33793
23195 24243
23244 24450
23245 24451
23248 24206
23300 24198
23393 33784
23396 33624
23519 23962
23553 33506
23573 8617
23691 23864
23734 23657
23760 23805
23863 33246
23878 33200
24062 33064
24068 33108
24094 33059
24109 33240
24133 23507
24149 23613
24163 33206
24179 24528
24180 23234
24200 23239
24306 23101
24442 24219
24446 32794
24480 22881
24481 22882
24506 23091
24569 22834
24594 22811
24613 6890
24617 23033
24618 23032
24620 6874
24786 22851
24860 32540
24969 22708
25095 23177
25166 24710
25251 7473
25739 21978
25743 20772
26004 22981
26094 31336
26127 21538
26191 4241
26199 4266
26232 5756
26248 31737
26253 21501
26288 21556
26313 20500
26314 20501
26593 2520
26608 5278
26635 3107
26647 21049
26798 3413
26884 3273
27047 1795
27286 19923
27342 2599
27427 4478
27476 21635
27560 21528
27724 19555
27736 2449
27903 20318
27953 3242
27954 3243
27996 19317
28025 19269
28030 3631
28084 3229
28184 1819
28186 2843
28220 1117
28363 925
28385 3379
28532 442
28684 77
28775 863
28900 20340
28919 2195
28927 1584
29157 1950
29226 20093
29292 1769
29472 19179
29473 19178
29597 1657
29989 1109
30260 29852
30292 37677
30302 42206
30309 37662
30320 42186
30340 42219
30382 28280
30383 36576
30415 42378
30428 36480
30444 42219
30458 42328
30474 42077
30475 42076
30479 42185
30551 36289
30592 36219
30598 3799
30628 12765
30636 41960
30667 41957
30806 27676
30823 41914
30851 41971
30966 41897
31137 35728
31144 35661
31158 35590
31164 35685
31169 45699
31223 35644
31398 35745
31429 41460
31436 36235
31475 28077
31503 41348
31504 41460
31569 41345
31668 41243
31680 41180
31723 41227
31992 34739
31993 34738
32052 40984
32064 34629
32262 26118
32343 34067
32469 25763
32477 40632
32480 33991
32518 40584
32524 34841
32604 40531
32685 44796
32693 33868
32829 33951
32839 40282
32862 33742
32959 44741
32981 40196
32982 33617
32983 44742
32995 33693
33055 33560
33057 33650
33062 33496
33074 33726
33102 33577
33109 33763
33155 33532
33180 33504
33210 33486
33246 33346
33260 33303
33261 33500
33271 40183
33298 40080
33392 33142
33393 33141
33407 33419
33487 33873
33553 33009
33556 33186
33586 33154
33595 32976
33641 33434
33712 24084
33723 32850
33732 39831
33739 39876
33749 33054
33756 33871
33775 39800
33777 32808
33789 33018
33796 39776
33798 32926
33805 39784
33815 32999
33835 32989
33839 32985
33840 32984
33920 32803
33968 32859
33980 22848
34008 32737
34033 32667
34045 22757
34047 32582
34048 32581
34057 33301
34076 32776
34077 32775
34132 32535
34146 32633
34250 33002
34264 32513
34374 32488
34403 23593
34437 22527
34496 32204
34533 32042
34538 32070
34542 32078
34547 22279
34548 22280
34549 32078
34602 32386
34637 39195
34642 22125
34644 39117
34645 39116
34696 39117
34697 39116
34699 33019
34773 23064
34787 39045
34826 38857
34846 32153
34847 32154
34879 21971
35002 32619
35088 31947
35121 31755
35137 32708
35155 22453
35225 31200
35231 29217
35296 21393
35299 22196
35348 32506
35438 22263
35444 31495
35488 31359
35494 30861
35531 31424
35539 20967
35599 30933
35724 31417
35848 30822
36040 20386
36072 20542
36081 20527
36236 20320
36305 20666
36345 20621
36437 21292
36444 31121
36459 21253
36507 21191
36577 20758
36582 20878
36588 30202
36692 20639
36693 20638
36720 20573
36731 19988
36733 19647
36750 19611
36762 21080
36777 19571
36926 20842
37022 19644
37119 31220
37137 30296
37175 30979
37186 31019
37190 19950
37198 20509
37209 20305
37274 30352
37302 20186
37324 20163
37420 20003
37457 483
37474 19651
37493 30284
37526 20108
37534 30223
37589 30223
37597 19133
37611 30205
37615 30196
37643 19086
37719 19320
37780 19227
38066 37698
38077 46133
38079 49046
38129 46178
38147 46077
38169 46162
38209 42349
38210 42219
38223 46018
38272 46071
38294 45965
38320 46022
38337 45967
38367 48840
38375 45955
38378 41961
38418 45979
38440 45893
38448 45882
38455 45870
38511 45889
38560 41771
38599 45879
38600 37643
38622 41713
38698 41643
38724 45681
38745 41501
38748 41587
38787 41563
38857 45515
38887 45512
38904 45469
38917 45484
38947 45434
39011 45431
39019 45435
39089 45358
39090 45357
39095 45394
39096 45393
39264 45170
39438 45127
39445 41240
39501 41171
39506 40861
39516 41152
39540 40740
39613 41048
39674 44872
39683 44934
39684 44935
39701 41015
39773 44882
39774 44881
39788 44847
39803 34648
39829 44891
39849 40432
39863 44806
39867 40408
39879 40396
39945 44820
39964 44744
40002 40280
40034 34721
40045 44727
40046 44726
40051 40300
40060 44653
40100 33547
40112 40176
40161 44615
40162 44616
40163 40105
40164 40104
40168 44608
40173 40124
40201 44568
40214 34099
40222 40150
40223 40569
40237 44534
40259 40614
40313 44489
40317 33255
40354 44468
40402 40354
40403 40353
40409 39988
40425 39985
40446 40483
40479 39918
40485 39789
40501 39842
40514 39826
40515 39880
40555 39857
40565 44388
40579 44344
40628 39716
40636 39687
40648 39679
40669 39763
40677 32659
40680 39591
40727 44343
40738 39684
40769 39896
40786 33407
40787 33406
40794 40181
40814 32465
40815 39595
40834 32442
40871 47537
40877 39569
40939 32347
41098 39071
41161 39366
41170 39845
41298 39193
41311 38798
41326 39088
41338 32287
41390 31631
41491 31525
41510 31359
41535 32252
41575 31721
41580 38715
41627 38797
41657 43591
41915 38510
41916 38745
41939 38637
41952 31932
42008 31143
42034 38556
42047 31739
42063 30929
42064 38496
42078 30920
42090 38704
42132 31692
42169 31020
42191 30758
42198 31330
42199 31331
42221 38068
42300 38957
42371 30539
42385 30511
42441 31026
42464 30669
42484 38267
42510 38554
42541 39134
42562 38667
42641 38610
42681 31072
42710 38363
42788 20186
42859 30833
42883 30577
42994 37968
43064 30568
43165 30238
43337 49031
43358 49015
43359 49014
43398 48959
43421 48993
43439 46039
43454 46488
43512 48859
43515 50840
43563 48835
43593 48795
43603 45909
43610 48868
43624 45891
43645 48831
43685 45892
43688 48740
43757 30150
43774 48679
43778 45697
43813 45656
43819 45643
43820 45642
43825 45643
43932 48542
43959 48485
43994 29317
44001 48518
44031 48501
44043 45387
44083 45259
44128 48422
44139 48380
44159 48371
44177 48283
44270 48212
44331 48265
44336 48220
44342 44957
44343 44958
44362 48194
44363 48124
44410 44930
44411 44929
44420 48162
44421 44971
44471 44834
44516 44959
44591 47997
44595 44787
44614 47961
44619 44688
44628 44697
44643 44886
44653 44722
44662 47919
44768 44548
44809 47834
44820 44514
44905 47748
44945 39884
44963 44431
44979 44480
44983 44430
45016 44359
45026 44374
45029 44649
45042 44355
45045 44402
45046 39750
45058 44357
45074 44278
45076 44385
45088 47689
45094 47608
45127 40215
45155 39883
45227 44186
45251 47434
45278 44175
45300 39447
45407 39739
45408 39740
45487 43894
45512 39062
45564 39475
45583 39400
45600 38935
45619 39497
45651 39358
45680 39371
45683 39139
45691 39356
45697 39412
45701 38731
45713 47076
45721 32328
45805 43824
45853 39242
45951 39157
45992 43535
46013 38656
46014 43459
46116 46817
46177 43063
46202 38444
46233 38373
46251 43337
46252 43336
46261 38675
46262 38674
46267 2119
46275 43307
46276 43306
46281 38651
46287 43295
46386 43132
46419 38708
46438 38002
46507 38333
46515 38522
46579 38368
46612 38254
46614 43358
46689 38014
46697 38316
46738 38389
46739 38388
46756 38095
46785 43113
46860 37972
46965 49036
46966 49037
46977 49012
46995 48983
47003 50896
47038 50912
47043 50859
47076 48861
47120 48848
47121 48847
47124 51047
47181 49135
47194 48741
47199 49124
47218 50706
47243 50704
47250 50688
47255 48716
47267 48667
47278 48646
47289 48716
47294 48930
47342 48585
47355 50571
47378 50525
47381 50551
47385 50561
47389 50595
47425 48403
47428 50546
47497 50481
47516 50468
47580 50407
47705 48158
47727 48213
47731 48055
47757 48152
47771 50239
47790 48109
47791 48108
47829 48012
47830 48013
47866 50190
47871 48259
47890 50163
47908 47944
47932 47870
47938 47865
47939 47910
47971 47841
48012 50118
48024 50074
48031 47807
48046 44488
48068 44773
48092 50041
48094 44762
48095 47761
48109 47752
48129 47745
48150 47698
48152 47727
48159 47673
48167 44634
48176 44323
48183 47658
48190 44650
48193 44296
48222 47654
48232 47641
48244 47645
48250 47900
48319 49887
48370 44472
48453 47493
48466 47480
48501 47470
48507 47211
48543 44279
48562 47652
48585 47305
48590 47303
48596 47260
48601 47571
48612 44144
48638 47284
48666 43705
48675 47207
48676 43976
48808 43627
48824 47302
48826 43590
48830 47063
48891 43956
48915 47347
48930 43411
48943 46899
48983 46904
48991 43779
49002 46798
49003 43689
49006 43448
49007 43449
49020 47044
49073 43341
49093 38674
49122 43180
49142 47224
49158 43120
49179 43136
49180 43135
49201 46804
49207 43613
49212 43077
49216 38610
49219 43509
49271 43547
49300 47040
49307 43265
49337 47012
49383 43061
49388 43291
49593 52310
49594 52309
49604 50996
49608 50992
49619 52275
49621 50982
49650 53219
49664 52215
49673 51082
49674 51083
49675 50853
49729 52183
49737 52179
49761 51015
49839 52091
49853 50640
49891 52030
49892 52029
49908 50614
49927 52007
49954 50550
49955 50549
49964 51988
49976 50497
50102 50309
50136 51896
50142 51918
50158 51869
50205 50237
50217 48152
50221 51837
50246 50236
50249 51815
50254 51814
50273 51769
50274 51794
50278 51792
50287 51786
50290 51773
50300 50207
50302 50202
50308 50206
50325 50160
50330 51742
50331 51741
50359 50162
50389 51689
50397 50078
50410 50106
50411 51678
50429 50080
50461 50043
50471 50035
50491 50022
50499 47670
50516 50012
50522 49964
50530 47601
50553 47835
50554 49972
50564 49976
50630 49874
50681 47485
50694 47600
50706 49854
50715 49868
50780 47531
50781 47584
50794 49960
50823 49729
50928 47131
50958 47147
50961 47346
50987 43876
50996 49480
51010 49469
51029 47062
51034 49738
51035 49739
51050 47027
51091 47172
51121 47224
51398 53265
51414 52299
51434 52423
51436 53221
51453 52215
51461 53205
51464 53216
51586 53110
51644 53052
51645 53051
51660 53037
51661 53040
51682 53013
51685 50673
51727 51907
51757 51874
51760 51879
51761 52945
51762 52944
51763 50470
51785 52916
51786 52923
51790 52925
51799 51883
51804 52902
51805 52903
51820 51889
51834 52877
51847 52881
51864 51756
51866 51739
51867 51744
51873 52855
51880 52844
51888 51746
51889 51705
51890 52842
51901 51841
51926 50130
51928 50115
51937 51670
51938 51669
51950 51650
51951 51683
51960 51643
51963 50187
51969 51664
51970 51665
51979 51637
52016 51617
52020 49968
52035 51604
52040 51608
52077 51537
52099 51564
52101 50072
52129 49886
52131 51444
52133 51516
52134 51515
52142 51509
52178 51436
52192 49970
52208 51428
52224 51421
52240 49704
52244 51376
52253 49702
52267 51325
52274 49590
52349 52565
52364 51254
52391 51231
52396 49452
52412 47226
52418 51409
52419 51408
52499 51209
52507 49630
52542 35296
52558 49600
52559 49599
52618 51215
52619 51292
52625 49533
52629 51284
52677 53814
52678 53808
52781 53114
52802 53101
52830 53714
52833 53703
52841 53711
52862 53697
52899 53644
52915 53657
52921 52965
52943 53624
52962 52876
52968 53605
52972 52879
52977 52971
52981 52875
52983 52871
52984 52862
52997 51755
53013 52826
53025 52805
53026 52806
53028 52828
53041 52803
53043 51667
53044 52815
53049 51657
53057 51745
53070 52780
53071 52781
53108 52838
53109 52746
53112 52825
53120 52728
53121 52727
53126 51575
53157 51518
53191 52647
53192 52646
53214 51526
53250 52651
53257 52579
53283 52673
53291 52668
53294 51338
53309 51469
53332 52544
53346 51314
53354 52620
53372 51252
53373 51369
53414 51318
53433 52510
53438 51300
53463 51287
53466 51279
53470 51269
53483 51264
53568 54118
53605 53661
53642 54063
53669 53572
53693 52803
53694 54029
53704 53560
53734 52809
53744 52800
53751 53497
53759 53543
53777 53471
53778 52697
53788 52645
53795 53456
53798 53412
53801 52740
53820 53458
53826 53416
53860 52546
53875 52535
53876 52534
53888 52598
53906 52549
53966 54405
53978 54395
53979 54394
53991 54382
54002 54379
54022 50618
54023 54361
54037 54100
54095 53570
54111 54019
54117 54015
54123 54012
54125 53999
54163 53966
54166 53961
54180 53468
54182 53502
54188 53992
54199 53446
54214 53408
54381 54321
54420 54290
54427 53975
54460 53960
54545 54646
54569 54515
54594 54472
54622 54260
54627 54252
54644 54688
54662 54737
54666 54732
54673 54641
54693 54508
54711 54489
54773 54790
54790 54709
54820 54602
54837 54836
54851 54793
54852 54794
54874 54707
54901 54786
54907 54783
