3244
82 2024
83 2025
105 402
145 2112
158 1462
216 1094
254 1640
286 979
342 31074
426 1737
430 2557
445 20644
462 20217
469 1848
522 20206
526 861
590 1918
603 1958
620 20685
634 2114
645 20285
658 20359
679 2010
682 2206
688 2583
691 19674
705 2989
749 20379
768 19691
788 19769
798 1056
813 20941
825 2434
916 21075
923 20668
930 20613
942 1208
945 20978
946 20979
953 3167
980 1360
1033 2594
1054 20210
1061 1468
1075 1484
1103 1519
1106 2837
1184 20847
1202 20020
1222 3005
1233 20879
1246 31049
1275 1675
1278 20845
1325 3523
1335 1732
1377 3631
1383 1783
1398 3695
1400 2208
1421 21060
1430 2552
1431 2553
1437 1999
1439 21053
1444 2571
1461 21362
1468 20922
1472 2602
1494 2103
1506 20216
1568 1986
1581 3577
1582 3578
1594 3128
1642 20292
1692 20866
1731 4004
1740 20751
1764 16456
1782 20587
1844 3911
1883 20470
1927 21537
1952 2390
1954 4043
1958 21623
1961 21561
1996 21653
2000 2436
2005 4206
2022 4203
2044 21692
2062 3005
2083 4259
2104 2562
2141 4374
2208 3531
2287 21852
2293 2683
2298 3865
2334 21287
2391 4467
2392 4468
2459 2885
2504 4046
2505 4047
2512 21179
2557 4463
2585 4468
2593 4897
2601 21039
2618 21042
2628 3027
2639 4497
2682 4658
2749 22121
2770 3222
2775 5040
2791 21718
2848 4767
2968 22126
3081 6041
3184 4734
3229 6041
3234 21326
3373 5634
3374 5635
3482 22626
3540 5766
3628 5790
3641 6064
3652 5788
3741 22243
3786 5952
3908 6361
3927 22670
4156 6355
4184 6558
4185 6497
4215 6272
4250 6451
4265 5298
4288 6608
4375 6690
4394 6675
4425 5582
4447 5098
4457 5664
4484 22578
4506 6971
4555 5749
4565 23304
4683 12779
4866 22501
4933 23353
4946 7234
4962 7491
5014 7302
5030 23535
5035 48325
5045 23301
5081 7353
5082 7354
5139 7332
5164 7455
5237 7649
5273 7931
5274 7932
5279 6138
5306 7984
5416 23481
5504 23812
5525 22209
5551 7829
5641 23931
5670 6784
5729 8284
5772 10177
5801 23889
5885 8434
5897 10480
5926 8458
5988 8615
6006 8377
6090 8687
6141 8740
6157 8723
6170 8255
6244 23618
6343 9116
6363 8462
6364 8463
6421 5157
6441 51093
6442 8581
6508 8664
6614 24766
6619 24180
6655 8837
6684 9750
6713 23765
6741 9372
6782 7869
6818 8796
6974 24931
6979 24518
7012 9277
7037 10443
7062 9313
7097 9566
7169 9634
7184 9518
7194 9140
7217 9674
7254 9667
7267 9800
7290 9760
7291 9761
7349 9865
7384 9528
7385 9529
7434 9575
7448 9607
7462 10009
7484 10013
7490 24991
7509 9319
7658 10201
7749 9507
7847 10223
8008 9778
8031 10722
8032 10723
8034 9709
8040 9779
8041 9774
8042 9775
8099 9841
8125 10734
8204 10539
8252 10011
8276 10599
8290 10818
8403 9244
8461 9218
8486 10646
8521 10836
8523 9847
8593 10906
8599 10269
8607 10774
8746 25268
8757 8556
8793 25542
8801 11084
8814 10972
8832 11354
8884 10567
8910 11190
9005 10679
9050 11332
9055 10394
9068 10370
9086 11397
9131 11414
9140 48217
9145 11330
9149 11298
9229 25970
9256 25990
9297 11543
9300 10781
9336 11581
9346 11592
9376 11634
9418 12779
9423 11046
9489 11753
9527 11786
9558 11549
9586 11811
9596 11576
9612 11743
9682 11435
9721 25794
9751 11863
9785 11271
9825 11351
9843 12270
9852 11375
9864 12125
9917 12140
9947 11905
9967 11502
10006 12274
10028 12320
10116 12412
10209 26590
10234 12781
10240 12382
10251 30048
10252 30047
10260 12419
10298 12458
10304 11703
10312 12857
10315 12336
10334 12354
10343 11759
10350 12919
10394 12963
10411 12449
10412 12450
10414 12057
10418 11985
10434 12653
10443 12771
10481 12055
10489 12058
10500 12856
10507 12870
10511 12080
10563 12796
10584 12676
10587 12951
10596 12952
10605 12680
10610 12696
10705 13219
10797 13137
10818 12897
10838 13165
10894 13462
10916 12531
10947 13345
10953 13092
11017 13069
11045 13260
11073 13288
11074 13280
11098 13682
11128 13656
11129 13657
11208 13415
11209 13416
11213 13265
11237 12369
11287 13492
11296 13497
11334 13898
11337 13542
11360 13376
11361 13374
11393 13572
11426 13469
11438 13028
11472 13508
11549 27154
11647 13770
11648 13771
11663 13808
11676 13596
11685 27300
11722 13835
11759 13636
11763 13404
11776 13633
11795 14254
11853 13943
11881 14012
11899 14008
11921 13922
11928 14271
12018 14462
12037 40204
12111 13794
12112 13795
12134 13822
12193 11687
12208 13955
12230 11730
12239 14641
12241 11730
12253 14643
12300 14508
12391 27393
12425 14768
12427 14105
12437 14782
12462 14247
12507 14511
12511 14083
12513 14504
12519 14745
12520 14538
12628 15045
12664 14171
12703 14717
12717 15102
12790 14356
12816 15011
12878 15041
12939 14434
13016 14547
13027 14571
13054 27671
13070 27756
13079 15419
13135 27804
13153 27775
13278 14792
13334 14793
13352 14809
13379 15283
13417 28222
13423 14862
13514 15497
13515 15498
13594 15577
13595 15578
13596 15579
13600 15257
13602 15016
13630 15037
13746 15148
13784 15682
13813 15739
13849 15324
13911 16344
14006 15936
14016 15958
14037 15406
14074 15452
14095 15556
14158 15609
14215 15547
14226 15200
14244 15546
14250 15734
14273 15638
14282 15253
14301 15584
14377 15598
14383 16492
14471 28322
14494 15817
14525 28540
14533 15916
14549 18148
14551 15983
14571 15961
14576 15900
14585 15894
14611 16098
14624 16021
14639 17111
14761 16175
14822 17227
14850 16350
14900 16330
14901 16331
14903 17224
14965 17349
15017 38175
15049 37358
15099 15705
15204 16689
15216 16610
15243 16336
15271 17467
15308 17186
15313 17018
15443 16982
15509 17695
15526 17024
15550 17256
15645 17802
15751 29598
15778 16586
15922 17559
15940 18030
15944 17659
15947 18035
16003 17654
16020 16875
16068 17417
16101 16943
16178 17338
16194 17889
16200 18038
16351 17557
16371 18071
16392 17192
16402 18100
16425 18157
16499 17306
16519 17685
16537 18126
16599 17781
16600 17782
16662 17461
16667 18946
16720 18363
16769 17598
16860 17691
16862 18537
16944 17792
17051 17888
17052 18873
17055 18707
17096 18739
17137 18787
17142 18777
17192 18376
17200 18696
17201 18697
17233 18805
17243 18964
17264 18856
17327 18014
17328 18015
17367 18552
17414 18564
17477 18656
17479 18316
17528 18358
17572 18741
17573 18742
17577 18689
17578 18690
17645 18421
17668 18645
17688 997
17723 18469
17905 18413
17919 18976
17925 18982
17956 18446
17962 18456
17973 18470
17974 18471
18040 18504
18095 18548
18892 18148
19046 19895
19059 30985
19089 19765
19095 20137
19102 20207
19108 1483
19110 20402
19120 19979
19121 31024
19129 1853
19131 31071
19167 31131
19183 20100
19214 31130
19225 20169
19253 31149
19262 20728
19276 31267
19301 31169
19311 30670
19319 31233
19320 31234
19326 20345
19336 20502
19337 20378
19349 31249
19350 30681
19371 20403
19394 20408
19405 19711
19437 30809
19438 30810
19452 19766
19455 20573
19475 31632
19483 31379
19492 20907
19495 30881
19497 19779
19498 20941
19501 20930
19504 20636
19505 20637
19511 19820
19517 19871
19519 20617
19537 31440
19563 20743
19569 20817
19578 21153
19579 21154
19586 19901
19598 20433
19603 31155
19608 31723
19688 21229
19690 20093
19717 20070
19724 31294
19735 20464
19764 20271
19795 20240
19824 20235
19837 20279
19840 31419
19841 31420
19853 31886
19879 31200
19886 21466
19889 31275
19903 20298
19986 20557
20017 31871
20025 21492
20027 31877
20028 31982
20075 20589
20078 32036
20107 31948
20134 32107
20152 32126
20158 32135
20210 21736
20211 21737
20256 32044
20282 32067
20298 32242
20311 21961
20348 21738
20351 31997
20354 4316
20362 32123
20459 32203
20499 22094
20593 22231
20674 31772
20685 3520
20687 31788
20710 22361
20816 21361
20852 32625
20923 32678
20924 22071
20951 22447
20958 22465
20978 22654
21037 22712
21084 22690
21102 22796
21109 22810
21155 22664
21197 22663
21239 22775
21240 22776
21270 22766
21347 32842
21360 22053
21364 22570
21379 22868
21380 22869
21450 32420
21474 22972
21488 32957
21501 22514
21503 23030
21524 22509
21572 23296
21609 5212
21653 23424
21689 33256
21713 32601
21721 32608
21731 23451
21744 32622
21750 22836
21839 23284
21840 23229
21891 33245
21933 23615
22031 23081
22040 33398
22095 23613
22109 23651
22114 23717
22126 23732
22394 24093
22395 24092
22407 24204
22444 24257
22482 24104
22549 24476
22578 24373
22618 24002
22632 24332
22642 24197
22644 24566
22645 24030
22673 24636
22674 24637
22738 24650
22792 23736
22793 24358
22801 24353
22819 24679
22820 24680
22834 24848
22838 24749
22845 34216
22873 24785
22874 24786
22878 24781
22900 24786
22923 24446
22942 24758
22959 24845
23010 24874
23015 24866
23016 24867
23034 24931
23045 24881
23047 33942
23050 24893
23051 24894
23077 24920
23092 24916
23150 24709
23199 24751
23225 24776
23247 24799
23250 24833
23254 24841
23295 24860
23315 24820
23322 9876
23375 24582
23376 24583
23393 25014
23686 24812
23718 24277
23791 24338
23799 24338
23804 24908
23811 24887
23841 25235
23867 10545
23882 24494
23921 25319
23950 25064
23956 10681
23959 25429
24057 10832
24058 25503
24082 25152
24100 25169
24101 25170
24142 11292
24269 25564
24274 25082
24275 25083
24306 25873
24315 25882
24319 25707
24342 25722
24345 25368
24355 11224
24458 25472
24489 25497
24509 25916
24560 25990
24636 35128
24674 26009
24675 26010
24682 26002
24693 26113
24738 25973
24762 11788
24776 26001
24777 26000
24802 25388
24803 26018
24835 26067
24836 26068
24851 26246
24852 26247
24858 26091
24871 26305
24874 25924
24935 26442
24939 11954
24954 26373
24961 26383
24979 26328
24980 26329
25005 26015
25012 26412
25022 11914
25023 11915
25034 26459
25069 26582
25070 26583
25089 26350
25106 35117
25141 26476
25142 26477
25143 26190
25164 26704
25209 12797
25216 26181
25229 12821
25278 34990
25330 12025
25331 12026
25338 26654
25386 26771
25393 35688
25395 35608
25406 26905
25423 26913
25426 26798
25432 26925
25447 26415
25524 13044
25527 26758
25534 12977
25541 26919
25574 26777
25592 27091
25595 26980
25610 13032
25616 27015
25623 26608
25656 27050
25663 26902
25664 26903
25666 27002
25667 27003
25668 27174
25710 26950
25741 13642
25742 13643
25753 27001
25773 27128
25774 13525
25775 13526
25804 27066
25839 27172
25840 27173
25880 13892
25887 27143
25889 27140
25890 27141
25891 27423
25900 13392
25917 27455
25947 13775
25951 27203
25968 27504
25974 27131
26023 27318
26029 27510
26030 27511
26059 14270
26060 27385
26061 27387
26065 13966
26104 27415
26105 36066
26110 27431
26150 27453
26151 27454
26173 27617
26178 27458
26179 27459
26188 14463
26189 14464
26199 27194
26202 36705
26216 13650
26257 20888
26260 27448
26264 27149
26296 14596
26311 27508
26319 27240
26323 27304
26359 27864
26374 14295
26377 27239
26438 14783
26484 27783
26515 27421
26537 14767
26574 27963
26585 27542
26599 14883
26627 27545
26633 27579
26643 27925
26690 28184
26693 27676
26708 27667
26742 27653
26743 27687
26765 27675
26768 27675
26774 15401
26775 15291
26817 15355
26818 27836
26821 27675
26853 27821
26873 14685
26898 28216
26899 28221
26901 28108
26945 28145
26991 27934
26992 27935
27029 27911
27035 27921
27048 28464
27072 27977
27103 28140
27165 15611
27168 16093
27175 15188
27190 15643
27194 28151
27195 28152
27200 15628
27241 16038
27256 28143
27265 15765
27279 28194
27292 15813
27308 28480
27309 28481
27390 28010
27399 28326
27404 28289
27430 15987
27436 28229
27441 28609
27446 28248
27457 15093
27472 28316
27479 28397
27492 28301
27516 16102
27568 28488
27578 28522
27579 28523
27582 15825
27588 28506
27597 28417
27613 28237
27617 28439
27631 28562
27639 15945
27664 15365
27669 15795
27686 16791
27697 16939
27706 28597
27724 29008
27726 28652
27728 28558
27729 16880
27730 16881
27737 28890
27753 28655
27782 28634
27807 29055
27818 28703
27821 16114
27827 28702
27846 16650
27907 28673
27909 16363
27912 28764
27956 17172
27957 17173
27978 37102
28028 17231
28073 29328
28108 29161
28151 17732
28180 17518
28197 28992
28214 17564
28259 28766
28304 29004
28328 29526
28360 29347
28402 17219
28465 29389
28467 18028
28474 29614
28519 28974
28526 29397
28559 17589
28565 29005
28580 17674
28588 29484
28608 29495
28619 17816
28644 29591
28651 29067
28670 29506
28671 29507
28672 29508
28677 17871
28701 29281
28703 29283
28711 29569
28727 29568
28758 18395
28766 29691
28776 29734
28779 29352
28794 29633
28795 29634
28818 29220
28829 18317
28837 29250
28845 17707
28864 29683
28878 18176
28880 29284
28881 29285
28895 18204
28941 29509
28963 29911
28964 18359
28985 18479
29118 17806
29207 29607
29234 18719
29241 18961
29254 29895
29257 29897
29259 30197
29262 29901
29275 30216
29283 29889
29289 30017
29290 30018
29291 29885
29297 18815
29324 18454
29331 18715
29337 30117
29338 30118
29365 29986
29409 30162
29410 30163
29459 30082
29463 18558
29497 30098
29509 29883
29532 18421
29600 29961
29708 29966
30084 13878
30256 30711
30273 30979
30275 31140
30317 38288
30324 30507
30338 30797
30344 38651
30365 38621
30380 31042
30381 38442
30394 30539
30416 38662
30417 38689
30418 38682
30428 38447
30437 38713
30463 31185
30472 38535
30484 38732
30501 38762
30505 38727
30516 31213
30523 30698
30528 31333
30542 2821
30546 31222
30548 38603
30567 31593
30569 38462
30585 30825
30589 38881
30595 31428
30600 31627
30603 38799
30607 31312
30651 30677
30658 31640
30669 39048
30702 31684
30707 31688
30715 31719
30724 30953
30726 31418
30738 19993
30741 38957
30743 38910
30760 31048
30771 38614
30792 21229
30797 38628
30846 31144
30855 1815
30856 31873
30870 20215
30922 39231
30938 21505
30939 31569
30976 31516
31026 31354
31061 39384
31110 39419
31125 32150
31132 32168
31164 21790
31194 32094
31210 32262
31221 32229
31222 32230
31234 32189
31237 32127
31239 32160
31267 32248
31282 32225
31283 32226
31294 32273
31410 39415
31411 39416
31445 32566
31514 32561
31515 32562
31542 32327
31588 32673
31650 39814
31659 39286
31678 32687
31684 32643
31707 32769
31726 32815
31730 32811
31761 32727
31765 32837
31775 32734
31805 32869
31868 32816
31884 32840
31917 39940
31924 32992
31958 39938
32024 32449
32054 32977
32085 33041
32086 33042
32090 40085
32098 33200
32121 39678
32127 33109
32142 33222
32144 32748
32145 40104
32156 33255
32166 32693
32191 33291
32210 33308
32232 32683
32234 39767
32241 40061
32242 40060
32266 33358
32295 44758
32331 23615
32357 33459
32382 33294
32394 33363
32398 33313
32400 33069
32401 33070
32412 33382
32444 33400
32457 33554
32483 33063
32484 33064
32502 33438
32503 33457
32519 33095
32538 33578
32541 33579
32558 33544
32561 33551
32595 33634
32620 33655
32624 33800
32653 33890
32683 34009
32693 33994
32701 33775
32730 33687
32738 33840
32739 33841
32779 33861
32789 33864
32795 24259
32799 33892
32800 33893
32814 33585
32855 33804
32856 33805
32870 23969
32879 33971
32900 34049
32950 34174
32961 33951
32965 34201
32972 34382
33018 34095
33052 34307
33096 34283
33098 34291
33100 34191
33119 34418
33131 34328
33162 34448
33172 34301
33185 34465
33213 34497
33256 34206
33295 34525
33329 34543
33349 34305
33350 34306
33383 34632
33399 34649
33403 34658
33416 34664
33463 34436
33467 34413
33491 34431
33501 34813
33504 34498
33529 34774
33541 34501
33545 40921
33546 34516
33548 34852
33557 34797
33568 34517
33583 34547
33591 34953
33596 25531
33598 34123
33606 34814
33609 34770
33658 35001
33664 34636
33666 34867
33668 34962
33686 34888
33697 34894
33745 34542
33747 35014
33766 35030
33769 34570
33791 34927
33829 25884
33836 35024
33862 35054
33863 35055
33873 34844
33879 26049
33888 35075
33893 35078
33912 35101
33916 35106
33917 35107
33918 35110
33932 35113
33940 35165
33956 35135
33957 35090
33995 34897
34006 34920
34010 34840
34012 35159
34013 35160
34063 34892
34082 35234
34095 34924
34096 34925
34106 34940
34121 35149
34127 35284
34138 34990
34161 26283
34164 35191
34166 35091
34173 35250
34178 26381
34192 35022
34193 35023
34210 35212
34218 35356
34226 41271
34233 41317
34237 26291
34251 35071
34264 35094
34279 35407
34291 35111
34295 35108
34297 26645
34302 35419
34303 35507
34304 35508
34363 35455
34368 35471
34381 35393
34384 35175
34385 35176
34403 35408
34409 35448
34427 35533
34446 35550
34447 35551
34455 35640
34475 35345
34482 35581
34485 35461
34488 35373
34489 35374
34496 35594
34503 35297
34527 35499
34528 35617
34529 35618
34596 35469
34597 35470
34615 35655
34622 35703
34623 35704
34643 35454
34651 27026
34662 26958
34663 26960
34678 35650
34679 35811
34680 35812
34683 35629
34689 35868
34695 26936
34700 27106
34723 35797
34725 35491
34732 35806
34742 27096
34760 35774
34787 35762
34794 35770
34795 35827
34824 35615
34839 27116
34848 35998
34909 27332
34916 35938
34917 36076
34930 35961
34937 35838
34971 35975
34987 27303
34996 27307
35003 35900
35029 36029
35045 36168
35052 36180
35054 26853
35110 36197
35121 13957
35129 36004
35144 35950
35156 36140
35172 36042
35184 36331
35185 36332
35191 36027
35215 35989
35228 36381
35245 36384
35246 36014
35255 27606
35257 36230
35258 36409
35272 27891
35293 36469
35294 36470
35298 36071
35310 36108
35315 42096
35324 27732
35332 36098
35352 36117
35373 27939
35378 27867
35388 36449
35393 36118
35395 36134
35398 36546
35405 36099
35406 36106
35413 36283
35417 36572
35418 36553
35424 28100
35425 36500
35467 27661
35472 36584
35506 36492
35528 2226
35533 36508
35586 36723
35587 36724
35593 36731
35596 42165
35602 28340
35611 36521
35613 36653
35679 27953
35685 27920
35690 36661
35691 36662
35710 27926
35749 42491
35765 28435
35777 36745
35779 28084
35798 37149
35800 36760
35810 28643
35815 28354
35816 36832
35820 28387
35824 28132
35834 36601
35837 28384
35838 36802
35879 36598
35891 36827
35907 28181
35909 36941
35911 36868
35923 36681
35929 36877
35957 36534
35959 37093
35960 37193
36032 36716
36045 28929
36058 28769
36060 42436
36062 37181
36064 36811
36093 28944
36110 36789
36112 37226
36147 36887
36159 36920
36160 36921
36161 36888
36174 36941
36184 36947
36230 36894
36267 36916
36273 28885
36286 29079
36299 37271
36303 37282
36304 37283
36313 37010
36318 37038
36323 37184
36326 37403
36332 37065
36340 28964
36341 37035
36381 37284
36387 37246
36409 37472
36413 37101
36415 37266
36449 37159
36451 29263
36480 37462
36481 37463
36501 29256
36502 29257
36575 37319
36623 37613
36641 37059
36645 37537
36718 37590
36726 29631
36728 28947
36736 37729
36801 29233
36805 29453
36810 29586
36822 37449
36823 37450
36840 37714
36841 37712
36843 37327
36865 29107
36869 29563
36870 29564
36892 37734
36894 29142
36906 37743
36910 37700
36930 37380
36943 37769
36965 29463
36986 37808
36999 37469
37021 37506
37030 29840
37031 29841
37037 37918
37113 37914
37123 37922
37166 37795
37173 30101
37181 29984
37185 37667
37195 30068
37227 37849
37229 37905
37230 37906
37232 37907
37243 38045
37245 29610
37258 38101
37274 37749
37307 37949
37312 38052
37315 37970
37318 37783
37334 30214
37337 37798
37341 37939
37378 30136
37424 37806
37452 38015
37468 37990
37492 38046
37537 38010
37538 38011
37539 38017
37601 37904
37623 30061
37721 30143
38013 43500
38037 43611
38040 38468
38057 43525
38073 38790
38079 43450
38080 43541
38087 38811
38088 38812
38091 43470
38095 38819
38114 38447
38127 43695
38132 43852
38133 43853
38134 43764
38139 38734
38144 43571
38157 43510
38168 43792
38169 43793
38200 38470
38217 38483
38219 43756
38236 39019
38237 39020
38247 43582
38264 39048
38274 38946
38292 38539
38293 43588
38302 38965
38316 43625
38329 39116
38331 39046
38344 39031
38348 43878
38419 44064
38422 38706
38467 43902
38493 38797
38501 38849
38502 38850
38507 39309
38519 38818
38529 39030
38541 44195
38562 38932
38591 39317
38595 44250
38596 44251
38603 44261
38608 39178
38616 39468
38617 39469
38621 44121
38646 39485
38656 39382
38660 39430
38667 39500
38674 44164
38675 39398
38682 43909
38702 39424
38719 39343
38722 39011
38731 39487
38746 39478
38748 44343
38767 32270
38908 44494
38916 32572
38959 44496
38970 39290
38971 39291
38988 39828
39006 39858
39028 44515
39029 44516
39064 32820
39086 39935
39093 44582
39097 44620
39120 39877
39137 39959
39211 39760
39213 39772
39252 40093
39257 39697
39269 44762
39291 44772
39300 39981
39313 44784
39319 40139
39323 39774
39342 39743
39349 40061
39350 40060
39351 39766
39360 44809
39382 44833
39395 44851
39399 40137
39402 40166
39410 40203
39417 39968
39420 44561
39478 40227
39488 40342
39505 39991
39518 40002
39529 40235
39553 40427
39571 40436
39574 40079
39625 40323
39629 40355
39633 33311
39649 44825
39650 44826
39664 40412
39699 40440
39708 45016
39728 40477
39730 40479
39746 45034
39774 45146
39788 40651
39792 40570
39823 40585
39824 40586
39848 40606
39893 40635
39947 40736
39985 40781
39991 34283
40077 40926
40090 40871
40091 40873
40109 40896
40110 40900
40111 40901
40118 34604
40160 40795
40182 40812
40191 40818
40216 41009
40251 41052
40252 41053
40295 40672
40299 40931
40329 41071
40338 45556
40355 40996
40356 45567
40362 40979
40364 40980
40377 41239
40392 41133
40448 41042
40452 41003
40468 45559
40476 35167
40477 45675
40502 41268
40514 41285
40518 41290
40552 41315
40565 41329
40567 41291
40596 41288
40603 41300
40622 41391
40632 41314
40637 41324
40638 41413
40641 41365
40642 41366
40672 41351
40675 41463
40676 41460
40677 41461
40680 45621
40686 41212
40687 41364
40696 41380
40697 41379
40719 35355
40720 41549
40738 41337
40739 41496
40753 41425
40754 41521
40757 45812
40788 41607
40794 41336
40819 35462
40821 41643
40824 41651
40833 41383
40852 41557
40857 35517
40858 35518
40863 41348
40865 41625
40866 41626
40868 35418
40869 41433
40898 41563
40899 41564
40913 41511
40919 41666
40925 41720
40928 41594
40954 41760
40955 41660
40978 41753
40980 35682
40986 41677
41002 41630
41010 41580
41026 41648
41033 35731
41041 41605
41042 41798
41065 41631
41067 41799
41078 41767
41081 41673
41096 41674
41102 41696
41112 41785
41137 35947
41138 36045
41139 36046
41169 41800
41182 41908
41190 41868
41202 42025
41218 41929
41220 42049
41235 41948
41244 41943
41247 41844
41249 42047
41251 41951
41266 36004
41270 41849
41273 41856
41284 36264
41296 42118
41299 36330
41303 42130
41320 42146
41331 41952
41341 41933
41342 41934
41343 41936
41344 41937
41352 36116
41363 42009
41369 36275
41376 36460
41385 42040
41394 42125
41395 42126
41419 42072
41451 36569
41463 36441
41465 36314
41470 42206
41479 42245
41488 42117
41502 42114
41509 42360
41512 42113
41525 36437
41528 42183
41529 42306
41550 46303
41551 46304
41566 42427
41658 42389
41691 37012
41698 36899
41701 36920
41713 37044
41715 36843
41720 42367
41744 42383
41746 42625
41747 42501
41776 42659
41809 42395
41821 42440
41828 37223
41834 42567
41841 42351
41854 42617
41865 42454
41867 37053
41869 42597
41873 42604
41874 42605
41895 42688
41908 37153
41917 42634
41951 42573
41965 37248
41972 42590
41974 42594
41975 42595
41978 37260
41990 42639
42028 37292
42057 42766
42063 42790
42065 42696
42131 42767
42171 37290
42172 42902
42227 42811
42231 37719
42239 42860
42260 42952
42261 42962
42293 43003
42318 42781
42330 37348
42344 43040
42356 43058
42360 42812
42390 42863
42391 43078
42401 42868
42407 43087
42409 37487
42417 43114
42425 42892
42429 37506
42442 42912
42458 43155
42460 42925
42475 43062
42502 43192
42503 43193
42511 37795
42526 43088
42552 43291
42560 38101
42581 43050
42594 37957
42597 43335
42603 43295
42604 37783
42616 43278
42617 38058
42696 43241
42787 43165
42819 43201
42825 5157
43068 47169
43084 43434
43115 47395
43141 47403
43145 43692
43155 47249
43156 47250
43161 43711
43162 43712
43172 43722
43199 43912
43200 43786
43208 47466
43218 47325
43227 43831
43233 47586
43235 43585
43236 47545
43244 47593
43248 47350
43251 43956
43266 43957
43268 43863
43270 43588
43272 43970
43279 43598
43283 47406
43284 47363
43293 43921
43294 43922
43300 43918
43309 47370
43310 47371
43311 44000
43315 47546
43316 47542
43329 43662
43351 43953
43372 47418
43374 47697
43379 39171
43381 43719
43385 43729
43394 43742
43410 43916
43418 44133
43423 47581
43456 44119
43463 43823
43465 51573
43471 43835
43475 43839
43480 47638
43483 43849
43490 44159
43505 44257
43510 44275
43512 44138
43522 38963
43526 44247
43529 47824
43530 47825
43534 47556
43547 47841
43561 44281
43580 44351
43588 44302
43595 47622
43596 47623
43647 47653
43683 44395
43687 44305
43742 44508
43764 44404
43788 39884
43804 44549
43805 44550
43855 44309
43864 44607
43887 44661
43888 44688
43892 44672
43920 47903
43930 44401
43947 44737
43949 44719
43950 40122
43963 44449
43977 44662
43993 48177
44033 44783
44058 44880
44069 44581
44088 48044
44093 48197
44101 44914
44108 48278
44114 48217
44115 48218
44128 48308
44129 48309
44133 48215
44143 44954
44146 48276
44153 48291
44156 48118
44174 44992
44178 44947
44200 44823
44238 44988
44272 48236
44296 45105
44311 45183
44344 45076
44350 45196
44361 48435
44384 48495
44399 45221
44404 48475
44412 45227
44438 45167
44442 48625
44460 45200
44461 45201
44467 45212
44468 45213
44481 45328
44502 45311
44507 45270
44508 45271
44526 45382
44527 45218
44531 45387
44536 45392
44574 45277
44587 45362
44588 45363
44597 45303
44600 45482
44615 45310
44630 45339
44644 45115
44663 45543
44669 45366
44673 45565
44688 45395
44692 45169
44695 45414
44713 45516
44727 45630
44728 45631
44731 45562
44766 45475
44769 49812
44795 45457
44814 41356
44822 45640
44843 45661
44848 41284
44852 45649
44863 45534
44871 45537
44880 45554
44890 45696
44902 48781
44913 45674
44917 41311
44920 45723
44931 45619
44933 45760
44939 41340
44959 45752
44960 45753
44969 45763
44977 45637
44985 45756
45007 45744
45009 45809
45017 41525
45023 45795
45030 41449
45033 45695
45041 45697
45043 45865
45054 45884
45057 45853
45058 48949
45070 45734
45074 45903
45075 45945
45076 45946
45077 45869
45090 45972
45108 45762
45109 45916
45176 41779
45188 46068
45204 46083
45209 46090
45226 45817
45255 46016
45257 45957
45276 41911
45281 41855
45282 46140
45287 45995
45298 46109
45309 46123
45323 46127
45324 42003
45332 41978
45336 46151
45347 46047
45389 46264
45394 46181
45398 46158
45400 41962
45408 42071
45411 46204
45415 42108
45416 46282
45421 46209
45422 42105
45434 42022
45446 46122
45447 46133
45449 46288
45473 46272
45477 46275
45492 46224
45495 42219
45496 42220
45511 46298
45518 46324
45519 46325
45526 42045
45534 46355
45541 46377
45552 46233
45553 46234
45557 46385
45622 46466
45654 46488
45660 46495
45679 46350
45694 46383
45710 51494
45729 46396
45730 46397
45734 46416
45745 42434
45755 49483
45764 42447
45776 42474
45780 46548
45784 46434
45795 46421
45798 46575
45800 42500
45809 42640
45821 42530
45824 46564
45859 46507
45868 42452
45877 42507
45878 42508
45883 46533
45886 46500
45887 42511
45889 42482
45891 46618
45895 46637
45900 46606
45904 46654
45914 46698
45925 42784
45927 46624
45935 49493
45949 42704
45951 46648
45969 42612
45975 42834
45989 46645
45990 46646
45996 46765
46012 42740
46021 46704
46039 42694
46041 42818
46060 46798
46061 46683
46095 46768
46108 42909
46117 42907
46118 42881
46119 42996
46130 46850
46154 46807
46177 43047
46190 46679
46194 46679
46199 46818
46201 46844
46202 46843
46205 43015
46208 49753
46217 43093
46220 46884
46223 46858
46229 46861
46236 46718
46247 46719
46276 43114
46286 46776
46298 43145
46314 43162
46319 46975
46323 42951
46324 46986
46343 43275
46346 46897
46365 46957
46391 47065
46392 47046
46403 46966
46413 46908
46442 47072
46461 49808
46464 46891
46467 46946
46493 47039
46506 43271
46513 46987
46514 46988
46523 47064
46588 34707
46591 47060
46592 47061
46758 47254
46775 50028
46791 47324
46793 50138
46797 47423
46804 47255
46805 47256
46808 47265
46809 50097
46811 47472
46822 50107
46832 47482
46843 47512
46845 47551
46846 50124
46848 47332
46849 47333
46853 47313
46859 50133
46866 50043
46868 47334
46870 50172
46883 50050
46884 50150
46889 47363
46893 47409
46903 50064
46910 47575
46912 47644
46914 50178
46918 44017
46919 47451
46956 50134
46986 47725
46992 50326
47005 47738
47016 50164
47021 47762
47049 47660
47066 50303
47075 50337
47086 50347
47096 50382
47104 47585
47112 47864
47125 47816
47129 47608
47138 47836
47144 47880
47158 47873
47159 47874
47171 47664
47188 47677
47197 47691
47206 47941
47211 47925
47271 48007
47287 48041
47291 48041
47304 48034
47316 48082
47333 48052
47362 50435
47363 50436
47373 48148
47389 50467
47391 48157
47392 48158
47412 48137
47446 48013
47462 48234
47463 44663
47473 50529
47504 48297
47523 50738
47527 48271
47536 48256
47537 48257
47545 48125
47546 48304
47551 50611
47552 50612
47566 50718
47568 50719
47574 48387
47576 48144
47592 50736
47597 48322
47604 44971
47606 48335
47646 48330
47652 48422
47671 48538
47687 48559
47699 48563
47707 48480
47712 48440
47715 50900
47724 48564
47730 50800
47778 48650
47834 48634
47870 45489
47886 45478
47891 48704
47893 50980
47902 48749
47907 48724
47908 48764
47917 48705
47947 48756
47959 48680
47962 48813
47964 48770
47975 48700
47994 48800
48002 48814
48041 48746
48054 48831
48056 48907
48058 48909
48059 48910
48064 48888
48070 48849
48071 48850
48076 48902
48086 51155
48088 48900
48097 48947
48099 48823
48101 48882
48104 48972
48105 48973
48106 48962
48107 48963
48108 48913
48110 51079
48111 48916
48113 45683
48117 45771
48134 49000
48142 48925
48172 48886
48173 48887
48186 45969
48205 49003
48208 49068
48210 49067
48230 49093
48231 45938
48240 49097
48251 46014
48258 46020
48269 49006
48273 46044
48287 49042
48305 46142
48306 49102
48307 48996
48313 49086
48314 49087
48315 46139
48324 49129
48334 46088
48362 49161
48365 49201
48366 49162
48376 49173
48380 49171
48387 49169
48388 49182
48400 49193
48404 51293
48411 49248
48412 49235
48413 49236
48417 49183
48418 49253
48426 49258
48435 46309
48439 46310
48443 46318
48444 49246
48453 49280
48459 49271
48489 46349
48493 49293
48499 49284
48520 49238
48521 49314
48536 49223
48538 46268
48545 49349
48551 49245
48556 46431
48560 49340
48576 49375
48582 46313
48594 49351
48607 49362
48621 49323
48622 49392
48632 46540
48635 46541
48658 49427
48666 49339
48667 49396
48675 46352
48682 49381
48690 46510
48697 49371
48705 49409
48706 49398
48707 49399
48714 46550
48717 46551
48722 51544
48731 49488
48732 49542
48740 46486
48755 46670
48759 46440
48766 46536
48770 46623
48790 49518
48795 49497
48796 49538
48807 49607
48808 49608
48812 46741
48826 49498
48829 46672
48835 49514
48839 49555
48846 49581
48851 46686
48873 49615
48878 49670
48886 46734
48888 46811
48889 46812
48890 46810
48891 49589
48900 46745
48905 46701
48906 46702
48912 49599
48915 46774
48918 49712
48919 49606
48925 49695
48934 49525
48946 46802
48953 49684
48955 49633
48956 49634
48972 49620
48998 49579
49014 46877
49017 49763
49022 49741
49037 49688
49045 49638
49054 49637
49078 49814
49091 49833
49098 49779
49101 49774
49124 46963
49126 49839
49166 46878
49175 49781
49200 49815
49244 49885
49401 51864
49408 49983
49409 51935
49412 50084
49413 50085
49418 50118
49425 50168
49432 51943
49433 52005
49444 49984
49449 50197
49451 51966
49485 51948
49492 50066
49511 50275
49512 50163
49526 50266
49527 50267
49533 50280
49545 52082
49551 52106
49552 52107
49572 52126
49610 50347
49614 47868
49619 52156
49621 50201
49636 52153
49645 50392
49651 50408
49679 52190
49689 50286
49700 50457
49712 50481
49772 52279
49783 50574
49788 52189
49796 50584
49797 50436
49809 50604
49812 50460
49813 50461
49820 50602
49826 52291
49835 50635
49845 50626
49846 50627
49858 50671
49863 50664
49866 50691
49881 52380
49904 50739
49911 50570
49920 48304
49971 50776
49978 50786
49999 50777
50012 50791
50016 50819
50040 50934
50042 50844
50048 50840
50059 50858
50105 50951
50120 50892
50123 50899
50149 50979
50151 50915
50157 51004
50162 51005
50169 50938
50180 48736
50188 51011
50192 50959
50194 51018
50196 51019
50218 51044
50222 51051
50225 50994
50234 51060
50235 51084
50236 51085
50242 51064
50243 51065
50264 51042
50266 51117
50276 51076
50289 51124
50293 48896
50302 51137
50303 51136
50304 51135
50310 51154
50311 51155
50319 51079
50324 51142
50336 51165
50337 51183
50340 52646
50344 51194
50348 51099
50373 51166
50374 51192
50391 51210
50398 48934
50401 51229
50410 51234
50411 51235
50441 51182
50455 51243
50463 51232
50467 51202
50469 51281
50477 51283
50478 51265
50480 51300
50482 51230
50483 51231
50485 51225
50514 49179
50533 51316
50534 51304
50549 51358
50566 51334
50571 51284
50573 51345
50589 51361
50592 51360
50595 51400
50615 49309
50620 51431
50625 49328
50645 52834
50684 51395
50686 51405
50702 51464
50706 51470
50710 51475
50718 51482
50720 51484
50748 49396
50749 51448
50758 51513
50759 51514
50762 49450
50763 49451
50773 51467
50793 51487
50794 51488
50795 51538
50800 49542
50801 51510
50802 51511
50815 51566
50819 51516
50826 51504
50827 51506
50829 51504
50836 51512
50837 49517
50838 51531
50850 51624
50852 49480
50853 49549
50855 51549
50860 46648
50862 51604
50863 51601
50865 49565
50868 51550
50871 49563
50876 51628
50878 51606
50879 51623
50882 49530
50896 49610
50902 49670
50908 49676
50927 49710
50933 49686
50957 49690
50958 51720
50961 51677
50972 49780
50979 51627
50988 49741
50996 51643
51009 51737
51010 51738
51013 51740
51035 51684
51050 51723
51051 51724
51058 51807
51060 51712
51062 51772
51063 51752
51067 51744
51069 51745
51073 51718
51103 51753
51119 51798
51127 51742
51273 51855
51284 51929
51298 53207
51300 53184
51317 51896
51318 51897
51320 53245
51326 51916
51335 52021
51338 52035
51339 52036
51345 52055
51346 52056
51347 51940
51350 51936
51352 52065
51355 52042
51356 52043
51358 52050
51363 52081
51370 51958
51371 52085
51373 52091
51377 51969
51378 52033
51383 52035
51384 52036
51388 53246
51389 52109
51391 52114
51394 53273
51397 50284
51416 50175
51431 53322
51434 52146
51445 52160
51450 52179
51459 52173
51460 52041
51476 50273
51485 53274
51495 52229
51502 52224
51542 52252
51549 52280
51572 52288
51585 53360
51588 52296
51589 52217
51591 53428
51598 52321
51600 53380
51602 50626
51606 52345
51615 53381
51616 53382
51627 52346
51635 52334
51639 52269
51656 52382
51662 53483
51666 52384
51667 52385
51679 52379
51688 52415
51691 52335
51700 53508
51703 50797
51711 52409
51714 52413
51741 52423
51761 54265
51766 52462
51791 52467
51798 52496
51803 50905
51816 52499
51823 52524
51825 52512
51826 52535
51828 52533
51841 52539
51846 52559
51849 52504
51850 52563
51858 52571
51885 52614
51886 52615
51889 52575
51897 51093
51901 51119
51902 51120
51906 51140
51910 52611
51915 52620
51920 52647
51936 53665
51937 53635
51945 52684
51949 52669
51960 52682
51964 52637
51968 51176
51974 52703
51986 51233
51990 52672
51994 52715
51999 52698
52009 52695
52010 51245
52033 52712
52034 52713
52039 52748
52041 52721
52042 52727
52045 51262
52057 52744
52061 51327
52066 52723
52077 52759
52078 52760
52079 52757
52081 52763
52082 52765
52085 52746
52089 52786
52096 51301
52105 52788
52115 51353
52116 51309
52117 51310
52122 51324
52127 52813
52131 52792
52134 52823
52139 52781
52141 51417
52153 52807
52167 52789
52174 52824
52175 52825
52184 51443
52185 52803
52186 52835
52189 51485
52190 52840
52191 51410
52192 51411
52203 51404
52205 52815
52206 52890
52216 51517
52218 52860
52223 52876
52224 52838
52226 52883
52227 52885
52233 51499
52245 52861
52248 52868
52259 52916
52260 52917
52261 51497
52269 51529
52270 51530
52287 52952
52289 52948
52294 51603
52296 51609
52304 51621
52308 52964
52311 52987
52314 52970
52317 51619
52326 51592
52327 51593
52340 51700
52351 52998
52356 52993
52366 53012
52368 51660
52374 53014
52381 53025
52382 53026
52396 53051
52407 51685
52414 51754
52423 53068
52427 51773
52435 51725
52437 53082
52454 51796
52484 53063
52595 53150
52602 53166
52615 54034
52616 54035
52617 53135
52625 54056
52630 54026
52635 54093
52647 53258
52653 54048
52656 52051
52669 53200
52680 54122
52683 53204
52697 53297
52698 53314
52707 53329
52708 54112
52712 53335
52713 53331
52737 53274
52738 53275
52748 53286
52769 53383
52774 53388
52793 53421
52798 52302
52808 53420
52820 54167
52825 53376
52826 53434
52839 53452
52849 52368
52861 53461
52862 53460
52868 53457
52873 53469
52874 53475
52890 54266
52891 53488
52892 53492
52893 53498
52894 54268
52907 53505
52909 53506
52911 53516
52913 53514
52947 53560
52964 52516
52973 53581
52975 53583
52976 53584
52982 54330
52983 53597
53007 52588
53010 54314
53018 53628
53019 53629
53023 53619
53036 54326
53040 53604
53042 53625
53054 53639
53056 53671
53059 53665
53062 53674
53063 53675
53076 53688
53088 53696
53099 53708
53103 52692
53105 52726
53123 53716
53127 53702
53130 52766
53132 53737
53139 52776
53140 53712
53143 53744
53172 53775
53187 53741
53196 53762
53205 53750
53207 53794
53213 53766
53214 53767
53216 53801
53227 53777
53235 52842
53237 52882
53250 53830
53254 53818
53263 52919
53269 53876
53270 52901
53275 53835
53276 52939
53277 53862
53280 52943
53281 52944
53292 53880
53294 53885
53298 53895
53313 53866
53316 53918
53333 53006
53334 53925
53337 53013
53342 53911
53348 53944
53349 53928
53365 53940
53366 53941
53377 53963
53392 53057
53401 53976
53402 53950
53406 53967
53420 53077
53421 53078
53428 53084
53450 53981
53486 54563
53495 54090
53500 54087
53501 54086
53503 54066
53515 54573
53519 54105
53520 54106
53521 54100
53523 54092
53524 54578
53536 54119
53538 54119
53539 54120
53543 54072
53553 54146
53573 54173
53581 54623
53608 54213
53638 54241
53651 53529
53708 54338
53724 54342
53733 54332
53738 54344
53750 53675
53754 54370
53756 54365
53772 54381
53789 54387
53795 54398
53796 54402
53798 54406
53808 54397
53815 54420
53839 53748
53846 54416
53849 54415
53850 54432
53854 54448
53859 53811
53867 53821
53870 54463
53873 54435
53874 54436
53882 53826
53883 54436
53891 54834
53903 53835
53907 54461
53912 53880
53926 53921
53927 53886
53931 54494
53932 54495
53938 54497
53941 53901
53945 53930
53946 54512
53960 53947
53966 53955
53969 54507
53980 53958
54092 54601
54094 54610
54096 54587
54100 54614
54106 54599
54114 54595
54116 54929
54120 54628
54161 54640
54170 54653
54181 54678
54184 54681
54195 54692
54202 54712
54203 54993
54220 54735
54229 54739
54230 54726
54236 54752
54244 54757
54275 54783
54297 54813
54301 54811
54307 54819
54325 54831
54326 54832
54331 54483
54332 54484
54359 54511
54362 54517
54364 54504
54375 54539
54378 54879
54429 55099
54447 55114
54451 54925
54466 55128
54471 54959
54478 54970
54484 54978
54485 54979
54489 54985
54512 54740
54519 54757
54526 55017
54527 55020
54532 55022
54534 54775
54544 55030
54546 55031
54562 55045
54564 55048
54574 54827
54576 54829
54582 55056
54583 55061
54590 54859
54591 54860
54593 55073
54597 55065
54632 55101
54633 55236
54641 55119
54686 55173
54695 55194
54698 55045
54699 55200
54702 55205
54711 55059
54712 55061
54716 55067
54717 55071
54718 55072
54722 55228
54760 55265
54772 55278
54774 55280
54775 55284
54781 55286
54783 55287
54786 55293
54789 55301
54798 55306
54800 55193
54802 55195
54805 55196
54808 55311
54815 55313
54817 55212
54818 55315
54823 55224
54824 55329
54848 55342
54849 55343
54851 55349
54882 55303
54887 55374
54899 55322
54901 55319
54904 55327
54906 55384
54923 55394
54939 55354
54942 55419
54959 55430
54967 55437
54984 55459
54987 55467
54998 55472
55002 55449
55017 55487
55027 55501
55042 55512
55043 55514
