1370
105 19727
158 18362
188 30011
251 29886
255 18159
408 37824
447 19284
680 29664
847 16453
958 17058
1249 16637
1269 25752
1377 15570
1398 28429
1480 37116
1590 15266
1653 15373
1720 16166
1927 28006
1954 28000
1955 27999
1971 37006
2050 28189
2142 28077
2181 14830
2191 15757
2287 27986
2391 14452
2407 36822
2577 15913
2601 16940
2606 15260
2611 27758
2679 27802
2717 27754
2723 51977
2770 29162
2784 27430
2935 13778
3380 3414
3441 27070
3508 27016
3540 27279
3559 26988
3582 27021
4077 27059
4399 28035
4455 12507
4774 26448
4874 12713
5015 11904
5074 11769
5081 26138
5082 26137
5237 11522
5306 11208
5344 12744
5443 52701
5533 26044
5569 17328
5641 25862
5650 11168
5729 10554
5749 10217
5761 10784
5772 24523
6033 25775
6157 10311
6317 25247
6323 25222
6343 9740
6353 3671
6709 9013
6720 9547
6830 24070
6862 10691
6878 25130
6896 9013
6930 9326
7012 25142
7062 9484
7160 9135
7184 24876
7216 9573
7217 9572
7430 8353
7490 9226
7615 8210
7680 8969
7697 8955
7801 8593
8076 24378
8204 24307
8252 9739
8418 24170
8521 24074
8593 7708
8711 23932
8758 7842
8763 7854
8764 7853
8785 9322
8801 23933
8842 33892
8858 44505
9131 7560
9147 24937
9201 23951
9229 23638
9257 7682
9811 6544
9960 6242
9978 23160
9997 6036
10065 5994
10082 6590
10209 23193
10240 6554
10426 6096
10442 5565
10443 5564
10587 5397
10605 22821
10733 22756
10838 5176
10947 5630
11073 5224
11075 5282
11128 22893
11208 5485
11209 5484
11306 5370
11361 22383
11472 22307
11483 4465
11540 4557
11541 4556
11625 4884
11648 4998
11795 4715
12103 4262
12532 4058
12750 21498
12790 5619
12962 5972
13016 5390
13060 5340
13352 5515
13911 1318
13999 2841
14010 14087
14321 1772
14471 22440
14533 4344
14611 4251
14645 4207
14707 4140
14843 4396
14844 4004
14852 2031
14903 1914
15062 2148
15361 47586
15555 18329
15990 3238
16172 3116
16329 2947
16599 2761
16634 2458
16972 1249
17318 28810
17667 1665
18210 106
18324 682
18442 1534
18481 1191
18829 1208
19046 30082
19059 38187
19103 29967
19120 29990
19129 29729
19140 30281
19172 29249
19253 38033
19372 30403
19427 37860
19438 30332
19671 43154
19722 37338
19795 29884
19986 29598
20018 37187
20027 37162
20031 37056
20085 28153
20099 24440
20177 36822
20178 36821
20210 27911
20348 36847
20349 36848
20362 42790
20407 27740
20499 27766
20512 27884
20577 27522
20677 27411
20728 36409
20781 36334
20832 36312
20847 42671
20925 36302
20930 36217
21056 13157
21095 27223
21170 36279
21197 36280
21347 36188
21381 36158
21495 35879
21503 26758
21563 26770
21572 26544
21584 26555
21683 26422
21713 27849
21730 35666
21799 35702
21800 35701
22025 26116
22044 26003
22114 25886
22341 25593
22394 25321
22395 25322
22407 35059
22443 24768
22467 25348
22549 25243
22595 41581
22646 11360
22673 25013
22674 25012
22793 34966
22819 25252
22820 25251
22831 34515
23034 9317
23250 25123
23256 25129
23299 34707
23322 25065
23447 24715
23464 34298
23495 34609
23802 34166
23847 25327
23960 24243
23961 8173
24033 9607
24113 33773
24251 33862
24278 7989
24368 33601
24472 34074
24555 23732
24578 23667
24746 23798
24762 23533
24769 33600
24777 33529
24780 33563
24870 33491
24871 33474
24916 23390
24935 23823
24954 23446
24961 6286
24965 33421
25034 33360
25069 33604
25228 23396
25269 23362
25379 22887
25380 22886
25386 22873
25423 23332
25426 22833
25547 22735
25643 22910
25656 22585
25657 22584
25664 32879
25668 22897
25775 22703
25778 22401
25804 22368
25844 5062
25880 5402
25892 51044
25917 22526
26005 22536
26029 22612
26030 22611
26103 4750
26104 4751
26147 22290
26151 4617
26168 22403
26197 6422
26206 3711
26218 22346
26301 21471
26302 22130
26326 22294
26363 5243
26380 24391
26452 4018
26574 21582
26678 23047
26862 5157
26941 33102
26945 21849
26979 20847
26981 5388
27008 5214
27014 2119
27087 22541
27165 3273
27200 3312
27293 2917
27294 2918
27298 4076
27441 21342
27492 22456
27516 2932
27576 22370
27661 944
27754 2523
27818 4127
27827 4124
27851 4083
27878 22073
27895 4070
28071 20000
28117 20973
28396 3482
28568 1353
28569 1352
28642 1766
28779 21465
28818 3402
28837 3279
28881 3225
28885 857
28886 856
28985 1245
29055 1168
29118 2415
29142 20346
29167 21084
29210 12429
29262 20853
29331 1349
29375 163
29391 20816
29412 139
29497 1399
29600 2099
29650 31251
29695 923
29807 20316
29875 1588
29892 1573
29937 1190
29993 1416
30023 20018
30172 19977
30177 321
30273 43640
30311 43471
30418 43517
30440 43269
30463 37991
30477 43501
30484 37950
30490 43521
30501 43459
30521 38480
30597 38694
30689 43011
30870 29918
30894 38106
30944 36951
30950 42859
31021 42751
31044 42845
31133 36637
31198 37102
31207 42697
31237 42849
31238 42748
31239 42749
31245 42671
31265 42738
31280 36757
31311 46832
31363 42658
31582 27198
31620 42385
31631 42389
31659 37283
31761 42437
31868 36260
31911 42355
31928 42228
31987 26741
32016 35916
32035 35887
32068 35615
32090 42106
32155 35757
32156 35756
32210 35665
32266 35639
32347 35548
32387 35817
32392 41813
32519 27127
32535 41666
32561 35336
32572 41596
32598 41565
32684 41471
32730 35513
32789 35330
32799 34916
33039 41265
33070 41221
33097 41212
33098 41211
33131 41187
33233 34392
33383 41014
33384 41013
33398 34189
33435 24632
33529 34055
33541 34862
33579 40927
33589 40856
33590 40857
33658 34073
33666 33928
33713 34351
33737 33818
33770 40713
33798 40725
33810 40694
33829 24047
33836 40722
33857 40672
33885 34174
33999 40596
34003 40577
34006 24666
34013 33548
34056 33536
34218 33375
34232 34229
34233 34228
34288 33459
34295 34315
34297 33441
34299 33301
34328 33295
34355 33557
34381 40382
34402 33274
34427 33179
34446 33164
34454 33448
34485 40320
34496 33100
34503 24213
34506 33162
34517 33493
34527 33087
34539 33085
34615 40312
34646 32968
34662 32950
34678 32937
34679 33166
34680 33165
34700 33147
34707 32908
34732 32890
34760 40198
34789 40144
34825 23793
34831 33063
34836 32997
34848 22768
34893 33020
34895 23843
34909 22853
34929 32882
34971 32631
34987 32797
35005 32804
35030 32896
35045 32802
35050 23242
35074 22013
35145 32384
35156 32706
35175 22255
35191 33331
35214 23386
35215 33451
35247 33410
35283 24385
35294 31935
35333 33302
35347 32270
35348 32269
35377 33236
35494 21996
35533 32430
35602 31635
35611 22956
35613 31744
35690 32286
35691 32287
35736 32190
35800 32222
35807 22549
35888 48298
35907 22491
35929 31996
35959 31361
35960 31634
35995 32808
36072 32332
36082 22313
36109 32650
36128 21348
36147 22045
36159 31535
36161 22044
36165 2684
36266 22127
36303 31438
36318 22090
36345 22068
36377 21060
36415 32028
36480 31627
36491 21724
36514 20856
36566 21867
36710 20613
36769 21558
36801 21578
36867 31169
36894 21782
36992 21622
36999 21662
37021 21634
37043 20696
37060 21423
37083 21311
37093 20465
37166 31751
37232 31506
37259 31893
37309 20825
37315 20611
37450 20132
37468 31520
37519 31040
37537 20823
37538 20824
37655 20286
37672 30911
37696 20255
37721 20787
37814 20693
37827 31041
37896 31258
38037 47503
38045 43440
38053 47298
38078 47458
38134 47336
38155 50178
38168 47302
38169 47301
38176 43139
38196 43201
38247 47590
38302 47209
38326 47049
38404 43598
38409 43218
38517 47014
38545 46846
38576 46884
38621 42974
38645 46855
38656 46899
38674 42917
38675 46878
38695 42922
38702 46858
38719 42909
38746 46829
38752 46832
38959 49648
38988 46566
39028 46634
39029 46633
39102 46602
39137 42255
39169 46483
39208 35615
39243 46395
39261 42042
39269 46378
39272 46389
39300 42294
39313 46353
39355 41979
39395 46287
39402 46268
39420 42530
39424 46229
39442 46255
39444 41856
39445 41855
39478 46207
39529 42020
39554 41954
39575 41559
39576 41560
39589 46164
39627 46027
39651 36029
39774 45934
39789 45925
39849 45744
39854 45725
39974 41221
39985 45788
39991 41204
39999 41099
40090 41121
40102 41207
40111 45672
40174 45633
40216 45608
40265 41462
40325 40927
40337 45537
40352 34779
40356 45488
40377 40909
40392 40869
40448 41310
40502 45393
40526 34901
40538 40764
40596 40578
40646 21076
40674 45305
40675 33817
40676 40754
40677 40753
40679 41148
40680 41147
40702 23477
40720 40533
40730 45292
40754 45228
40757 40499
40759 33616
40788 45284
40824 40476
40828 40559
40900 40333
40954 45185
40956 45098
40992 40817
41017 40222
41042 40179
41049 40198
41061 40809
41072 40273
41112 44967
41148 33676
41169 33636
41181 40128
41202 40111
41206 32802
41218 40109
41220 40066
41238 39885
41244 40138
41251 40117
41254 40151
41271 33486
41274 33565
41285 33542
41286 33541
41294 32587
41296 40033
41299 32580
41303 39982
41313 33613
41331 33208
41341 33457
41342 33456
41346 33029
41365 39980
41369 32581
41394 32542
41492 39673
41528 40182
41637 39258
41671 39538
41707 32131
41715 32033
41730 31983
41765 32808
41785 39499
41797 39328
41801 31956
41828 39090
41834 39207
41854 39457
41869 32244
41899 22127
41924 39284
41935 31680
41951 32417
41958 31762
41972 32394
41974 32383
41977 39365
41978 39366
42027 32009
42028 32008
42141 31262
42146 31461
42205 32170
42227 32213
42237 31722
42360 32237
42394 31999
42401 39714
42425 32147
42442 32096
42464 39648
42511 31751
42538 39579
42544 31209
42545 39079
42578 20640
42589 39290
42604 31836
42730 31419
42784 39199
42827 31173
42828 44055
42834 31352
42849 31420
42867 31119
42909 31318
42945 31304
42960 39181
43035 38873
43081 47611
43084 47732
43145 47419
43156 47677
43172 50268
43186 47331
43248 47558
43284 47542
43300 50093
43310 47541
43418 46896
43451 47318
43505 49810
43524 51875
43526 49848
43529 49835
43530 49834
43547 49820
43571 49821
43657 49717
43683 46682
43684 49691
43762 49640
43765 49677
43788 46546
43847 49660
43888 46470
43933 46392
43965 46409
44034 49420
44037 49454
44058 46265
44070 49288
44084 46241
44088 46693
44101 46222
44143 46179
44146 46283
44243 45961
44260 49233
44265 45921
44270 41662
44274 41655
44293 49170
44299 49179
44303 49157
44327 49149
44361 46173
44467 49027
44502 48974
44535 45805
44536 48860
44610 48890
44623 45611
44629 48877
44673 45647
44706 45521
44727 45463
44728 45462
44730 45503
44731 48823
44766 45832
44802 48780
44814 40649
44825 41326
44848 45380
44850 45405
44852 45530
44880 41247
44882 45494
44893 45330
44896 45340
44909 45318
44920 48673
44959 45262
44960 45261
44969 45254
44987 45279
45009 48614
45012 40987
45023 45222
45043 45187
45074 45162
45085 40336
45115 45263
45116 45567
45122 40470
45133 45101
45176 40211
45185 40389
45209 40311
45280 45024
45282 40286
45290 45046
45309 45020
45313 45030
45324 44988
45327 40523
45332 45056
45336 40003
45373 40619
45389 44958
45397 44944
45421 44976
45451 33613
45477 44928
45511 44903
45518 44718
45519 44717
45574 39851
45589 39927
45627 44505
45673 44736
45739 40186
45764 44645
45798 44444
45800 39587
45859 39956
45877 39898
45878 39899
45889 39975
45897 39876
45898 40001
45904 44363
45912 47961
45924 39729
46013 44177
46015 44326
46049 39349
46061 39722
46154 44325
46158 44472
46159 44162
46191 44161
46208 44122
46236 44753
46267 39574
46274 39206
46323 39647
46327 44564
46346 44556
46375 44596
46428 39011
46429 39012
46502 44112
46503 44111
46506 39251
46533 39088
46542 44064
46555 39034
46560 38823
46567 39288
46590 39007
46591 39268
46599 44030
46661 44321
46689 39071
46766 50329
46804 50443
46805 50442
46810 52064
46836 52025
46843 52022
46844 50408
46848 50388
46849 50387
46859 52059
46861 22989
46877 52049
46884 52039
46889 47542
46912 51914
47016 50198
47075 51870
47086 51862
47096 51778
47112 51796
47144 49733
47158 49747
47159 49746
47173 49737
47193 47145
47256 51719
47355 51582
47373 49502
47397 46407
47407 51538
47408 49472
47412 49452
47416 49458
47423 51541
47435 49427
47467 49397
47484 49394
47493 49374
47504 49363
47523 49307
47546 51425
47566 49425
47596 51430
47608 51421
47649 49218
47652 51393
47675 49014
47730 49303
47747 51333
47834 48929
47850 48850
47891 51176
47893 51223
47902 48916
47907 51209
47966 51177
47967 51178
47975 49047
47986 49041
48002 48762
48056 45472
48070 48660
48071 48659
48076 48666
48085 48718
48086 48719
48097 48729
48101 51057
48118 48619
48145 48637
48175 48636
48207 48597
48210 48596
48230 45234
48240 48585
48256 45437
48278 45373
48300 45069
48324 48475
48338 48730
48362 48434
48388 48429
48393 45233
48400 48423
48411 48387
48418 48373
48426 44925
48439 44934
48443 44909
48444 48276
48450 48355
48453 44887
48489 44895
48499 48243
48521 48193
48536 48616
48551 48593
48607 44762
48622 48164
48642 44726
48643 44727
48653 45012
48697 44995
48717 44603
48732 47924
48745 44211
48751 44849
48824 48012
48829 44439
48851 39637
48860 44587
48899 44384
48916 48115
48941 44713
48947 44330
48953 44207
49049 47806
49116 44485
49128 44185
49144 44175
49146 44386
49171 47854
49172 47853
49175 44546
49195 39400
49199 44126
49213 44274
49221 47982
49309 47881
49409 53386
49413 52100
49481 51941
49511 51894
49526 53246
49527 53245
49540 54202
49545 53221
49546 51905
49575 50227
49598 50193
49610 51862
49636 53171
49645 53168
49652 53141
49679 53126
49681 51972
49809 51569
49835 49495
49863 51495
49866 51523
49874 52972
49877 51467
49881 52982
49912 51464
49916 49307
49920 51425
49967 7571
50017 33865
50058 52800
50092 52768
50105 52758
50139 51199
50158 51226
50164 51176
50188 51191
50196 51186
50201 51177
50202 51178
50208 52716
50218 52698
50234 51136
50246 51168
50266 48809
50276 51112
50288 51220
50295 51206
50298 51088
50302 52653
50303 51074
50304 51073
50310 48718
50311 48719
50336 51054
50337 51099
50348 51245
50354 48930
50357 51064
50366 51239
50394 52611
50401 48597
50410 51042
50411 51045
50415 51049
50480 50981
50524 48465
50533 50949
50540 50913
50549 50917
50571 48657
50573 50911
50596 48504
50645 52443
50702 50830
50706 48171
50734 48380
50756 48188
50773 50935
50787 48388
50800 47924
50817 48359
50818 48360
50838 48327
50844 50616
50855 48305
50860 44685
50863 50685
50868 48339
50879 50665
50913 48224
50954 50559
50957 47960
50996 50828
51013 50546
51032 48144
51035 50776
51060 50744
51067 50693
51068 50694
51073 48131
51103 50705
51121 47988
51147 47927
51201 48002
51218 47940
51219 47939
51239 50544
51284 53394
51286 53396
51319 53313
51326 53421
51335 53273
51351 53227
51358 53251
51360 53258
51367 53233
51369 54225
51431 54154
51459 53134
51488 53123
51535 53056
51539 53077
51591 54029
51645 53979
51655 53978
51656 53977
51660 54005
51664 53986
51667 52928
51711 52894
51798 52822
51803 52817
51823 52788
51825 53871
51840 52761
51841 52762
51846 53839
51858 52743
51885 51201
51886 51200
51897 52666
51901 51105
51906 51157
51924 52664
51931 52660
51932 52659
51936 53781
51945 52656
51958 52632
51959 52631
51968 52617
51974 52647
51994 51036
51999 52590
52003 52623
52014 52607
52033 52572
52039 52596
52040 51010
52062 52581
52070 50942
52081 52568
52082 52559
52112 50918
52115 50906
52174 52509
52175 52508
52184 52414
52186 52498
52190 52494
52206 52392
52218 52483
52226 52466
52227 52465
52245 50928
52256 52407
52257 52406
52260 52399
52261 48379
52269 50863
52270 50864
52276 50891
52296 50677
52304 52358
52326 50858
52435 50716
52515 52348
52569 50582
52630 54906
52672 54805
52679 54219
52698 54169
52713 54775
52783 54719
52784 54070
52798 54043
52848 54673
52862 54000
52874 53974
52893 53958
52903 54625
52964 53889
52976 53841
53023 54561
53040 53904
53059 53781
53062 53788
53076 53784
53097 52633
53099 52622
53123 53729
53127 52654
53132 53711
53139 52567
53172 53678
53185 53753
53207 53624
53208 53752
53209 53751
53213 52621
53214 52620
53216 53610
53237 53621
53261 52429
53276 53598
53277 52378
53281 52404
53313 52479
53366 53597
53378 53630
53394 52425
53402 52416
53420 52374
53421 52373
53428 52367
53450 52372
53453 52330
53523 54834
53527 55166
53530 54822
53538 54812
53539 54811
53609 54664
53651 54625
53719 55039
53733 53905
53750 54550
53815 54461
53824 53678
53846 52597
53849 54527
53850 54463
53854 54436
53873 54505
53894 53701
53946 54396
53996 53558
54000 53574
54010 53535
54022 53521
54023 53520
54030 53561
54094 55427
54114 55199
54167 55106
54175 55093
54181 55368
54184 55092
54230 55073
54276 54519
54288 55288
54305 54994
54332 54422
54435 55557
54447 55439
54451 55192
54477 55534
54489 55353
54515 55317
54527 55308
54562 55026
54574 55004
54576 54991
54582 55003
54589 54977
54637 55686
54641 55556
54642 55576
54689 55333
54698 55026
54715 55258
54783 55734
54800 55499
54808 55610
54815 55623
54817 55488
54987 55840
55002 55871
55011 55841
55022 55886
55037 55883
