2188
82 29510
83 29509
132 18724
142 18711
168 29501
187 30096
188 30095
218 29568
231 18703
237 18990
294 36804
416 29860
430 18414
823 29704
857 39089
923 18119
929 18048
930 18047
946 29459
1115 17862
1346 17742
1377 16744
1398 28917
1514 16126
1719 16061
1800 17215
1866 16807
1919 48844
1954 15715
1965 17033
1996 16676
2016 16991
2045 16634
2106 16904
2141 16558
2142 16557
2287 16404
2294 15529
2338 28653
2392 28247
2407 28392
2408 28391
2429 28493
2468 15282
2497 28047
2504 16543
2505 16542
2585 28247
2592 28390
2601 17438
2649 15579
2650 15578
2683 16028
2717 28047
2749 16039
2860 36355
3042 15555
3068 14505
3095 27794
3441 27766
3508 27631
3510 15644
3514 16703
3584 14644
3826 16440
3957 14543
4021 15087
4022 15086
4077 27693
4394 27134
4508 27673
4509 27672
4783 13579
4889 26578
4946 13125
4973 12498
5014 13023
5015 13854
5030 13728
5081 26820
5082 26819
5095 12933
5110 26501
5203 26406
5279 14636
5330 26818
5436 26730
5462 26539
5504 13294
5515 35354
5533 26646
5555 12407
5681 12900
5729 12573
5748 11616
5749 11617
5769 12506
5772 12900
5878 12713
5885 12389
6033 26390
6141 26327
6365 12429
6366 12428
6403 12437
6536 11678
6614 25962
6639 13229
6664 11121
6821 51190
6878 10815
7073 10980
7164 10909
7184 25294
7429 12900
7490 11207
7822 10356
7847 24480
7930 24849
7953 9939
8034 11415
8204 9735
8276 24208
8334 11141
8521 9344
8607 8922
8623 24408
8625 24460
8760 23904
8771 33864
8785 10771
8976 23886
9053 9002
9071 8958
9095 23647
9131 9504
9137 9470
9180 8601
9186 8396
9336 24029
9474 8250
9527 23824
9742 10280
9804 10260
9858 8183
9864 23720
9875 23577
9876 23576
9914 8068
9917 8127
9935 23553
9983 23198
9986 23570
10105 8164
10116 7686
10185 8417
10186 8416
10209 8022
10214 9755
10232 23421
10283 7411
10289 9661
10298 8283
10345 7294
10404 9530
10411 6701
10412 6700
10418 24578
10425 22989
10440 6748
10441 6758
10442 7238
10443 7237
10453 9584
10458 9506
10500 23277
10569 7917
10605 22825
10619 32789
10632 7457
10818 6191
10838 6856
10851 6217
10857 6780
10858 7107
10900 9400
10931 6222
10932 6223
10953 22841
11046 6876
11074 23102
11082 23436
11137 22429
11200 7539
11208 7186
11209 7185
11213 22494
11228 7590
11232 32409
11255 22373
11270 5838
11290 8354
11360 22298
11361 22296
11362 22297
11370 7616
11472 22216
11483 5435
11576 22184
11625 7080
11829 6956
11865 7079
11894 6890
12050 4712
12100 7772
12131 8033
12232 5953
12239 6214
12255 6508
12304 6113
12322 7894
12323 7893
12425 6077
12435 7721
12437 6075
12492 7632
12498 6037
12649 4738
12683 23588
12702 7938
12756 7892
12790 7197
12952 14038
13016 6945
13064 5520
13068 21171
13072 3934
13205 6769
13352 7255
13379 5480
13417 5458
13515 5189
13580 4807
13595 4710
13596 4709
13611 20715
13627 6655
13629 6654
13633 4845
13635 5400
13649 4663
13676 6613
13695 22417
13817 3126
13886 4319
14005 3361
14028 4139
14029 4138
14074 6007
14110 5756
14196 4305
14215 6086
14273 6074
14277 6049
14471 22622
14484 4425
14494 5794
14533 5843
14570 4579
14707 5743
14775 22327
14779 20204
14790 6534
14929 3852
14959 15176
15087 5554
15168 3413
15196 3664
15555 2908
15562 19659
15645 1754
15678 1728
15690 4514
15699 3295
15929 2650
15990 21805
16070 1137
16127 2488
16143 2493
16178 4321
16299 4263
16323 4253
16380 4159
16463 44704
16510 19387
16571 51
16609 1965
16610 1963
16671 2257
16710 1794
16738 390
16762 4093
16769 21188
16913 3509
16917 1799
16944 3906
16955 19409
17093 3359
17123 690
17124 689
17391 1117
17414 3127
17428 2960
17429 2961
17469 1819
17494 413
17510 19585
17511 19584
17577 3013
17578 3012
17719 2629
17869 1399
17899 442
17904 2270
18158 1675
18210 1491
18220 1385
18344 121
18507 382
18509 19878
18868 1609
18887 40512
19104 30038
19108 30080
19121 30106
19129 37701
19164 29863
19172 29427
19185 29993
19238 37589
19262 29771
19272 29169
19304 37140
19323 37272
19339 29335
19526 29445
19531 29561
19532 18010
19690 18735
19707 29914
19733 18637
19795 29831
19847 36735
19903 18462
20027 36896
20034 29145
20081 28859
20146 36477
20178 28391
20210 28365
20211 28364
20261 28293
20263 28744
20265 24075
20351 28831
20362 36591
20407 28030
20454 28465
20499 28572
20512 28257
20513 28256
20645 36040
20781 36131
20832 35995
20852 36079
20892 28422
20959 16625
21036 27788
21085 27719
21284 27446
21298 14205
21313 27343
21378 14068
21391 15474
21438 35640
21439 35639
21466 15531
21503 27414
21552 35435
21563 35806
21584 27565
21633 27434
21648 15121
21713 28125
21741 35496
21758 27329
21761 27308
21774 28077
21792 27269
21916 26990
21921 35211
21931 35111
21968 35332
21998 35346
22040 35343
22114 26528
22123 41204
22166 26638
22184 12520
22341 26482
22355 12952
22394 34859
22395 34860
22444 35167
22473 13715
22502 25529
22525 34659
22549 26283
22565 12359
22645 12971
22701 12676
22770 34523
22820 26304
22830 34440
22883 34546
22916 34525
22923 25629
22958 11848
22959 11847
23002 11907
23005 11802
23034 11775
23050 11774
23051 11773
23062 13058
23216 12337
23250 25900
23254 11488
23315 25239
23322 25816
23339 25814
23394 11749
23464 34475
23495 34744
23522 25595
23652 25537
23761 25832
23774 11369
23835 25306
23857 24560
23858 24561
23939 25175
23956 24604
24018 33626
24032 25586
24033 25587
24057 24482
24079 25084
24101 25531
24113 33588
24135 25502
24136 25503
24152 24270
24187 33534
24225 10810
24251 33793
24252 24816
24355 24243
24452 33393
24496 33327
24555 33689
24578 33623
24591 24450
24592 24451
24657 24188
24658 24187
24711 24503
24731 33535
24746 24475
24762 23962
24769 33538
24777 33176
24781 33506
24806 33431
24826 33474
24834 10059
24842 33144
24915 25058
24940 23657
24954 23889
24965 33108
25051 23153
25097 33200
25098 33199
25187 24711
25188 24710
25271 23360
25360 23234
25386 23239
25396 23867
25437 23718
25473 9175
25541 32912
25558 23311
25595 23006
25616 32823
25651 22898
25653 23143
25655 23142
25656 22882
25664 32581
25666 23075
25667 23074
25679 24244
25710 32540
25721 23217
25765 22262
25774 23033
25775 23032
25804 22285
25814 23165
25829 32353
25844 23317
25887 32237
25968 32926
25996 23091
26029 32985
26103 22749
26105 21932
26120 6850
26134 22708
26144 6649
26178 22740
26184 22758
26188 22866
26189 22865
26206 32042
26230 32058
26296 22757
26325 33285
26383 21862
26438 22636
26518 22514
26587 21752
26664 21308
26707 7028
26724 22371
26743 22302
26796 22280
26817 22288
26862 6704
26874 21019
26901 22004
26991 6600
26992 6599
27005 21014
27087 22746
27165 21774
27194 22649
27195 22650
27200 4696
27258 22584
27278 22837
27292 21540
27293 21538
27294 21539
27353 20601
27458 21596
27492 23655
27516 21556
27580 5445
27597 22542
27620 5921
27661 20413
27714 20346
27723 21555
27745 4241
27782 22384
27804 21501
27811 22519
27821 5585
27825 21258
27827 22391
27851 5688
27942 20071
27946 21393
27951 22302
27978 22386
28014 2520
28096 4576
28124 20844
28151 30696
28372 4683
28450 21768
28654 4478
28701 4293
28702 4294
28703 4292
28760 21583
28866 4163
28875 4210
28878 20274
28885 2033
29087 20644
29129 20666
29182 20620
29224 19317
29239 21188
29262 20797
29292 3631
29298 3044
29375 1159
29381 21292
29403 3045
29412 19647
29413 20639
29414 20638
29431 19611
29459 20573
29471 19571
29690 30266
29733 19942
29825 19150
29914 20427
30023 19982
30085 20311
30172 19950
30177 1584
30195 1114
30278 37873
30293 37889
30299 37610
30311 37598
30325 37857
30361 37257
30409 42665
30469 42700
30528 42767
30545 42503
30564 37620
30603 37559
30653 37493
30674 37388
30680 37463
30689 36999
30692 30072
30693 30071
30708 36981
30771 37807
30782 37777
30797 37806
30803 37753
30804 37752
30805 42447
30843 36858
30870 29852
30884 37677
30944 36705
30991 37153
31021 42186
31077 36672
31096 42219
31164 36446
31191 42078
31198 36899
31203 36921
31207 36794
31222 36289
31237 36834
31238 36527
31239 36526
31265 42161
31280 36476
31299 37202
31304 36201
31311 42109
31387 42058
31514 41959
31515 41960
31547 41885
31607 41978
31725 35983
31765 41890
31884 35864
31913 36082
31920 35805
32021 35801
32052 35989
32090 41807
32098 35887
32141 27211
32142 35866
32155 35834
32156 35833
32216 41387
32233 41368
32242 35909
32266 35735
32303 35540
32347 35632
32348 35631
32379 35394
32398 35745
32471 41483
32503 41226
32530 41249
32625 41011
32676 41187
32686 40945
32789 35352
32799 34739
32800 34738
32856 26695
32907 26230
32930 40736
33007 34291
33008 34290
33052 34920
33070 40837
33100 25001
33110 26351
33131 40812
33185 34768
33213 25786
33216 25645
33232 34775
33256 26101
33274 33910
33303 40503
33321 40666
33393 25807
33398 40633
33399 40632
33403 40584
33436 25403
33441 44796
33446 40610
33467 25689
33483 25661
33492 25648
33501 34552
33513 33858
33589 33944
33590 33945
33596 33868
33597 33958
33606 40287
33646 40457
33686 40422
33769 34722
33770 40351
33828 40361
33836 40381
33857 40324
33858 33984
33893 33951
33916 33901
33917 33902
33932 33617
33954 34484
33957 33650
33960 34390
33979 33578
33984 25046
33987 24504
33988 40280
34000 40259
34012 33467
34019 33570
34056 33463
34082 40172
34106 25014
34124 33524
34138 34354
34151 40155
34170 33346
34181 33693
34185 34329
34207 40139
34227 24906
34293 33237
34294 33236
34297 33577
34308 34182
34355 33505
34363 40049
34381 39866
34390 33587
34427 33079
34433 39937
34473 24628
34476 24671
34479 32863
34485 39800
34488 33874
34489 33873
34496 33010
34508 40060
34599 33912
34656 33213
34662 32850
34680 33209
34683 39611
34696 33206
34707 32816
34726 40444
34732 32794
34733 24085
34734 24084
34753 33871
34756 24297
34760 39706
34790 33018
34831 32989
34848 33106
34885 32390
34917 32956
34933 32212
34994 23203
34996 32702
34998 32691
35025 32295
35038 32879
35050 33301
35074 32078
35104 32742
35169 32692
35171 23276
35189 32667
35191 33229
35206 32689
35210 33002
35215 33320
35216 33319
35237 32982
35238 32981
35246 33278
35253 23177
35257 39145
35275 32487
35276 32488
35282 33253
35323 32335
35327 39090
35333 33148
35338 33179
35348 39255
35377 23367
35437 31889
35462 38988
35463 32386
35614 32255
35684 22963
35685 22964
35690 32153
35691 32154
35708 38813
35740 31351
35793 32711
35799 22981
35800 32062
35807 22752
35815 32036
35824 32619
35838 32161
35844 6245
35853 31894
35884 31352
35891 31892
35913 32722
35929 39088
35966 21712
36044 31631
36072 32287
36082 22497
36109 32506
36147 22202
36160 31349
36161 22196
36214 22601
36241 22496
36249 22555
36266 22263
36273 31497
36304 31236
36314 5278
36315 22136
36326 30924
36341 22081
36345 32354
36363 30899
36430 31205
36510 21840
36556 31372
36586 20967
36609 31475
36623 31416
36657 21249
36667 31934
36689 19800
36760 31162
36766 21786
36778 30413
36857 31338
36859 21629
36906 31297
37052 31726
37060 21438
37083 31692
37158 70
37173 30202
37204 21207
37227 31500
37229 31330
37230 31331
37232 31324
37245 21223
37318 31532
37323 31121
37328 20549
37337 21080
37378 30866
37410 30511
37467 20560
37468 31298
37482 30808
37656 20491
37709 20575
37721 31220
37736 20569
37812 20427
37814 20509
37815 20508
37896 31019
37922 20305
38032 42791
38037 42996
38038 42995
38053 46496
38077 42937
38078 42936
38134 46550
38168 42757
38196 42641
38265 17922
38281 42965
38310 37493
38313 42959
38319 46242
38325 42410
38372 46241
38374 49077
38391 46248
38411 37698
38412 37697
38517 46245
38545 46077
38559 46129
38580 42219
38603 42322
38621 42407
38634 42228
38645 46102
38656 46130
38660 42219
38672 37315
38675 42185
38683 42184
38695 42344
38702 42151
38719 42328
38732 46071
38746 46048
38752 42109
38780 42576
38907 41947
38955 45952
38956 45779
38958 45856
38959 45893
38965 45919
38966 45918
38988 45870
39028 45979
39029 45978
39102 41897
39234 41771
39243 41750
39260 41501
39313 41713
39320 45669
39321 45670
39350 35909
39353 41679
39355 41527
39360 45753
39379 41697
39395 41643
39402 45493
39409 41386
39415 45574
39424 41313
39433 41284
39436 41347
39442 41591
39478 45398
39491 41876
39575 45309
39576 45310
39600 45278
39627 45434
39635 41361
39644 41279
39738 35621
39768 35330
39776 9922
39794 41195
39848 41001
39873 45068
39879 41653
39900 45115
39972 45001
39974 40837
39980 41224
39985 45127
39992 41147
40006 41199
40010 45209
40030 35094
40044 41241
40091 40740
40109 44872
40116 40545
40127 40698
40138 44999
40168 44987
40174 44989
40216 44971
40265 41015
40281 34762
40284 40846
40296 44907
40316 44847
40329 40408
40337 44882
40338 44881
40353 34648
40367 44731
40377 40731
40378 44716
40434 34676
40435 34675
40452 34626
40454 40356
40482 44820
40502 44744
40505 40431
40514 44741
40527 34720
40552 44742
40567 44848
40575 40280
40584 40231
40642 44609
40666 40124
40679 40722
40680 40721
40686 34307
40696 44512
40701 33693
40715 40105
40716 40104
40719 40219
40754 44568
40757 40183
40765 40122
40788 44722
40812 40614
40854 40289
40857 39981
40860 40288
40866 44489
40899 39789
40900 44457
40921 40199
40928 44368
40954 40150
40956 44396
40962 44371
40978 40095
40991 33762
41002 33682
41017 44409
41036 39593
41041 33916
41042 44379
41061 40456
41072 40033
41075 40369
41084 33180
41112 44173
41148 33630
41156 44114
41171 39884
41181 39842
41202 39826
41220 39779
41238 39278
41244 44343
41251 39684
41271 40190
41284 39787
41299 39716
41302 33229
41303 39687
41311 39896
41319 39679
41341 33407
41342 33406
41343 40180
41344 40181
41353 39656
41369 39569
41376 39622
41492 39284
41551 39971
41563 39845
41629 32778
41637 43713
41662 39328
41682 32678
41707 39192
41713 38739
41715 39114
41746 38697
41775 43530
41785 38968
41828 43544
41834 43477
41842 38944
41854 38935
41870 39497
41874 43451
41906 32074
41924 43656
41935 38855
41950 32266
41972 32252
41980 32307
42028 31896
42031 38979
42065 32027
42087 32280
42088 32281
42159 32183
42191 43627
42230 39207
42231 38733
42259 32028
42260 38663
42293 38637
42322 38745
42344 38068
42351 31766
42362 31739
42432 31299
42457 31656
42460 39034
42467 38399
42468 31672
42490 38378
42523 38704
42538 38957
42545 31114
42581 31553
42589 38759
42594 31238
42603 38630
42604 31532
42623 31274
42629 38591
42635 30889
42648 38444
42663 31120
42762 31007
42784 38681
42791 38524
42795 38270
42828 43259
42849 31195
42909 38595
42923 31091
42945 31072
43066 46716
43107 46451
43124 46377
43128 46490
43133 49354
43172 46611
43208 46556
43233 49247
43254 46532
43284 46693
43310 46698
43330 49061
43355 42664
43372 49331
43375 46289
43378 50955
43381 37661
43407 46226
43410 46421
43418 46133
43446 42766
43449 46273
43462 42748
43472 46190
43483 46488
43505 48959
43510 46196
43528 48883
43529 49046
43551 46049
43560 46044
43561 46043
43571 48945
43580 45965
43598 46022
43647 46323
43683 45909
43684 48840
43699 46299
43700 46298
43748 42420
43762 48835
43818 48735
43826 48831
43838 42010
43872 45892
43877 48703
43884 45891
43923 42093
43924 42092
43931 46045
43937 48628
43947 27211
43950 48740
43954 48578
43957 45656
43963 42038
43977 41882
43979 45630
43986 42101
43995 50593
43999 48565
44014 49509
44025 45576
44037 48683
44058 45681
44078 48485
44079 48484
44080 41900
44089 45927
44101 45629
44112 48470
44128 45599
44132 48419
44167 48403
44192 45259
44198 45246
44226 41689
44253 45401
44256 41658
44257 41657
44260 48423
44265 45391
44266 45390
44276 41638
44286 41621
44292 41436
44296 45170
44299 48355
44303 45364
44319 48283
44327 48312
44339 41411
44340 45175
44343 48323
44361 41381
44365 41551
44400 48212
44402 41515
44434 45012
44451 48197
44467 48220
44487 44970
44502 48235
44518 41101
44522 44950
44527 41240
44553 41193
44565 48071
44588 48138
44600 45188
44615 41048
44629 48162
44645 47995
44680 44758
44727 44930
44728 44929
44730 48061
44731 48063
44743 44708
44745 41025
44758 40965
44766 45160
44768 47999
44770 44806
44777 45225
44784 44815
44794 40935
44795 40934
44802 47990
44814 44834
44816 47989
44850 47948
44852 44898
44880 40820
44882 44959
44891 44697
44893 44661
44909 44652
44920 47919
44965 44719
44966 47997
44969 44585
44987 44626
44993 40774
45017 44548
45041 40602
45054 47834
45058 47748
45063 40567
45074 44514
45076 44772
45097 44681
45098 44942
45105 47708
45106 47717
45116 44877
45122 40239
45125 44386
45168 40354
45169 40353
45176 44403
45192 47608
45193 44277
45194 44278
45195 44276
45209 40065
45233 44192
45239 40414
45265 39988
45290 47696
45300 44402
45305 44373
45309 44357
45313 44364
45324 44423
45326 44635
45337 39880
45338 39881
45351 44430
45373 40283
45397 44359
45415 44342
45416 47693
45430 40215
45449 44385
45456 39883
45473 47386
45474 39625
45484 44642
45488 43958
45511 44219
45515 39071
45518 44029
45519 44028
45534 39195
45574 39509
45589 39447
45660 47252
45673 47480
45674 47479
45693 39739
45694 39740
45745 44068
45764 43955
45776 43894
45778 44035
45799 43748
45800 39062
45830 47111
45859 39475
45868 44193
45869 39577
45880 47122
45886 39567
45887 39413
45897 39381
45899 44214
45924 39262
45927 44052
45928 44053
45935 39581
45941 43648
45969 39356
45995 46988
46003 43591
46018 39355
46037 32328
46042 43635
46043 39253
46067 39393
46104 43326
46108 43564
46112 43885
46151 43691
46152 43579
46154 43590
46161 43825
46171 43996
46188 43429
46209 46812
46275 43411
46277 43075
46298 43063
46325 38251
46346 43820
46378 43689
46403 43718
46428 43448
46434 43524
46444 43232
46467 43739
46481 43416
46505 43180
46512 38635
46527 38686
46530 31007
46542 43341
46544 43406
46567 38708
46572 43136
46573 43135
46595 43295
46599 43306
46612 43286
46643 38002
46661 43547
46708 38522
46725 10062
46726 37976
46766 46700
46793 51052
46809 49334
46811 49273
46836 51077
46846 49281
46859 49272
46889 46693
46919 46564
46936 46428
46946 52315
46974 46374
47005 48983
47021 50906
47043 48946
47048 48998
47086 50912
47096 50859
47107 48905
47110 48909
47111 49015
47112 49014
47135 50840
47144 48861
47148 50835
47158 48848
47159 48847
47187 49135
47304 48868
47316 48811
47325 48705
47339 50682
47370 46031
47388 48786
47393 45507
47399 48873
47423 50614
47462 48669
47469 45906
47470 45907
47474 50551
47479 48462
47489 50525
47493 45625
47508 48450
47516 50595
47523 45533
47543 45834
47545 48737
47588 48730
47606 50481
47643 50468
47649 48422
47656 48499
47668 48384
47690 45641
47705 45615
47739 48610
47762 45552
47774 50306
47788 50436
47822 48101
47831 48194
47834 48191
47886 48158
47887 40878
47893 50274
47902 48265
47907 48097
47917 50236
47947 50240
47964 50239
47979 50213
47984 47897
47994 50151
48002 50203
48011 48031
48030 48068
48041 45102
48054 50133
48056 44932
48058 48109
48059 48108
48064 50163
48070 50101
48076 50161
48085 48012
48086 48013
48118 47870
48146 47733
48164 47715
48167 47841
48175 47944
48187 47710
48189 48100
48201 50041
48203 50034
48207 47913
48210 47910
48243 50007
48256 44773
48269 44789
48300 47807
48305 47837
48317 49924
48324 47698
48341 44776
48362 47665
48365 47752
48376 49880
48387 49887
48388 47654
48411 50022
48413 47727
48415 47900
48418 47673
48419 44594
48426 47670
48435 44323
48443 47658
48450 47649
48453 44296
48455 47751
48489 47641
48491 47624
48493 47426
48582 44439
48607 47493
48617 49716
48623 44043
48640 47198
48642 47470
48643 47471
48658 47509
48678 47387
48679 47388
48683 44315
48690 47370
48697 47652
48714 47315
48717 47348
48732 49674
48745 47124
48761 47284
48770 47272
48790 47486
48805 47609
48807 49619
48810 47105
48828 47101
48829 47227
48851 43976
48864 44142
48870 47168
48877 47004
48878 47263
48895 49524
48899 47188
48900 47187
48905 44106
48946 47073
48947 47150
48953 47063
48955 47398
48972 43977
48999 47022
49014 46798
49063 49430
49101 43779
49116 43776
49126 47175
49131 46782
49136 47184
49144 47027
49171 47044
49172 47043
49173 49509
49195 43723
49199 43439
49200 47224
49209 43647
49231 43626
49260 46933
49292 46805
49310 47054
49326 43509
49330 38610
49397 52409
49409 51152
49447 51005
49480 51027
49481 51028
49504 51141
49511 50949
49527 52319
49545 50952
49565 50896
49566 52267
49575 49249
49578 52275
49597 51082
49598 51083
49609 49214
49610 50912
49632 51047
49634 51046
49646 50835
49652 52199
49679 52179
49681 51002
49700 50878
49712 50864
49741 52138
49772 50667
49774 52128
49775 48970
49776 48971
49787 48807
49788 48952
49789 50683
49816 50858
49839 53081
49858 50571
49866 50666
49868 50577
49875 50560
49878 50553
49881 52091
49885 50525
49896 50634
49912 52066
49916 45533
49939 50505
49960 48682
50003 48460
50011 48539
50012 48538
50025 51905
50028 51931
50104 7433
50109 51856
50138 48292
50139 50237
50141 48300
50156 50402
50157 50401
50162 50400
50180 50198
50182 51779
50188 51837
50193 51769
50196 50243
50207 50334
50208 51815
50213 51814
50218 51794
50222 50204
50234 51792
50246 50231
50258 51802
50268 51734
50276 51756
50284 50123
50289 51762
50296 50097
50298 51733
50302 51739
50303 51742
50304 51741
50305 50160
50310 48012
50329 50207
50337 50206
50366 50279
50373 50053
50374 51692
50385 51677
50388 48100
50391 50078
50394 51643
50411 50162
50416 50065
50417 50064
50445 51823
50453 50238
50463 49964
50469 50118
50471 51618
50477 50130
50480 50106
50482 50187
50491 51672
50494 47934
50526 47980
50533 50012
50534 51541
50549 50035
50560 50153
50571 47886
50573 49972
50583 47835
50585 49976
50589 51494
50592 51605
50602 49872
50605 50116
50645 49827
50659 49956
50662 51486
50669 47766
50685 47787
50702 49884
50706 49796
50734 47600
50737 49748
50742 47668
50756 49829
50758 51451
50759 51450
50761 49816
50762 49824
50763 49823
50775 51366
50793 47615
50800 49674
50817 47571
50818 47572
50824 47583
50825 47584
50833 47514
50838 47531
50850 51339
50852 47554
50855 49902
50856 47609
50863 49729
50874 47569
50879 49704
50895 51297
50912 49913
50973 49458
51005 47050
51006 47346
51012 49571
51013 49570
51016 49559
51050 49759
51051 49758
51067 49738
51069 49737
51081 49696
51096 49446
51103 49725
51188 47127
51229 49433
51230 51209
51280 53903
51293 52414
51294 52432
51335 52355
51338 52352
51339 52351
51345 52336
51346 52337
51351 52329
51352 52302
51355 52334
51356 52333
51358 52330
51363 52314
51367 52318
51370 51126
51376 53293
51383 52293
51384 52292
51391 52280
51392 52299
51415 51092
51416 51091
51434 53219
51445 53214
51450 52271
51460 51040
51474 52345
51476 51015
51497 53203
51499 50984
51502 52182
51549 52130
51591 53110
51599 52159
51603 50729
51607 53097
51609 52142
51638 52099
51645 52003
51652 52004
51655 53052
51667 51988
51679 53047
51687 50630
51694 53055
51696 53075
51707 51974
51732 53018
51741 50607
51792 51860
51798 51907
51803 51879
51816 52937
51823 52957
51824 52956
51826 52953
51827 51875
51828 51874
51831 52945
51832 52944
51841 51843
51845 51951
51846 52916
51855 51869
51858 52901
51872 50439
51878 52877
51885 51883
51897 51744
51900 52842
51915 52824
51931 52881
51936 52855
51942 51720
51945 51778
51949 51705
51958 51670
51959 51669
51961 50253
51962 50252
51968 51650
51969 51841
51974 51765
51990 50227
51994 51746
51999 51621
52000 52779
52003 52828
52009 50200
52017 51817
52020 51683
52030 51593
52033 52758
52035 51654
52038 50199
52039 51701
52040 50135
52041 52750
52044 51664
52045 51665
52046 50115
52049 51676
52062 52796
52069 51667
52081 52780
52082 51617
52115 51608
52127 51510
52141 49968
52142 51537
52153 52665
52173 20541
52174 52728
52175 52727
52184 51444
52186 51564
52187 50067
52188 50066
52190 51556
52203 50040
52218 51544
52226 51516
52227 51515
52231 52621
52233 51509
52255 52594
52256 51435
52257 51434
52270 49920
52273 49960
52287 51428
52296 51421
52302 51578
52304 51376
52311 49764
52326 49929
52327 49930
52356 51262
52381 51232
52382 51231
52387 51247
52389 52485
52401 51338
52451 49698
52522 51245
52527 51239
52569 49630
52623 53328
52653 52442
52661 52413
52672 53247
52679 53265
52683 52423
52690 53814
52696 53821
52713 53795
52769 52181
52772 53767
52795 53135
52798 53123
52802 53217
52807 53130
52820 53211
52833 53732
52839 53101
52841 53725
52842 53114
52843 53113
52847 53722
52848 53721
52873 53040
52874 53037
52915 53688
52916 53687
52934 53697
52940 52932
52964 52965
52973 53632
52975 52919
52983 53624
53004 51888
53016 52876
53018 51883
53023 53605
53040 52971
53042 53579
53059 52855
53062 52879
53073 52806
53076 52871
53088 53564
53102 52897
53108 51822
53113 52812
53122 53562
53123 53560
53127 51745
53130 52815
53132 52803
53139 51657
53152 52681
53181 52838
53185 52825
53204 53544
53209 52833
53216 52663
53235 51622
53237 52661
53238 52687
53244 52636
53250 52649
53256 53531
53280 52647
53281 52646
53282 53424
53287 53427
53313 51526
53315 53412
53327 52645
53332 52579
53342 51343
53356 51507
53365 52651
53370 53442
53376 52673
53378 52668
53409 52544
53420 51409
53421 51408
53428 52620
53521 53853
53527 54173
53530 53844
53536 53836
53537 53835
53538 53830
53544 53828
53548 53822
53553 53795
53615 54117
53638 54111
53663 53686
53665 53106
53702 52963
53719 54057
53737 53576
53738 53575
53743 54039
53744 54040
53756 53572
53765 52863
53770 54029
53788 53573
53789 53591
53794 53571
53795 53570
53798 53567
53815 53507
53839 52809
53846 52800
53850 53497
53854 53480
53870 53467
53877 53472
53881 53496
53882 53495
53887 53531
53893 52761
53907 53541
53908 53540
53909 53424
53916 53470
53925 53517
53933 52645
53941 53458
53981 53947
53996 53446
54002 52631
54013 53409
54014 53408
54022 53395
54023 53394
54035 52535
54036 52534
54046 53364
54100 54422
54114 53881
54149 54395
54181 54109
54184 54105
54193 54365
54194 54367
54215 54100
54216 54099
54228 54327
54233 53679
54244 54321
54268 54298
54275 54017
54276 54048
54285 54286
54293 54019
54319 53953
54331 53967
54332 53966
54363 53503
54365 53992
54435 54572
54447 54434
54451 54196
54470 54551
54477 54371
54478 54379
54484 54537
54485 54536
54486 54535
54489 54361
54512 54325
54515 54329
54516 54330
54519 54321
54527 54517
54561 54034
54562 54305
54565 54480
54574 54291
54575 54018
54583 54273
54590 54264
54591 54263
54608 53960
54624 54244
54641 54571
54643 54670
54644 54671
54655 54657
54682 54644
54698 54305
54705 54487
54706 54291
54710 54288
54713 54472
54715 54475
54716 54474
54724 54466
54748 54752
54783 54732
54805 54508
54808 54623
54817 54489
54838 54594
54901 54709
54902 54710
54964 54786
54966 54781
54970 54713
54971 54774
54988 54850
54992 54818
54996 54814
55002 54864
55022 54860
55025 54890
55027 54889
55035 54887
55036 54886
55041 54902
55043 54901
