1255
1149 19025
1150 19026
1377 18579
1927 29175
1954 17375
2186 17469
2391 16924
2392 17189
2468 17109
2497 16813
2585 17189
2717 16813
2718 16812
2754 28780
2770 18358
2841 17696
3408 17361
3453 17040
3467 29706
3735 16422
4657 16707
5051 27866
5203 27355
5223 27332
5279 16087
5436 14848
5533 27560
5555 14607
5573 27045
5595 15434
5644 19437
5681 15195
5729 15139
5761 13470
5878 13470
5885 14985
5897 15195
5926 27741
6213 14121
6317 14837
6364 26841
6365 15095
6366 15094
6428 27056
6528 13604
6684 14433
6685 14432
7012 13252
7037 13910
7164 13910
7169 14050
7184 26456
7205 13793
7263 11629
7489 14204
7490 13765
7656 12661
7659 13871
7801 12537
7953 12221
8061 12238
8337 11988
8521 25672
8566 13013
8625 25691
8635 25206
8745 11380
8785 12802
8936 25462
9086 25371
9160 25453
9180 25243
9187 11134
9213 25220
9298 25444
9527 25018
9581 12392
9585 24965
9680 24817
9831 11996
9882 11581
9986 24795
10006 24786
10065 10146
10116 10081
10132 10045
10137 24858
10185 10725
10186 10724
10232 24618
10240 10650
10289 11715
10310 10025
10380 9666
10439 23797
10442 9652
10443 9651
10457 11418
10500 24442
10569 10266
10581 10230
10671 23701
10838 9287
10973 9903
11017 7882
11075 24221
11200 10210
11208 9607
11209 9606
11360 23147
11361 23145
11367 9969
11405 23110
11428 7192
11443 5379
11472 23080
11789 8506
11795 9705
11912 9587
11970 22776
12103 9184
12219 9084
12268 9332
12353 9249
12437 8913
12485 19437
12991 7488
13068 22427
13163 8181
13205 8847
13262 7316
13416 7734
13577 8302
13589 7713
13605 8267
13606 8266
13633 6926
13695 23372
13708 6768
13754 8114
13983 7833
13984 7832
14016 6135
14028 6142
14138 22398
14195 6323
14208 5732
14215 8021
14289 4608
14309 31939
14524 30962
14604 22989
14707 7806
14777 6875
14779 4102
14842 7678
15001 3927
15128 51338
15481 20879
15592 5973
15678 21136
15978 5792
16180 6149
16250 19882
16287 20105
16402 19865
16448 3757
16484 19833
16537 4308
16558 20047
16599 5711
16609 3585
16670 21316
16675 19602
16710 3388
16849 5368
16887 4467
16972 4819
16999 2966
17064 20477
17078 1297
17098 20842
17105 346
17281 19632
17282 19631
17354 81
17355 80
17438 22840
17560 3511
17577 4564
17578 4563
18226 2681
18344 20029
18507 20099
18578 19842
19566 30314
19582 30314
20017 18390
20027 29590
20137 23845
20146 29124
20210 17416
20295 37317
20348 29198
20349 29199
20406 28890
20433 18551
20445 29506
20710 29146
20738 29505
20745 29303
20793 29270
21160 17193
21304 28787
21438 28090
21540 16517
21552 36161
21566 28567
21624 1828
21745 36010
21812 28434
21900 16072
21908 16707
21916 27908
22049 35841
22184 14588
22320 28067
22321 28066
22394 35651
22444 36099
22659 27765
22673 27419
22674 27418
22820 14763
23092 27437
23093 27436
23123 27415
23145 41214
23256 13987
23273 27284
23394 13849
23495 26917
23601 26611
23775 36272
23819 35047
23928 26665
23929 26664
23942 35025
23956 25845
23978 26650
24005 26614
24022 34999
24057 25673
24098 25693
24099 25692
24192 26485
24315 26396
24409 27424
24487 34732
24498 35006
24516 12563
24520 34710
24578 34612
24592 11718
24658 25379
24711 25899
24762 25214
24769 34534
24851 25407
24870 34405
24871 34377
24933 34333
25039 34306
25097 34198
25098 34197
25142 25139
25161 24385
25178 24679
25204 34182
25228 25466
25256 34070
25271 24537
25278 25650
25281 33810
25291 34047
25376 33504
25396 25278
25426 24340
25440 33492
25484 33469
25486 33468
25547 24245
25595 24175
25615 33784
25616 33783
25637 24120
25655 24270
25656 24060
25684 23455
25775 33813
25778 33018
25829 32980
25968 34050
25996 34038
26029 24580
26030 24579
26062 9751
26082 10673
26083 10674
26103 23895
26175 31067
26181 24281
26284 32688
26324 24640
26325 24639
26336 9332
26359 24041
26374 32311
26782 24061
26898 32042
27087 23752
27130 14770
27154 22349
27165 22931
27215 6935
27246 23606
27308 22826
27309 22825
27314 22176
27334 22664
27425 22460
27441 32487
27442 21673
27492 23571
27524 23545
27531 32296
27661 31805
27714 31749
27761 32207
27776 22877
27804 22881
28014 22841
28015 22840
28151 31443
28153 31022
28229 22437
28274 6549
28379 6363
28483 22028
28572 30824
28608 21586
28672 21825
28702 5938
28797 5891
28821 21607
28875 5874
28878 21284
28879 5898
28931 30682
28976 30490
28985 21916
29080 30511
29116 21794
29180 21849
29224 30915
29259 19727
29275 30472
29290 21659
29305 30168
29331 21620
29362 21006
29413 21605
29421 25004
29431 20488
29537 20158
29538 20157
29825 20074
29914 21317
30072 19177
30073 19176
30172 20924
30716 39927
30991 29933
31021 37184
31038 42659
31054 37151
31125 37148
31126 37147
31167 29710
31168 29709
31194 37213
31244 25205
31478 29509
31514 36891
31515 36892
31534 37187
31771 42369
31891 29015
32124 28618
32234 36782
32265 36632
32266 28373
32267 28372
32356 28259
32391 28275
32435 36541
32471 36349
32519 28112
32595 35959
32657 36167
32719 27807
32738 41647
32965 27202
32969 41233
33007 41200
33010 35414
33080 41154
33109 27245
33172 35169
33213 27054
33216 26940
33319 27030
33329 34744
33357 35664
33383 41178
33384 41177
33393 35571
33398 41175
33435 26790
33441 45094
33491 26636
33511 35285
33538 35444
33546 26546
33557 41055
33583 26496
33606 40744
33676 26358
33686 40976
33697 34795
33706 40926
33716 40963
33770 40887
33857 40861
33893 34960
33912 40896
33932 34602
33956 40840
33988 40827
34000 40795
34049 40807
34063 26038
34106 25975
34112 40749
34170 40656
34207 34352
34218 40625
34243 40636
34244 40635
34302 34187
34316 25730
34329 40532
34363 40524
34381 40217
34427 40452
34446 34051
34454 25399
34473 25683
34485 40171
34489 25493
34496 33991
34539 40390
34590 34537
34599 25518
34631 33401
34662 33825
34678 33344
34695 34080
34707 33764
34720 39975
34734 25164
34753 34706
34824 25094
34839 33829
34893 33907
34914 34161
34916 33803
34930 40216
34965 24817
35005 40183
35043 34009
35144 24985
35169 33820
35170 24362
35175 33873
35185 33863
35189 33794
35214 24899
35240 41881
35245 33769
35253 24267
35274 39684
35282 24652
35327 39421
35463 33254
35494 33548
35502 23400
35613 44005
35679 23829
35708 44067
35736 39687
35793 23764
35824 33403
35909 32225
36044 32335
36072 33105
36082 23439
36110 33238
36147 33070
36172 39033
36173 39032
36184 23155
36189 31787
36274 32205
36286 32744
36337 32103
36431 38538
36497 38912
36520 38841
36533 38828
36534 38829
36586 32341
36760 31742
36868 31908
36906 31971
37014 38564
37149 37968
37157 30710
37158 30709
37190 31680
37195 37921
37214 30367
37226 38210
37229 31922
37243 37994
37280 31843
37311 30510
37323 31801
37329 31800
37342 37859
37378 31406
37387 38528
37395 37823
37415 21472
37466 31007
37532 37965
37549 37964
37576 30266
37639 38203
37658 30189
37730 30327
37745 38041
37760 37894
37812 21317
37845 31178
37896 21228
37907 43417
38372 46418
38423 42670
38517 42719
38518 42718
38565 37742
38631 42787
38634 42563
38656 42538
38672 37656
38675 42520
38722 37594
38752 42465
38780 37515
38914 37186
38949 42627
38955 42425
38965 46154
38971 37261
39027 42256
39146 42264
39213 36798
39324 36703
39442 36504
39480 42072
39575 45662
39576 45663
39590 36416
39712 41979
39781 41408
39824 45540
39859 45418
39909 41233
39980 35817
39996 35351
40050 41620
40109 45175
40111 45385
40139 35441
40143 41208
40174 41188
40216 45334
40223 35655
40281 35475
40290 35530
40296 41092
40311 41055
40337 45256
40363 41379
40364 41378
40446 40956
40454 40894
40476 41131
40482 45157
40502 45092
40505 40971
40538 40915
40552 40860
40567 45213
40575 40827
40627 40804
40642 44905
40647 21794
40675 35082
40680 35086
40715 40626
40719 40767
40733 47924
40739 40614
40754 44920
40788 45140
40789 40965
40793 34772
40857 40455
40858 40454
40888 40678
40893 40673
40898 40149
40899 40148
40903 44766
40948 40825
40956 44696
40986 44617
40991 34620
41013 40747
41017 44765
41033 47809
41036 39882
41044 40705
41049 40140
41053 40562
41077 34614
41170 40481
41195 40167
41196 40377
41202 40424
41205 40441
41220 40360
41238 44298
41251 44649
41264 34173
41273 34403
41274 34402
41284 40358
41285 34389
41286 34388
41293 44778
41294 40308
41295 40323
41296 40322
41303 40269
41319 40263
41320 40262
41341 34314
41352 33983
41394 39994
41418 40187
41444 44542
41451 40141
41469 33643
41509 44136
41638 44052
41647 44334
41704 44001
41715 39578
41732 33341
41775 47163
41785 44112
41809 33307
41822 39893
41834 43668
41842 39379
41867 43659
41873 43645
41874 43644
41935 39284
41969 39337
41972 39732
41975 39731
42012 43863
42061 43760
42212 43374
42293 43841
42322 39175
42331 43283
42334 43332
42344 38235
42353 43956
42407 43758
42417 43191
42435 43164
42458 43147
42486 38085
42518 38263
42544 38961
42569 38484
42589 39106
42594 39055
42623 31815
42635 38820
42648 38816
42663 31701
42716 37883
42720 38300
42724 43125
42836 43056
42904 38465
42909 38908
42918 30776
43407 42704
43418 46330
43449 46531
43453 46477
43472 46382
43483 42912
43505 49091
43529 46440
43580 46187
43637 42721
43684 46176
43700 46384
43714 46372
43768 46197
43869 46206
43884 46175
43930 42346
43931 42345
43950 46131
44037 46048
44069 42167
44080 42163
44088 42205
44099 42184
44167 50620
44334 48470
44343 48494
44487 48323
44577 41553
44629 48362
44650 48311
44727 41243
44730 48270
44731 48271
44770 45154
44814 45312
44816 45125
44846 45120
44848 45077
44850 48134
44852 45261
44880 41246
44893 45021
44920 48130
44921 45277
44938 45246
44959 48087
44960 48086
44967 45321
44985 41103
44987 44984
44996 41081
45017 48047
45042 41042
45054 48022
45074 48004
45076 41008
45085 44853
45106 47845
45108 41018
45119 44814
45125 44646
45133 47945
45176 44755
45186 47805
45204 40700
45209 44989
45237 47681
45275 47692
45290 47877
45293 44781
45300 44746
45324 44844
45351 40423
45384 47543
45387 47543
45389 44807
45394 44306
45397 44784
45421 44640
45430 40677
45444 34341
45574 44616
45589 39887
45596 44586
45601 44478
45602 49817
45605 47524
45660 49862
45693 40156
45694 40157
45702 44292
45745 44403
45763 47232
45764 47566
45765 47567
45776 47518
45778 44364
45800 44183
45824 47475
45859 39848
45868 44456
45901 47108
45910 47287
45913 47592
45941 43923
45949 44039
45996 47242
46033 39702
46078 46943
46154 47283
46209 46828
46276 43191
46314 43140
46324 46723
46328 46752
46337 43153
46378 43927
46391 46693
46420 46921
46435 46699
46454 46726
46468 46670
46586 46936
46595 43671
46918 49196
47005 50995
47057 49225
47073 49266
47104 46468
47148 50913
47158 48956
47159 48955
47170 46400
47171 46399
47188 49178
47193 46376
47352 46204
47362 49005
47389 46148
47403 48663
47441 46090
47469 46041
47583 50634
47596 50581
47604 48598
47608 48517
47649 48584
47730 45792
47753 50539
47834 48392
47842 48237
47870 50399
47893 50437
47907 48306
47921 45420
47964 50380
47979 48218
47980 50368
48002 50342
48011 45291
48030 48275
48059 48375
48064 50311
48085 48277
48086 48278
48092 48127
48093 48126
48118 50263
48173 48294
48175 48207
48184 48026
48189 48250
48210 48176
48305 48074
48306 50000
48311 45064
48329 47922
48337 48038
48365 47997
48411 47930
48414 40397
48418 47919
48426 50179
48443 47895
48445 44395
48450 47891
48453 47889
48489 47875
48562 47710
48578 47691
48607 47662
48622 49885
48623 47632
48642 47639
48643 47640
48658 47688
48679 47560
48683 44591
48711 47203
48714 49880
48717 47517
48741 49734
48745 47303
48816 47046
48851 44263
48870 49750
48876 49667
48886 49549
48888 47466
49005 49510
49014 49464
49022 49451
49027 46888
49126 47319
49133 49344
49146 47310
49147 46662
49158 49370
49168 49385
49171 47212
49172 47211
49173 49565
49176 46977
49199 47229
49209 43898
49223 46952
49260 47045
49286 46936
49511 51048
49578 51014
49579 51013
49597 51129
49610 50992
49632 49219
49681 51038
49689 51037
49781 49039
49788 49008
49816 48958
49826 48914
49828 48926
49844 46127
49853 50872
49857 48889
49864 48896
49871 48766
49896 50789
49959 50587
50011 48700
50012 48699
50138 48544
50151 50570
50162 48522
50187 50334
50188 51903
50195 50386
50196 50387
50208 51884
50213 51888
50218 51866
50222 51862
50234 51863
50246 50360
50276 51816
50293 50316
50303 51825
50304 51824
50305 50306
50325 50270
50337 50375
50366 48268
50373 50133
50374 51778
50388 48250
50391 50210
50410 48181
50411 50332
50416 50190
50423 50313
50469 50287
50514 50249
50524 50237
50525 50246
50533 50139
50534 51573
50540 50197
50549 50204
50554 50203
50584 47977
50589 51542
50592 51686
50615 47858
50646 51547
50662 47549
50679 50088
50702 49982
50706 51545
50713 50027
50738 49850
50756 49922
50762 49921
50763 49920
50802 47706
50837 49673
50863 49806
50871 51339
50881 47618
50922 49519
50988 49451
51007 49687
51023 52451
51024 51398
51043 51336
51062 49753
51070 49532
51071 14176
51099 51289
51111 49349
51258 51171
51335 51127
51345 52371
51346 52372
51355 51014
51363 52358
51367 51080
51373 52344
51391 52322
51415 51133
51416 51132
51445 52260
51460 49198
51476 51056
51485 51040
51486 51039
51505 52318
51595 50883
51600 50877
51617 50850
51702 50772
51803 51922
51812 51963
51814 52927
51827 51938
51855 51974
51856 51973
51858 52942
51861 51891
51878 52916
51897 51803
51900 52842
51920 51828
51931 51889
51936 52892
51942 51800
51949 51790
51958 51728
51959 51727
51961 50384
51968 51706
51999 52789
52003 52858
52033 52768
52044 51748
52045 51749
52046 50282
52061 51796
52062 52819
52079 51587
52105 51619
52122 50219
52123 50218
52143 52741
52152 52672
52153 52671
52174 52762
52175 52761
52184 52661
52186 51638
52191 50117
52197 49899
52206 49892
52216 53527
52218 51614
52221 51645
52226 51596
52227 51595
52232 51589
52233 51590
52271 51375
52278 52581
52287 51497
52296 51490
52298 51496
52335 52584
52356 52492
52381 52461
52382 52460
52389 52462
52423 51217
52425 52445
52457 51200
52460 52421
52497 52430
52569 49674
52713 53229
52807 53155
52820 52226
52826 52150
52842 53149
52847 53763
52848 53762
52886 52165
52915 53747
52916 53746
52920 48675
52950 52997
52973 53702
52975 52953
52983 53685
53016 52917
53023 53671
53067 53601
53076 52920
53113 53630
53122 53623
53132 52863
53152 53545
53174 52839
53207 49911
53216 51554
53217 51553
53235 51694
53238 51528
53261 52697
53288 53484
53370 53482
53409 52575
53420 51463
53421 51462
53428 52634
53429 53355
53462 53423
53521 53879
53523 53324
53536 53301
53610 53174
53625 53758
53628 53145
53704 53706
53719 54072
53733 52979
53734 52978
53756 53643
53760 54041
53765 52913
53774 53636
53795 53651
53796 53638
53808 54012
53817 53578
53839 52825
53846 52815
53854 51546
53867 53981
53876 52668
53879 53585
53881 53544
53882 53543
53907 53582
53916 53514
53932 53494
54005 53906
54022 53446
54150 54373
54161 53824
54184 54119
54193 54342
54234 54096
54237 53692
54285 54278
54388 53492
54390 54208
54451 54180
54476 54152
54484 54509
54512 54484
54515 54318
54516 54319
54534 54479
54546 54063
54562 54300
54693 54463
54698 54300
54710 54284
54713 54571
54715 54440
54722 54551
54724 54563
54726 54434
54783 54692
54786 54676
54800 54476
54818 54450
54858 54623
54882 54687
54895 54592
54901 54662
54910 54647
54939 54791
54966 54730
54970 54665
54985 54803
54987 54802
54992 54774
55025 54835
55027 54836
55035 54832
55036 54831
55041 54839
