3306
83 1670
84 593
99 1840
111 1040
123 1169
129 1306
153 556
189 1787
224 20434
372 21129
382 2380
389 1825
394 20868
434 20552
455 20672
458 1647
498 2490
535 21001
546 20765
548 2511
549 2512
559 1969
587 21203
756 1447
762 2900
769 2302
786 20893
796 2323
813 2016
841 2192
854 21432
857 2203
876 21451
926 2968
936 2284
940 3033
971 2658
976 2262
979 3173
982 3163
1040 1939
1068 2827
1077 21538
1129 3311
1143 2545
1170 2535
1178 21594
1187 3471
1198 21408
1204 21609
1207 21638
1213 3424
1218 21623
1232 20450
1244 21627
1278 1416
1292 2815
1293 2816
1301 21664
1335 2734
1357 3590
1368 21788
1403 2774
1406 3660
1423 2419
1433 3297
1436 22125
1466 3723
1483 3329
1485 3766
1501 21634
1502 21635
1504 3809
1519 3819
1525 21361
1638 3965
1640 21654
1641 21655
1670 20820
1681 21347
1682 21348
1703 21694
1728 2884
1849 22050
1918 21889
1920 22166
1928 22175
1998 3956
2052 4368
2059 21297
2096 21818
2104 22451
2112 2828
2114 3987
2247 3069
2259 3213
2270 4294
2359 4620
2360 4815
2399 22442
2434 4869
2439 22270
2552 4939
2578 22445
2579 22591
2583 3354
2585 3350
2622 4657
2631 4339
2726 4755
2753 22429
2789 22662
2830 5382
2837 5287
2878 5277
2882 4898
2891 22228
2942 3492
2943 4960
2973 5445
3106 3855
3127 5842
3128 5843
3134 22847
3183 5804
3186 5722
3187 5735
3222 22901
3228 22925
3268 4210
3270 5322
3271 5323
3282 4622
3455 4401
3555 23084
3621 6162
3622 22317
3695 5095
3859 32825
3911 6538
3933 6549
4090 5569
4107 5531
4137 6781
4152 6800
4170 6824
4191 6032
4209 23111
4235 5669
4269 6812
4316 5764
4317 6823
4323 7030
4355 6915
4372 6902
4375 23585
4396 23571
4424 6941
4425 6942
4480 5621
4481 5622
4483 7227
4497 5503
4498 5504
4560 23666
4576 7162
4592 23718
4599 6440
4605 7197
4621 7193
4630 7244
4638 6031
4684 7368
4738 7400
4739 7401
4760 5840
4987 7137
4988 7138
4989 7144
5015 7650
5048 7763
5205 23827
5293 8178
5297 7978
5338 6664
5340 8114
5355 8245
5384 8451
5411 6879
5483 8543
5515 24526
5864 8704
5886 8654
5927 24670
5992 8819
6061 24671
6064 7717
6127 9852
6141 9052
6154 6838
6240 8047
6253 7896
6282 51000
6337 9460
6338 9461
6355 9470
6356 9471
6389 7986
6401 9288
6566 34620
6608 7946
6617 9722
6627 8773
6691 24775
6734 9811
6795 24676
6828 24708
6897 9935
6924 9808
6958 9837
7016 9890
7179 10002
7219 10197
7285 10069
7438 25582
7493 7814
7572 10857
7573 27609
7613 9291
7620 10740
7641 25850
7733 9289
7740 10762
7758 10069
7761 10669
7843 11806
7860 9939
7866 9642
7892 10506
7914 10805
7984 11752
8099 10093
8173 11207
8179 10216
8180 11228
8261 10756
8276 12072
8284 10780
8374 37197
8377 9790
8434 10924
8458 10951
8486 12102
8493 54442
8510 10122
8615 12092
8664 10271
8723 11615
8880 11400
9018 12676
9059 12676
9138 12081
9176 12086
9177 12087
9184 12155
9218 12118
9327 34947
9487 12920
9518 26143
9528 10863
9610 12497
9611 12327
9666 13271
9748 27007
10041 13659
10054 13074
10129 11363
10201 13217
10225 34841
10241 27168
10242 27169
10269 13269
10282 13069
10283 13070
10359 13592
10370 13434
10394 13470
10430 13430
10529 26224
10537 13782
10541 13571
10545 12365
10567 13561
10599 11741
10604 13939
10631 26224
10651 10496
10681 12511
10763 12604
10776 40599
10836 12591
10839 14167
10857 11992
10879 12652
10972 13594
11084 13036
11098 14474
11101 13155
11129 14310
11165 13034
11166 13035
11224 13130
11285 14466
11292 13983
11293 13984
11294 14149
11344 14523
11351 14519
11352 14520
11358 14523
11363 13964
11371 14021
11373 14039
11395 15003
11412 14599
11436 14638
11450 13549
11451 13550
11543 13513
11549 12793
11552 15001
11709 12850
11710 12851
11798 14312
11869 14380
11874 15144
11875 15145
11914 13200
11921 15174
12023 15293
12101 15756
12192 15461
12219 28505
12232 13575
12298 14415
12336 13654
12363 14413
12387 15819
12398 14436
12412 14456
12415 14973
12464 14586
12625 16042
12626 16043
12696 14001
12745 14095
12746 14096
12753 16239
12756 15953
12770 14758
12771 14759
12838 14499
12843 14843
12872 15835
12902 14212
12950 14950
12951 14951
12959 14277
12965 14255
12968 16086
12984 15217
13069 14363
13092 14765
13127 28762
13128 16329
13212 16356
13323 16083
13324 16084
13339 14452
13374 14479
13375 14480
13393 15619
13426 14529
13436 16764
13469 14506
13508 14594
13525 15706
13593 14752
13642 16352
13643 16353
13652 29430
13682 16909
13727 17050
13729 16762
13741 16845
13753 14744
13755 15315
13771 16056
13829 16925
13859 17275
13865 16722
13882 16866
13940 16108
13943 16255
14059 28254
14143 14837
14175 17462
14185 17154
14200 17492
14262 17426
14267 17452
14289 17570
14295 15271
14318 17237
14364 17850
14376 17214
14382 17669
14386 17549
14401 17802
14409 17713
14434 17856
14473 17233
14475 17739
14511 16767
14538 15833
14571 17517
14625 17559
14655 18048
14692 17975
14693 16591
14718 17649
14737 17434
14776 17553
14809 18205
14862 17825
14883 16323
14905 16117
14983 18196
15090 16919
15093 18259
15107 18196
15124 18319
15149 18319
15214 18420
15257 18029
15343 18059
15347 16629
15440 18876
15452 18354
15501 18710
15529 18426
15547 18564
15599 18597
15601 18598
15611 17767
15612 17768
15626 19074
15648 16933
15665 18586
15666 18449
15667 30221
15683 18329
15715 18597
15815 17837
15818 18778
15824 18562
15916 18932
15922 18306
15960 18893
15963 19016
15966 18845
15967 18958
15984 18850
15987 18121
16035 19036
16047 18992
16065 18730
16073 19168
16098 19234
16266 19488
16281 18930
16302 19211
16303 19212
16318 19360
16357 19413
16358 19421
16364 19399
16388 19210
16404 17714
16405 19454
16439 19109
16475 19337
16552 47492
16558 19397
16682 18190
16754 18211
16811 19582
16859 19301
16943 19582
17089 18979
17177 19106
17178 18665
17186 18050
17348 18841
17444 19290
17600 18185
17806 19582
18317 19450
19112 19949
19145 31445
19159 20333
19181 31491
19182 31492
19191 31355
19196 20377
19200 20463
19215 20779
19218 31251
19221 20006
19228 20898
19238 31389
19240 31163
19258 31237
19270 31602
19294 31029
19317 20153
19324 20670
19325 21109
19336 20546
19346 31474
19347 31475
19351 31297
19356 21176
19357 21177
19365 21158
19375 20644
19376 21114
19378 31678
19380 20601
19389 31628
19392 20213
19394 20643
19407 20851
19408 20852
19409 31431
19442 31558
19447 20599
19452 31650
19471 31395
19473 31407
19477 21057
19491 20894
19499 21256
19518 29573
19542 31592
19543 21294
19548 21209
19555 20980
19583 31834
19584 31835
19606 21049
19618 31823
19627 21445
19643 31850
19682 31930
19697 20866
19711 31947
19721 31578
19723 20845
19725 3313
19727 20842
19728 20365
19729 20366
19734 21308
19736 31936
19750 21585
19753 20870
19756 31959
19779 32006
19797 31991
19798 31992
19807 21641
19851 21304
19854 21724
19864 21714
19867 21425
19874 21472
19875 21473
19885 32104
19895 21557
19946 21336
19967 32166
19990 20782
19995 32200
20022 32223
20032 32014
20043 32247
20047 32261
20052 32260
20077 21949
20098 21522
20099 21523
20109 21959
20110 21960
20113 21929
20122 32294
20132 32268
20151 21932
20173 31948
20184 31828
20192 21829
20202 32360
20204 32361
20205 21409
20223 32384
20233 22078
20243 32403
20253 22098
20256 21896
20280 32436
20290 22192
20295 32454
20328 21899
20345 32252
20347 32449
20371 22023
20402 21392
20404 32527
20405 32541
20425 32685
20433 4628
20442 32549
20457 32583
20462 32667
20467 31873
20476 32387
20494 32560
20501 32386
20502 32163
20505 32594
20515 32685
20528 32610
20540 32583
20557 22398
20565 21590
20573 22440
20582 32482
20617 32465
20620 21750
20644 21771
20726 21618
20741 22736
20743 22737
20758 31939
20786 32805
20807 32379
20808 22427
20824 22629
20922 22500
20930 21686
20936 22781
20951 32901
20960 22743
20969 22545
20978 22560
20979 22561
20996 22986
21009 32984
21028 22594
21047 23033
21122 22303
21153 22099
21154 22100
21206 22344
21225 23167
21273 23120
21301 33194
21362 32787
21373 22352
21430 23322
21505 22682
21554 23431
21558 23487
21653 23443
21691 23495
21692 23496
21693 23497
21724 5480
21725 5481
21729 22944
21736 5503
21737 5504
21738 22963
21757 22961
21763 22960
21794 23608
21800 23608
21844 33653
21847 33653
21929 23731
21961 33695
21993 23032
22093 24036
22094 24041
22112 6085
22190 7792
22243 24143
22350 24295
22402 24362
22437 24588
22438 24589
22489 24441
22492 24626
22520 24029
22558 24695
22570 24542
22575 24734
22576 24735
22624 24576
22707 34385
22751 24702
22760 23931
22777 24255
22784 23964
22785 24767
22786 24744
22802 23548
22806 24760
22814 34448
22831 24051
22857 7812
22880 7873
22909 34679
22935 24173
22936 24174
22939 24194
22949 24224
22950 24225
22960 24642
22961 24643
22976 7997
23003 25179
23004 25174
23030 8564
23057 24199
23059 24748
23072 25242
23096 24797
23099 25141
23257 25346
23281 25423
23282 25424
23284 25444
23335 25484
23339 25596
23398 25528
23424 25746
23428 24995
23477 10224
23481 25653
23500 25591
23537 25586
23549 25610
23623 25015
23665 24658
23725 25785
23806 25939
23812 25954
23853 25959
23866 25907
23931 10691
23952 10189
24030 26279
24092 25303
24093 25304
24154 26417
24172 11061
24204 11104
24256 25574
24257 26072
24259 25566
24333 11377
24353 10561
24387 26743
24405 10379
24413 10379
24476 26482
24494 35644
24507 12540
24515 26539
24633 26667
24636 26545
24637 26546
24679 27024
24680 27025
24687 26100
24821 27223
24822 27224
24846 27223
24849 27223
24872 27223
24873 13378
24874 13379
24894 13404
24900 13416
24913 26494
24928 26970
24929 26971
24937 12881
24985 27147
25014 27255
25044 8721
25092 13526
25133 27153
25143 27324
25151 27132
25167 27193
25170 27150
25228 27198
25264 27408
25278 27289
25281 27273
25282 27274
25307 26421
25322 27492
25324 27361
25348 26703
25350 27369
25368 27360
25412 26570
25446 13801
25531 26796
25601 12770
25618 27687
25622 12829
25670 27063
25691 14305
25696 14287
25714 27824
25723 27731
25728 12635
25736 14410
25790 27882
25872 27603
25893 27856
25906 14068
25907 27622
25914 27601
25928 36675
25957 27313
26000 26814
26001 26813
26009 27378
26011 27379
26039 27335
26069 26882
26091 36029
26179 28146
26190 28070
26209 28121
26223 28120
26247 27754
26291 27135
26305 27578
26350 27186
26388 27926
26411 28366
26416 37156
26457 28348
26467 28341
26468 46174
26470 13596
26481 28443
26482 28444
26490 13633
26522 27750
26549 28037
26579 27760
26581 28394
26620 27854
26770 14815
26771 14816
26868 28197
26902 14393
26905 28598
26906 28599
26913 28890
26919 28112
26958 28155
26960 28165
26980 15209
26981 15494
27006 28582
27015 28178
27050 15316
27066 14487
27094 16185
27111 28325
27114 28404
27127 16570
27141 27922
27152 16324
27193 16681
27199 29101
27214 16901
27237 28962
27283 29066
27285 28713
27290 17101
27303 28544
27306 29086
27317 14830
27332 29082
27336 28687
27351 28567
27368 37710
27376 29267
27383 14954
27385 28662
27387 28663
27393 17026
27415 28737
27416 37685
27421 29320
27425 28654
27429 28685
27433 16253
27434 16254
27435 17252
27442 16194
27451 28712
27453 16292
27454 16293
27461 29345
27464 16944
27510 29182
27527 29482
27528 29483
27545 29437
27550 37904
27558 29493
27590 29475
27591 29544
27594 29602
27612 28428
27621 17636
27626 37677
27636 29577
27655 28683
27661 29396
27676 29659
27688 29664
27706 29681
27709 17386
27732 16768
27737 29694
27756 29715
27771 29714
27775 29663
27779 29733
27835 29549
27836 17611
27846 17409
27853 28915
27864 17380
27867 28651
27874 17455
27875 29467
27934 29642
27935 29643
27936 29769
27953 29612
27963 29001
28010 29816
28011 29817
28017 17924
28083 29669
28089 16983
28090 29154
28106 29793
28136 29913
28140 17951
28143 29944
28152 18136
28158 29211
28159 29212
28177 28940
28184 17586
28190 29231
28194 30010
28201 30126
28216 28970
28236 18077
28237 30013
28273 30083
28280 30109
28281 30110
28289 30107
28358 30051
28387 29635
28388 30061
28416 18602
28417 30088
28420 18601
28431 29788
28480 17963
28481 17964
28489 30156
28503 18785
28506 30070
28522 18576
28523 18577
28526 30194
28558 30210
28594 29906
28634 30304
28635 30305
28637 30132
28657 19376
28702 19317
28705 17320
28746 30508
28749 30567
28761 30567
28766 19241
28769 38012
28770 29745
28790 29690
28825 18013
28867 29765
28940 17397
28941 17398
28987 19469
29052 18868
29055 30052
29161 18957
29190 17816
29230 19173
29441 19112
29450 29846
29491 19310
29526 19288
29544 29874
29570 30493
29686 30253
29788 18681
29789 18682
30068 30409
30214 30602
30284 31432
30291 31330
30302 39126
30336 31520
30342 30897
30343 30903
30352 39271
30375 39190
30376 39191
30387 39131
30414 31256
30425 39229
30436 39249
30445 30986
30448 31262
30478 31413
30488 39297
30499 39388
30523 31442
30529 39236
30530 31455
30535 31309
30569 31441
30578 31505
30615 39464
30639 39212
30642 31419
30643 31420
30670 31824
30711 39532
30715 39538
30730 31930
30752 39566
30753 39567
30800 31779
30802 39599
30812 31955
30818 39461
30839 32015
30841 39654
30842 39635
30848 32026
30849 39275
30860 31568
30870 31841
30876 39663
30877 39669
30881 39701
30887 32022
30891 32053
30892 32054
30893 32031
30895 39441
30925 32058
30949 31632
30976 31926
30978 39606
30979 31957
30986 39350
31007 21648
31013 21648
31024 39812
31026 32215
31037 32032
31038 39826
31039 32221
31042 39851
31056 39234
31057 31383
31064 39685
31070 31706
31092 39903
31094 31807
31130 32120
31146 32391
31149 32154
31185 39810
31186 39811
31195 32258
31209 32433
31222 39878
31233 32245
31234 32246
31246 32521
31254 39632
31266 32004
31267 32123
31290 32357
31294 40045
31296 31944
31308 32534
31320 40064
31379 32678
31402 32501
31404 32512
31412 22533
31428 32300
31441 32743
31445 40068
31468 39798
31481 31956
31490 32810
31548 40223
31560 32899
31586 32568
31602 40157
31612 40279
31627 32978
31640 40336
31650 32307
31684 45042
31690 32552
31709 33109
31751 32624
31870 32753
31967 33374
31985 33279
31997 33356
32013 32813
32024 32758
32036 33444
32037 33446
32066 33021
32067 33022
32068 40236
32094 40314
32099 33457
32116 33547
32123 33094
32126 40612
32127 33493
32135 40614
32150 32990
32151 32991
32159 33105
32160 33106
32207 40668
32225 33168
32226 33169
32231 33144
32232 33157
32315 33781
32411 33354
32456 40858
32485 33993
32589 23380
32700 34311
32721 33529
32722 33530
32725 33953
32727 41099
32748 41130
32778 34523
32779 34385
32799 41203
32807 34468
32831 34438
32833 41216
32840 33877
32850 33905
32869 34230
32895 24132
32955 34021
32970 34320
32971 34321
32992 24595
33005 34733
33019 41352
33028 41356
33029 41357
33041 34313
33042 34314
33063 34675
33064 34676
33090 34723
33095 34714
33099 33829
33139 25300
33140 25302
33164 34464
33165 34812
33194 34868
33214 33983
33252 41449
33255 34884
33294 41488
33305 34295
33313 35012
33339 34984
33358 35028
33365 34381
33395 25799
33396 25800
33451 35127
33496 41317
33507 34616
33512 34814
33529 35149
33554 35255
33567 35293
33585 35230
33602 26014
33615 35269
33628 41301
33681 35490
33705 35350
33746 34858
33799 35651
33804 41906
33805 41907
33840 35085
33861 34949
33864 35701
33896 35749
33994 35869
34009 35588
34045 35977
34067 35707
34154 35136
34162 35802
34185 36103
34191 35172
34206 35980
34217 36120
34283 35430
34291 35466
34301 35354
34413 36053
34431 36079
34451 36232
34452 36233
34465 36105
34477 36253
34478 36254
34538 36332
34546 36157
34547 36158
34557 27160
34559 36198
34593 36201
34608 27441
34620 36220
34633 35771
34664 35753
34715 35663
34718 36257
34741 35908
34752 35661
34779 36394
34840 36486
34853 36501
34867 27010
34888 36025
34892 27689
34898 36552
34905 36550
34907 38293
34919 36565
34976 26997
34993 36711
35001 36724
35002 36636
35024 36245
35045 36669
35047 27898
35058 36760
35082 27030
35087 27364
35090 27359
35104 36533
35106 36540
35108 36730
35113 36333
35114 27400
35115 27401
35120 27414
35129 36350
35130 36351
35132 36370
35140 27399
35144 36404
35146 36708
35155 35961
35157 36405
35158 36742
35159 27423
35171 36598
35175 36847
35176 36848
35186 36779
35190 42757
35202 37000
35208 36870
35228 36837
35234 27508
35275 36994
35302 37082
35310 36957
35340 37067
35345 37156
35350 36924
35370 37158
35371 28497
35393 36321
35403 28214
35408 36307
35416 37142
35419 27748
35426 37141
35432 28492
35433 28364
35462 36641
35486 37104
35497 37206
35540 42975
35550 27913
35551 27914
35560 36601
35576 36737
35577 36738
35579 36939
35615 37238
35617 36735
35618 36736
35650 36545
35662 36809
35663 36810
35689 37435
35693 37247
35701 28720
35753 29087
35767 37398
35771 36634
35774 36786
35800 37316
35804 27733
35806 28201
35811 37260
35812 37261
35813 37372
35815 28876
35816 37259
35821 28437
35837 28801
35838 28857
35854 37600
35876 36650
35900 37444
35903 37565
35904 37564
35925 36652
35933 36684
35944 29003
35947 37126
35961 37172
35975 36966
35990 29032
35992 37652
36006 36852
36013 37602
36033 37714
36042 37558
36049 29267
36065 37827
36071 37666
36075 37562
36079 37702
36080 37287
36081 37288
36084 37757
36118 29435
36135 43334
36140 28800
36147 29233
36156 29242
36165 37889
36168 29199
36174 37912
36194 29343
36225 37957
36243 38003
36244 38004
36261 29227
36262 37734
36263 37735
36265 37772
36267 37726
36275 37541
36305 38011
36324 37785
36393 37942
36415 29149
36469 16639
36470 16640
36479 28485
36500 29156
36501 29157
36550 38257
36575 38171
36597 29393
36598 38116
36599 38216
36628 38311
36653 28956
36692 38293
36696 30055
36718 38162
36729 30067
36789 38285
36793 38355
36799 38305
36809 29970
36811 38247
36816 29634
36829 38323
36830 38324
36832 29180
36837 38264
36843 29667
36850 38338
36864 29190
36879 38030
36887 38279
36888 30054
36895 29540
36916 38360
36920 37972
36941 29596
36948 29527
36983 38012
37005 38207
37035 30277
37046 38414
37054 18513
37084 38416
37101 30333
37102 38654
37109 30319
37121 37972
37128 38461
37145 38472
37161 29971
37164 37946
37177 30536
37184 38496
37208 38316
37223 38160
37225 38192
37226 38193
37248 30089
37266 30473
37283 38251
37284 38309
37288 37891
37403 30097
37466 38494
37472 30204
37488 29905
37515 29762
37608 29846
37624 38562
37657 38549
37768 14927
37773 38330
37796 30150
37928 38421
38045 38642
38165 39126
38170 39162
38183 44260
38185 39213
38188 38990
38198 30897
38203 31501
38204 39284
38205 39285
38209 39057
38214 44123
38216 39277
38222 44400
38223 44401
38230 39301
38232 39062
38239 39087
38255 44420
38263 39386
38269 39109
38270 39139
38272 39382
38288 44442
38310 39428
38311 39429
38313 38962
38314 39239
38330 39457
38331 44244
38342 44490
38351 39348
38359 39459
38361 39307
38362 39310
38368 39497
38370 38938
38382 39475
38383 39365
38387 44525
38389 39336
38390 44531
38403 39262
38404 39351
38406 39533
38434 44425
38439 39302
38440 39303
38448 39338
38450 39589
38461 39631
38462 39586
38470 39612
38478 39358
38482 44607
38483 44608
38486 39629
38497 39643
38508 39665
38509 44253
38510 39374
38513 39441
38514 39442
38518 44252
38520 39064
38523 39527
38525 44641
38528 39713
38531 31229
38535 39723
38539 39737
38546 44682
38550 39735
38555 44672
38557 44670
38560 39739
38570 44500
38580 39606
38582 39766
38598 44540
38599 39791
38602 44711
38603 39785
38621 44654
38628 39847
38629 39234
38640 39233
38646 39705
38652 44674
38659 39264
38662 44680
38665 44765
38682 39921
38689 44783
38695 39898
38696 39899
38713 39780
38734 44813
38753 44700
38754 44763
38755 39770
38762 39860
38787 39836
38797 44867
38799 39944
38812 39562
38815 39783
38860 40120
38877 44754
38879 39621
38880 39622
38881 39881
38883 39769
38895 40048
38907 39982
38910 44872
38911 44873
38946 44799
38948 39859
38951 44903
38952 40205
38959 44915
38965 44820
38970 40235
38984 44934
39016 44750
39019 39855
39020 39856
39022 44997
39072 44923
39150 44892
39156 40414
39169 44913
39284 40526
39285 40527
39286 40528
39305 40544
39369 44984
39382 40320
39384 45237
39398 40333
39424 40361
39462 45321
39487 40392
39509 45345
39513 40735
39576 40651
39580 40553
39582 45308
39624 40878
39637 45508
39638 45509
39697 45548
39728 41103
39737 41030
39780 45616
39801 41110
39840 41213
39845 45395
39867 45673
39879 40966
39896 41207
39900 41286
39928 45483
39969 45728
40085 41390
40086 41372
40095 41411
40104 41165
40106 41166
40118 34490
40125 45842
40130 41449
40148 40984
40149 41144
40150 41145
40154 41488
40175 41460
40176 41578
40190 41567
40205 41587
40220 41503
40235 41626
40269 41610
40287 41465
40306 45666
40322 41721
40323 41727
40332 45933
40343 41671
40370 41265
40409 41305
40440 41396
40468 41507
40469 41857
40477 41414
40479 41408
40480 46177
40532 41440
40539 41453
40612 35828
40650 41706
40672 42005
40675 41731
40691 42198
40760 42085
40782 41993
40840 36238
40867 42194
40885 36253
40886 36254
40905 42219
40919 35672
40925 42348
40926 42347
40933 42242
40943 46450
40952 42361
40980 42280
40989 46466
40999 42292
41011 42325
41027 42314
41044 46584
41072 35661
41090 42296
41121 42030
41133 42162
41149 42143
41153 42565
41175 42058
41191 42505
41194 42506
41201 42517
41207 36649
41212 42527
41220 42408
41239 42641
41240 42642
41263 42643
41278 42707
41285 36259
41293 42618
41310 36803
41316 42645
41318 36908
41320 46768
41323 42140
41340 42161
41350 42682
41356 36640
41361 42688
41366 42282
41379 42184
41380 42185
41383 42710
41391 42386
41395 42155
41396 42146
41407 42537
41425 42244
41433 36930
41461 42852
41473 42831
41481 42799
41486 42801
41501 36962
41505 42918
41520 42503
41534 36578
41575 46950
41583 42581
41586 37206
41588 42928
41590 42943
41605 43007
41607 42842
41608 42843
41619 36585
41623 46996
41628 42900
41630 37154
41633 42592
41638 42990
41642 37139
41674 42942
41680 42567
41685 43044
41714 43091
41722 43027
41726 43105
41735 42571
41744 37579
41749 43034
41777 43046
41779 42751
41785 36572
41786 43139
41798 42771
41799 42795
41800 43163
41826 42586
41834 37355
41838 42604
41856 43257
41859 37403
41866 43339
41868 42603
41875 43167
41876 18829
41884 43294
41885 43295
41887 42628
41892 42774
41896 43187
41911 43182
41916 36931
41925 43209
41926 43210
41929 37267
41947 37118
41951 43019
41952 37647
41962 46817
41968 36958
41978 43225
42000 43334
42020 43293
42032 36909
42049 37642
42071 37730
42072 43311
42083 37510
42099 43441
42107 37814
42113 43467
42114 43492
42117 43376
42119 42902
42125 37575
42126 37576
42129 37048
42130 37762
42131 37812
42138 43464
42139 37406
42145 43322
42148 22823
42163 43071
42165 43565
42167 43360
42183 43405
42189 37899
42205 43132
42206 43125
42219 37525
42227 43638
42234 43648
42240 42969
42273 47162
42290 43508
42297 43628
42307 38051
42328 43555
42330 18505
42333 37688
42340 47288
42341 37895
42360 37687
42367 43609
42369 43544
42374 37933
42403 43623
42405 43604
42406 43605
42421 43671
42433 43625
42439 38260
42452 43675
42454 43715
42472 43762
42489 38320
42491 47533
42499 37908
42500 38050
42507 38291
42508 38292
42511 43694
42512 43748
42527 43714
42561 43803
42571 38213
42573 43786
42587 43343
42590 38432
42592 38161
42595 38439
42608 38431
42612 43814
42622 43824
42634 43821
42664 37915
42678 43860
42682 30407
42687 43660
42688 43661
42711 43863
42726 43735
42816 43729
42841 43760
42851 38471
42870 43792
42890 38094
42891 38095
42952 43936
42968 43886
43014 43629
43018 43943
43040 43717
43078 38370
43114 43751
43139 43801
43184 38532
43198 38557
43219 43827
43348 47841
43398 44400
43399 44401
43400 47976
43401 47977
43405 48004
43415 47926
43416 48037
43420 48055
43433 44376
43434 48070
43442 48026
43450 44482
43468 44373
43470 44488
43475 44330
43476 44336
43486 39006
43499 44542
43512 44563
43518 44570
43541 44594
43557 44361
43564 48069
43569 44379
43574 44524
43579 44369
43580 44284
43582 44634
43584 48203
43593 48140
43598 44676
43610 47945
43619 44516
43620 44517
43622 44694
43633 44534
43634 48132
43635 48133
43639 44438
43645 44639
43651 44638
43655 48079
43659 44463
43661 48260
43662 44770
43665 44509
43669 48061
43673 44773
43675 48096
43687 48270
43692 48227
43693 48279
43694 48280
43695 44719
43699 44428
43710 44505
43711 48246
43712 48247
43714 44713
43717 44794
43719 48291
43722 48252
43723 44793
43729 48310
43741 44847
43742 44848
43745 39503
43756 44782
43764 48221
43766 48333
43771 44790
43785 44803
43792 44726
43793 44727
43798 44649
43817 48162
43831 48370
43838 48366
43845 48378
43853 44722
43870 44962
43878 48355
43907 44930
43911 44730
43916 48429
43948 45009
43984 44991
43992 45030
43998 44875
44008 44804
44015 45069
44047 44911
44089 44964
44110 44908
44131 44987
44139 40460
44164 45142
44186 45207
44233 45271
44234 45272
44241 45279
44247 45046
44250 45288
44251 45289
44257 45012
44261 45305
44278 45419
44302 45105
44311 45110
44318 48531
44321 40769
44332 45073
44334 48738
44341 45163
44342 45167
44351 40426
44353 48793
44354 48561
44362 45440
44405 45486
44410 45484
44494 45598
44515 45603
44516 45604
44539 45406
44542 45523
44569 45553
44570 45554
44582 45547
44585 45565
44591 45677
44592 45488
44642 45754
44659 45777
44670 45612
44682 49048
44688 45772
44689 45796
44690 45797
44692 41035
44708 45623
44719 45597
44726 45649
44738 45810
44762 45841
44771 45923
44784 45872
44787 45642
44790 45900
44809 49179
44825 45914
44826 45915
44833 45939
44835 46022
44851 45955
44862 46004
44869 45741
44887 48955
44894 46015
44903 41221
44910 45687
44914 46039
44927 46048
44935 46068
44949 45739
44954 46088
44963 46110
45024 45855
45036 45814
45055 45834
45056 46156
45075 45918
45127 46225
45146 46226
45169 46278
45183 46399
45196 46275
45220 46321
45222 46008
45239 46406
45273 46429
45287 46380
45307 46050
45311 41822
45318 46392
45319 46190
45382 46500
45387 46183
45389 46184
45392 46181
45397 46463
45410 46246
45411 46247
45412 46248
45475 46501
45478 46325
45483 46509
45502 41946
45516 41964
45534 42415
45554 46598
45565 46641
45574 46619
45583 46626
45587 42533
45588 46633
45601 46638
45629 46437
45631 46591
45638 42246
45652 46729
45657 42585
45661 46460
45670 46706
45671 46707
45675 42709
45684 42350
45696 46562
45701 46549
45710 46640
45723 46556
45728 46821
45752 42426
45753 42427
45755 46694
45756 46832
45760 42739
45762 42814
45763 42435
45771 46848
45793 46853
45795 46564
45797 46802
45818 46903
45821 46918
45824 49992
45832 42825
45837 46916
45840 46843
45850 46692
45853 46607
45861 46541
45865 46660
45866 46946
45867 46947
45883 46987
45884 46675
45887 46687
45935 46963
45966 46683
45969 46943
45990 46614
45994 47018
45995 47024
46001 46622
46002 46616
46005 46650
46035 42649
46051 47144
46060 42777
46064 47078
46077 43294
46078 43295
46086 47111
46106 47132
46108 46995
46110 43157
46122 47158
46123 42916
46126 42774
46137 47196
46143 47124
46148 47247
46150 46807
46151 46865
46162 47181
46179 50155
46181 42781
46199 50255
46200 50256
46212 43198
46243 47235
46260 43301
46266 47220
46268 47266
46273 47014
46275 43144
46298 47153
46312 47306
46313 47307
46324 47076
46349 47292
46372 47133
46383 43498
46410 47483
46427 47288
46437 43351
46459 50351
46460 50352
46468 47440
46483 47477
46486 47480
46488 43362
46489 43363
46490 43625
46507 43667
46510 47349
46520 47485
46528 47499
46529 47500
46551 43523
46574 47559
46575 43476
46576 43477
46580 47576
46586 47202
46587 47203
46592 47204
46595 43558
46608 43831
46609 47225
46613 47435
46615 47233
46625 43820
46637 43639
46643 43643
46648 47599
46655 43581
46669 43601
46671 47495
46672 47504
46673 47608
46679 47668
46683 43906
46689 43895
46696 47488
46705 43418
46712 47508
46714 43910
46722 47527
46731 43944
46733 47378
46738 43471
46741 47530
46744 43841
46745 43842
46748 47431
46761 43765
46765 43770
46768 43873
46784 43551
46807 43908
46825 47444
46831 43844
46853 47647
46858 47468
46875 43893
46877 47491
46924 47535
46932 43781
46959 43745
46983 47568
46986 43834
47006 47581
47007 16788
47151 48019
47153 50678
47158 50719
47161 50712
47169 48044
47171 47985
47196 45821
47199 48087
47202 48009
47208 48090
47226 50676
47242 50777
47249 48128
47250 48129
47255 50775
47256 50776
47263 48045
47265 50774
47267 47862
47279 47990
47287 48007
47288 48008
47293 50720
47303 50742
47308 48036
47322 48067
47327 50815
47331 48123
47333 50827
47334 48209
47335 47915
47360 48171
47363 48229
47364 48248
47365 48249
47371 48245
47373 50818
47384 48093
47399 50845
47406 48271
47409 50891
47415 50895
47417 48198
47418 50904
47419 50905
47420 48228
47426 48289
47439 50912
47449 50931
47457 50894
47493 48356
47494 50917
47512 48220
47517 48380
47521 48394
47523 48387
47524 48388
47526 48396
47530 50990
47542 51014
47554 51024
47595 48267
47607 48459
47611 50938
47624 48515
47644 48300
47650 51081
47683 48535
47690 48543
47724 51125
47725 51123
47738 48395
47762 48433
47783 48716
47800 51212
47824 48709
47825 48710
47832 48531
47857 48550
47861 48768
47880 48527
47930 45269
47949 48865
47951 48600
47988 48808
47992 51218
48002 48798
48025 48976
48035 48988
48041 48806
48042 48970
48043 48963
48044 48991
48045 48992
48083 49050
48103 51472
48118 51475
48119 48875
48131 48903
48137 48812
48139 49142
48140 51500
48145 51483
48153 49152
48193 49204
48199 41503
48217 48994
48218 48995
48228 48943
48234 49241
48248 49086
48249 49082
48271 48968
48276 49375
48278 49292
48304 48996
48309 46070
48321 49000
48339 49150
48355 51497
48359 49043
48379 49077
48398 46244
48401 49421
48409 49138
48420 49012
48421 49105
48422 49144
48435 49439
48455 49336
48461 49396
48463 49171
48466 51499
48480 46287
48504 49540
48538 49577
48563 49607
48564 49508
48589 49609
48624 49425
48634 49433
48648 46508
48664 49589
48680 49634
48685 49632
48693 49631
48700 49666
48705 46234
48711 49676
48717 49722
48724 49527
48746 49728
48749 49759
48760 46391
48762 49558
48781 49803
48797 49606
48805 49771
48814 46448
48816 46473
48817 49822
48824 49863
48826 46506
48830 49548
48836 49740
48849 49530
48850 49531
48862 46636
48881 49640
48883 49704
48898 49915
48900 49898
48901 49899
48907 49921
48908 46797
48909 46849
48914 49953
48928 49604
48939 49760
48941 49747
48949 49670
48952 49925
48961 49763
48962 46924
48975 46944
48994 49959
48996 49993
49011 50021
49024 49984
49067 50002
49071 49869
49076 50090
49077 50046
49087 47044
49088 46667
49093 47104
49095 49954
49102 49783
49113 49977
49114 49785
49116 46810
49124 52101
49129 49964
49131 46801
49134 50139
49135 47128
49137 47139
49140 50154
49151 49813
49161 46990
49162 47015
49163 50201
49168 47262
49169 49881
49179 50133
49180 50202
49182 47034
49193 47045
49201 47194
49220 47360
49223 50292
49235 50199
49236 50200
49238 50216
49243 47014
49245 50311
49246 50040
49247 50039
49248 47243
49250 52057
49258 47251
49262 49933
49263 49934
49265 49971
49266 49972
49270 49985
49271 47278
49284 50076
49285 50078
49291 50079
49296 47406
49307 52233
49308 50359
49309 50265
49314 50112
49317 47381
49320 50188
49323 50310
49324 50121
49325 50120
49339 50335
49341 47168
49345 50331
49349 50153
49350 50223
49351 50224
49362 47277
49368 47205
49370 50326
49371 47427
49372 52127
49374 47434
49375 50181
49382 50347
49392 47237
49398 50407
49399 50408
49414 47562
49425 50213
49428 50361
49433 50142
49438 47318
49448 50298
49450 50307
49451 50308
49458 52286
49469 47227
49470 47298
49471 50432
49480 50421
49482 52285
49483 50415
49487 47351
49491 50148
49505 50317
49507 47567
49517 47269
49530 47614
49532 50332
49533 50333
49541 50474
49542 47432
49557 50271
49563 50236
49581 50409
49608 47507
49614 50441
49643 50320
49656 47402
49663 50430
49675 47585
49676 47586
49677 52336
49701 50372
49708 47626
49741 50390
49752 47479
49784 50402
49836 50436
49837 50456
49838 50457
49844 50443
49847 50447
49848 50448
49883 47640
49945 50712
49948 50659
49949 52546
49956 50595
49957 50590
49965 52480
49969 50655
49970 22609
49975 52503
49977 50673
49979 50760
49980 52571
49983 50753
49985 52573
50019 52594
50021 50701
50028 52601
50032 50744
50040 50732
50041 52609
50043 50832
50045 52610
50049 52587
50050 50847
50058 50726
50059 50727
50060 52617
50062 50729
50071 50870
50073 52608
50077 52629
50082 50890
50085 52619
50093 50755
50097 50919
50098 52654
50100 52662
50107 52636
50122 50808
50137 50771
50142 50917
50146 52693
50150 50934
50155 52708
50163 50986
50172 50902
50178 52697
50191 51027
50196 28683
50197 52747
50198 52749
50225 52752
50232 52761
50252 51081
50267 52699
50270 50932
50275 52673
50283 50944
50287 50980
50307 51125
50337 51045
50347 51057
50382 51063
50392 51102
50404 51222
50405 51223
50413 51115
50431 52898
50435 52914
50436 52915
50445 51287
50457 52925
50469 52880
50481 51314
50497 51352
50520 52971
50570 51431
50573 51295
50597 51471
50602 51482
50604 51317
50619 49130
50621 52900
50627 51493
50635 51382
50641 51399
50642 51400
50643 51503
50652 52924
50663 51315
50671 51326
50675 51331
50679 51448
50681 51443
50682 51444
50691 51550
50715 51438
50718 51584
50722 51408
50776 53045
50777 51657
50789 53036
50791 51673
50798 51694
50800 51693
50819 49490
50841 51740
50845 51722
50853 51695
50857 49467
50894 51707
50943 49425
50961 51820
50964 49634
50966 49677
50980 49519
50981 49520
50986 51838
50999 49736
51004 51877
51005 51881
51011 51741
51037 51890
51043 51798
51044 49600
51051 49598
51062 49830
51079 53331
51085 49855
51093 51800
51112 51957
51113 49640
51116 51901
51118 51957
51119 49716
51121 51984
51135 51862
51136 51863
51140 51999
51141 52000
51146 49734
51150 49947
51154 49893
51155 49894
51159 49714
51166 49671
51167 49672
51176 51840
51183 52007
51185 51846
51210 49811
51230 52051
51235 52045
51251 51948
51278 52101
51282 50092
51299 52092
51300 52093
51302 49927
51303 49982
51316 50026
51319 50134
51320 50118
51323 51972
51334 49865
51338 52163
51342 52162
51343 52001
51344 52002
51345 50071
51346 51997
51353 50083
51358 52129
51361 49937
51362 50039
51366 52010
51388 52070
51404 52190
51405 52193
51410 52183
51411 52184
51417 50247
51428 52097
51449 52302
51466 52254
51467 52255
51482 50196
51483 50197
51487 50378
51488 50379
51490 52269
51491 50380
51500 53549
51513 50242
51514 50243
51516 50393
51517 50238
51518 52175
51531 52296
51533 52199
51549 50426
51555 50171
51561 50346
51571 52353
51575 52141
51588 50219
51591 50349
51601 50399
51602 50236
51603 50280
51606 52356
51609 52295
51623 50425
51624 52280
51688 52335
51700 50460
51711 50473
51764 52307
51770 50433
51792 52331
51851 52482
51857 53716
51861 50606
51863 52558
51864 53763
51865 52522
51870 52491
51874 52513
51882 52529
51884 52536
51885 20389
51895 53782
51896 53797
51897 53798
51899 53787
51900 53788
51904 52613
51919 53808
51928 52611
51933 52570
51936 53826
51940 52640
51943 53812
51996 52627
51997 52628
52005 53829
52015 52650
52021 52655
52027 52776
52031 53849
52032 52668
52039 52680
52042 52683
52043 52684
52044 52681
52047 52755
52050 52692
52055 52702
52056 52703
52062 52802
52065 50932
52069 52704
52073 52798
52075 52715
52081 52731
52091 52738
52109 52750
52112 52745
52113 52746
52146 52773
52153 52797
52159 53995
52160 52783
52170 53966
52182 54012
52189 52902
52196 52813
52199 53968
52217 54030
52224 52870
52229 51269
52235 54044
52239 52891
52243 54065
52251 52893
52260 52907
52263 53002
52269 52994
52284 53028
52289 53029
52290 53031
52291 53032
52315 54107
52319 54117
52320 52912
52321 51387
52345 52937
52350 52944
52375 54137
52380 53077
52384 52984
52416 51470
52423 53145
52434 53153
52450 51755
52467 54202
52489 53230
52496 51654
52508 51590
52516 53150
52532 51686
52535 53162
52539 53135
52540 53168
52541 53169
52542 53240
52549 51856
52557 53264
52559 53174
52571 51749
52575 53270
52595 53315
52605 51949
52620 51744
52626 53262
52634 53346
52636 53346
52637 53353
52638 53214
52641 53216
52644 52020
52649 53367
52658 51898
52659 51899
52662 53377
52669 51912
52671 51904
52675 53350
52684 53366
52687 53403
52698 53275
52700 53390
52701 53392
52713 51911
52719 51896
52720 51897
52726 52024
52729 52080
52744 53372
52746 53441
52748 53428
52753 53363
52757 53326
52765 53407
52766 53470
52769 53354
52777 52008
52785 53395
52791 52204
52792 53443
52794 53401
52803 52237
52804 52078
52807 52033
52823 53436
52834 52103
52835 53495
52840 52151
52842 52225
52845 53473
52846 52115
52861 52246
52863 53584
52868 53596
52870 53493
52874 52089
52876 52143
52881 52149
52882 52150
52883 52194
52884 52195
52885 52196
52888 52156
52893 52275
52897 53560
52898 53561
52900 53566
52902 53507
52907 52309
52908 53557
52916 52200
52922 53528
52923 53564
52927 53624
52928 52227
52939 53544
52943 52264
52944 52265
52952 52282
52960 52293
52962 52256
52963 53617
52964 53618
52985 53579
52986 53590
52993 53529
52997 52327
53026 52277
53068 53597
53096 52369
53127 53711
53129 53728
53137 53764
53142 54580
53143 54581
53144 53769
53149 53733
53159 53761
53168 53820
53172 53804
53175 54612
53198 54611
53255 53853
53265 53859
53274 53920
53292 53886
53294 53880
53315 52763
53356 54020
53370 54002
53383 54003
53388 54024
53420 54055
53428 54052
53442 54128
53457 54138
53458 54078
53460 54050
53470 54086
53475 54074
53488 54773
53498 54091
53516 53081
53556 53136
53572 53158
53573 53159
53581 54194
53584 53179
53597 54209
53606 54289
53615 54287
53619 54248
53620 54249
53622 53321
53645 53365
53647 54227
53651 54326
53657 54330
53658 54331
53659 53231
53667 54319
53671 54338
53677 54345
53681 54352
53682 54353
53697 54346
53698 54370
53716 53388
53728 54399
53732 54415
53733 54416
53740 54407
53741 54408
53748 54420
53755 54418
53756 54419
53766 54453
53771 54428
53776 53508
53777 54467
53789 53546
53794 54402
53826 54437
53830 53509
53834 55012
53840 54499
53848 54501
53849 54502
53854 54457
53862 53548
53871 54412
53891 54482
53895 53576
53901 54506
53917 53598
53918 53599
53921 53601
53929 53612
53952 54478
53958 53589
54007 55086
54008 55085
54014 54580
54015 55089
54016 54575
54022 55096
54023 54562
54026 54598
54032 54582
54034 55102
54041 54568
54056 54609
54060 55098
54066 54628
54070 55134
54071 55135
54085 54632
54092 54621
54093 54664
54100 55120
54102 54641
54103 54638
54111 54648
54120 55131
54136 54667
54155 54708
54168 54756
54169 54757
54172 54739
54194 54734
54198 54778
54201 54786
54210 54799
54213 54808
54222 54822
54228 54823
54231 54762
54238 54127
54242 54773
54310 55576
54312 55303
54319 54896
54332 54276
54334 54905
54355 54930
54360 54934
54370 54335
54379 54913
54381 54309
54387 54944
54396 54391
54397 54306
54398 54392
54399 54915
54402 54965
54406 54397
54410 54407
54414 54994
54415 54995
54416 54422
54419 54951
54422 54955
54432 54393
54439 54974
54463 54991
54466 55020
54535 54491
54563 55087
54564 55461
54579 55121
54593 55111
54610 55473
54640 55184
54652 55207
54653 55199
54657 55202
54661 55215
54664 55531
54678 55218
54681 54805
54689 55554
54693 55535
54738 55264
54740 54855
54745 55329
54749 55336
54751 55311
54755 54894
54757 54874
54762 55338
54763 55347
54764 55327
54777 55310
54783 54899
54786 55359
54792 54903
54810 55362
54815 55379
54816 55402
54834 55396
54836 55020
54837 55021
54869 55412
54873 55418
54874 55419
54888 55644
54892 55649
54894 55451
54898 55653
54915 55664
54923 55473
54929 55154
54946 55511
54974 55542
54975 55543
54976 55552
54977 55553
54979 55223
54980 55224
54981 55248
54998 55570
55015 55322
55017 55573
55024 55599
55031 55374
55035 54963
55036 55352
55045 55607
55047 55601
55048 55393
55055 55618
55064 55397
55075 55621
55082 55623
55098 55643
55107 55661
55111 55824
55128 55699
55152 55852
55172 55755
55173 55565
55191 55596
55193 55770
55195 55771
55196 55774
55212 55620
55228 55621
55238 55808
55244 55821
55253 55908
55255 55829
55278 55858
55280 55863
55284 55872
55286 55756
55300 55869
55301 55870
55312 55882
55313 55886
55319 55884
55322 55783
55327 55784
55330 55782
55333 55888
55353 55840
55355 55992
55358 55920
55372 55938
55375 55946
55397 55977
55400 55979
55414 55992
55421 56029
55425 55944
55427 56001
55460 55999
55472 56043
55475 56067
55479 56049
55488 56069
55489 56065
55500 56057
55508 56074
55509 56076
55510 56077
