1278
171 29440
205 29448
227 37908
250 16746
515 4109
535 29133
976 16127
1103 28955
1143 28757
1193 28653
1246 38223
1293 15693
1327 28561
1491 15400
1641 15215
1644 28182
1681 28307
1703 28284
1987 28137
1988 28136
2029 14533
2085 28046
2241 4326
2270 14467
2448 14299
2588 13187
2659 27115
2675 27688
2916 14029
3182 12407
3398 26993
3667 36000
4043 26709
4209 26563
4259 26161
4269 26139
4467 11771
4576 10934
4592 25969
4605 25963
4621 25949
4638 26404
4730 26364
4731 26363
4792 25975
4989 25879
5021 25974
5515 25548
5807 25480
5969 9391
5976 10286
6061 25278
6081 11112
6355 9402
6435 9316
6479 9281
6707 14284
6830 8637
6924 8471
6971 8391
7126 8406
7264 8238
7337 8175
7485 25103
7517 24339
7525 7930
7654 31061
7860 24297
8053 7291
8099 7722
8120 23918
8192 24746
8284 6952
8327 7043
8344 24746
8363 23766
8434 6826
8880 6397
9018 6392
9059 6392
9116 5999
9277 6565
9372 6116
9376 6522
9448 23341
9518 23295
9610 22704
9611 22828
9666 5667
9876 5998
10047 23081
10064 4573
10066 5830
10103 5662
10128 5813
10209 5551
10265 1264
10282 23766
10283 4856
10553 5140
10599 22586
10674 5161
10697 5066
10716 5037
10784 5070
10785 5071
10832 22467
10942 4803
10972 5208
11053 4684
11116 4744
11129 6292
11224 4493
11292 4087
11371 4984
11373 4971
11537 4131
11552 5739
11707 5603
11826 5519
11912 24364
12013 5329
12055 5299
12188 3610
12306 3349
12321 3528
12348 21518
12349 21517
12363 3332
12398 21509
12414 3775
12464 3310
12703 3021
12770 2991
12771 2990
12788 4357
12872 3080
12951 2859
13092 2843
13131 2701
13206 4441
13375 2711
13508 2592
13740 3977
13762 2445
13772 54364
13878 36295
13896 2549
14002 3659
14011 3659
14034 3043
14084 3536
14165 1708
14166 1707
14295 1680
14318 3002
14406 1703
14605 3010
14693 557
15388 96
16318 2330
16358 1808
17091 19771
17271 19567
17272 19568
17504 1061
19133 37991
19202 37983
19238 37826
19246 43510
19409 37707
19447 37641
19460 37704
19466 37660
19543 29225
19571 37589
19645 30030
19682 29339
19727 37407
19738 37346
19766 29246
19795 37317
19797 28744
19852 28616
19876 37257
19895 37221
19924 28489
19946 37215
19958 28452
19964 37181
19969 15352
19980 15609
20022 36991
20028 28364
20043 37020
20072 28263
20113 28912
20143 37015
20178 28097
20217 28037
20226 37063
20227 37062
20273 28122
20295 36812
20313 27927
20322 36908
20613 27793
20724 27464
20758 42632
20796 32304
20824 36133
20827 36601
20846 36361
20969 36219
21374 35869
21495 26326
21505 35738
21508 35864
21553 35579
21604 35847
21656 35472
21669 35469
21690 35674
21791 26447
21792 26446
21852 25978
21855 26388
21863 25973
21929 35305
22093 25755
22102 35261
22492 25336
22527 25303
22624 25358
22875 25382
22896 25229
22909 25039
22976 25152
23003 9133
23057 34659
23058 30695
23142 34695
23204 34345
23257 24567
23281 24620
23282 24619
23304 24501
23335 24547
23395 34695
23424 8127
23455 18645
23581 24242
23582 24243
23650 24206
24092 23804
24093 23803
24172 23602
24204 23642
24257 33556
24333 23444
24359 33711
24363 8407
24370 4148
24387 23510
24452 8407
24476 23189
24507 22508
24612 23423
24636 22943
24637 22942
24680 23205
24732 23272
24991 5852
25133 22955
25256 6607
25278 6581
25376 23464
25378 5400
25379 5399
25471 22526
25516 22412
25517 22411
25601 22344
25769 22208
25818 5036
25872 4629
25969 32636
26000 22194
26009 22123
26010 22120
26179 33128
26190 5369
26223 22870
26305 21734
26367 21668
26373 21761
26447 3948
26541 32183
26560 22500
26579 32166
26868 21407
26905 2928
26906 2927
26913 21481
26919 21174
26923 21286
26925 2946
26950 21279
26958 21122
26980 21109
27050 2450
27094 21180
27143 31867
27290 3816
27311 21024
27312 21023
27320 21868
27375 3759
27386 2241
27416 21732
27458 20906
27497 3943
27501 3923
27526 3893
27584 3316
27598 20381
27601 3713
27621 3707
27676 3599
27737 3507
27775 3488
27835 3009
27963 20082
28017 21108
28059 2502
28132 20996
28152 2396
28158 19786
28220 2319
28301 2585
28311 2568
28358 21051
28378 2460
28388 21009
28389 21006
28416 2417
28425 2404
28506 20677
28558 20845
28582 618
28609 570
28634 20751
28635 20752
28702 1921
28714 2106
28872 1752
29233 1227
29352 1045
29883 666
29966 20012
30302 43481
30303 43517
30309 43529
30361 43459
30423 43387
30529 43317
30534 43297
30566 43347
30662 43223
30713 37479
30730 29339
30735 37804
30800 37375
30807 29247
30809 37740
30810 37741
30820 43145
30838 43092
30839 37206
30841 43156
30846 37388
30847 37387
30854 43090
30921 37151
30924 37149
30949 43037
30972 43014
30973 43013
30976 37179
31039 37041
31042 37059
31070 37092
31073 47071
31083 42911
31088 37091
31131 42866
31132 42864
31141 16045
31156 42841
31233 36863
31336 42745
31404 36676
31432 36351
31471 36320
31484 27901
31531 42555
31548 36320
31549 36336
31583 36346
31613 36227
31634 35972
31639 42456
31688 42378
31751 42282
31870 27372
31871 42255
31966 35925
32024 42112
32046 42138
32052 42078
32068 35726
32094 42098
32126 41840
32135 41835
32160 42052
32194 42016
32207 41798
32225 41996
32231 41951
32267 41921
32298 41917
32302 41925
32411 41837
32433 25746
32434 25602
32477 18423
32509 41550
32711 41456
32720 34879
32725 34871
32727 41506
32778 34838
32779 34857
32892 34676
33095 25887
33130 41302
33132 41343
33139 34336
33153 24584
33159 34645
33208 34274
33254 34221
33255 34220
33358 34147
33369 34102
33512 40972
33526 33922
33554 33929
33584 45565
33594 6585
33784 40824
33785 40822
34001 22385
34009 33338
34020 33330
34147 40574
34191 33505
34371 23156
34433 32921
34608 22687
34619 23568
34648 33023
34649 33022
34754 32881
34810 40087
34866 33421
34888 32734
34897 33339
34898 23218
34899 23360
34924 23329
34981 6099
34989 33074
35001 22187
35024 32627
35031 33312
35045 23157
35058 33266
35090 32648
35101 32566
35108 33227
35129 32608
35140 32493
35144 32511
35145 32516
35207 39918
35228 21931
35234 32383
35239 33074
35302 22961
35350 21740
35356 32270
35393 39779
35407 32303
35423 32278
35426 32871
35497 3520
35499 32235
35503 39689
35533 32117
35550 21383
35577 32076
35579 21603
35663 31985
35689 21505
35735 32029
35773 22135
35806 31873
35811 31983
35812 31982
35815 22049
35838 21788
35950 21955
35989 32467
35990 21144
35998 20961
36013 21630
36057 32348
36066 39342
36071 21684
36093 32307
36100 32307
36118 21865
36137 31667
36138 31666
36140 20787
36180 31608
36241 20496
36262 20580
36275 31618
36397 31526
36413 31551
36653 31005
36692 21155
36821 20106
36829 31799
36837 20673
36843 20007
36855 20910
36870 31461
36887 20592
36996 20718
37006 19910
37011 20755
37038 20640
37102 20639
37110 20371
37153 19611
37156 167
37165 49059
37177 20456
37266 19974
37292 19953
37363 20125
37554 31428
37585 20117
37695 20199
37749 20134
37757 31236
37795 31030
37798 20080
37904 852
37927 759
37959 19894
37977 30978
38017 19565
38192 43521
38203 38190
38216 43647
38230 43633
38238 43405
38239 43454
38270 47315
38271 47314
38314 47262
38359 43523
38365 47226
38403 47163
38404 47182
38470 50318
38475 43145
38482 47304
38514 47094
38532 47077
38550 37344
38561 47046
38592 42990
38601 47056
38611 43007
38640 50145
38660 47036
38662 47025
38682 42791
38732 42717
38735 42814
38753 46950
38755 42779
38772 46928
38881 46817
38953 42508
38975 46756
39003 42499
39169 49766
39290 36516
39309 46425
39347 19204
39382 46427
39398 46421
39419 46246
39445 41951
39487 41950
39513 41751
39536 46295
39576 46179
39582 41729
39805 46011
39806 46012
39840 41448
39900 45969
39921 41810
39968 35162
40010 41397
40051 41590
40087 41303
40106 41124
40125 45756
40166 45827
40307 45678
40360 45565
40370 45662
40403 40748
40404 40747
40425 40748
40440 40860
40446 40748
40479 40821
40480 40857
40485 34112
40523 45488
40528 40742
40586 49734
40606 40657
40641 1438
40805 45276
40818 33718
40943 45176
41021 33482
41069 7820
41086 40168
41098 33530
41113 45021
41121 40122
41131 40060
41135 40065
41149 44991
41157 40041
41175 40066
41194 33399
41212 33363
41250 39968
41258 40002
41285 39917
41380 44878
41396 39918
41437 40238
41465 39717
41466 39716
41521 39694
41534 39674
41555 32309
41588 40082
41628 39987
41631 32806
41648 22173
41669 32136
41696 32754
41702 32937
41714 40032
41727 21505
41749 32693
41755 32647
41760 31998
41779 39501
41800 32580
41856 32549
41866 32522
41897 44544
41962 44476
42039 32236
42049 31558
42052 44454
42070 39300
42099 39748
42108 39248
42118 31535
42163 39179
42189 31871
42205 39079
42333 31099
42341 31310
42383 31729
42452 39360
42500 31071
42573 31574
42617 30927
42681 31219
42706 39232
42811 31373
42892 31458
42912 31435
42925 39207
43050 31227
43088 31006
43098 31147
43142 30983
43374 50385
43381 50346
43382 50345
43400 50332
43417 50309
43435 50313
43442 50274
43468 47242
43486 47259
43501 52197
43537 50203
43557 50172
43574 47093
43582 47275
43619 50137
43620 50136
43633 50122
43635 50120
43651 47030
43675 50092
43705 50058
43706 50056
43711 50043
43712 50042
43714 46976
43722 50029
43745 46952
43907 49882
43908 49883
43918 49887
43976 49795
43984 49803
44008 46605
44119 46519
44134 49683
44250 49470
44251 49469
44257 49566
44265 33799
44332 49496
44334 49396
44343 46158
44410 49337
44479 46060
44579 45969
44607 45950
44648 45894
44689 45858
44690 45857
44757 45769
44762 45721
44784 45703
44833 45645
44835 41142
44851 45629
44862 41101
44880 45602
44887 49027
44889 45597
44894 45581
44903 45659
44914 45552
44916 49067
44935 45544
44946 45603
44949 48968
44953 48897
44954 45523
44996 48958
45055 48891
45126 45252
45127 45251
45136 45422
45152 45395
45212 48763
45253 48723
45304 45232
45311 45230
45339 45433
45362 48653
45363 48654
45410 45158
45431 48571
45433 53408
45522 45084
45562 48492
45565 40090
45629 44923
45638 44918
45752 44772
45762 40237
45763 44767
45786 45106
45797 44779
45798 33232
45809 44743
45812 39730
45886 39870
45887 44708
45903 39618
45969 44681
46012 39612
46017 32646
46018 44638
46064 39846
46077 32601
46078 32600
46121 39829
46123 39478
46150 44517
46161 39424
46173 44551
46175 39774
46243 44528
46264 39289
46268 44709
46286 39243
46298 39323
46317 44308
46324 44367
46427 39148
46456 31800
46492 39469
46500 39460
46507 31626
46551 44224
46567 39261
46686 39037
46689 31117
46701 39231
46885 39017
46908 39072
46935 5400
46951 39093
46974 39049
46988 38964
46989 39046
46992 39007
47003 39005
47004 44247
47024 38986
47143 50470
47202 52227
47209 50292
47213 50397
47225 52207
47255 52264
47279 52175
47285 52162
47287 52163
47288 52164
47299 52159
47327 52232
47336 52142
47352 50132
47353 50131
47371 50258
47373 52114
47377 52108
47384 50100
47491 49836
47503 52042
47644 51919
47654 49990
47665 49754
47738 51834
47815 49565
47816 51780
47824 51714
47841 49402
47863 51698
47864 51697
48034 49267
48057 49221
48137 49210
48148 49086
48153 49100
48154 49071
48157 49085
48158 49084
48176 51532
48185 51512
48202 51476
48218 49089
48219 48994
48223 51498
48228 49046
48234 51429
48249 49050
48257 49087
48278 48962
48286 48949
48297 48927
48301 49035
48308 48916
48309 48917
48316 48910
48321 51449
48322 51447
48323 51448
48335 49013
48346 48868
48353 45617
48354 51399
48359 48953
48369 48856
48378 51377
48384 51387
48435 45628
48440 49011
48455 48760
48456 48759
48526 48697
48626 45139
48627 48517
48664 48491
48681 48474
48693 48460
48700 48730
48705 48554
48740 45379
48746 45342
48788 44981
48789 44982
48826 48415
48849 48440
48862 44949
48881 51065
48902 48343
48907 44876
48909 44865
48910 44864
48928 48356
48941 48293
48959 44761
48962 39824
48975 44792
49062 44696
49067 44654
49077 44856
49091 48249
49093 44676
49135 44831
49137 39841
49142 48124
49162 44573
49163 48395
49169 50877
49171 48137
49179 44560
49182 48128
49193 44542
49223 48331
49225 48072
49245 48318
49246 47995
49247 50836
49248 44442
49253 44436
49275 44337
49297 47888
49314 47905
49320 48021
49324 47868
49339 44628
49349 47872
49351 44385
49363 47854
49375 47848
49392 44265
49450 47915
49451 47914
49507 39320
49620 44377
49633 44300
49815 44226
49818 47933
49875 44161
49933 53582
49947 52267
49957 53583
49993 53526
49998 53533
49999 53532
50021 53510
50022 53511
50032 53506
50050 52228
50052 52135
50059 52137
50085 53463
50093 52085
50150 52021
50275 51903
50276 51904
50287 51900
50307 53245
50316 51942
50317 49651
50325 51842
50347 51810
50372 53192
50392 53235
50404 51698
50405 51697
50481 51662
50489 51644
50538 53147
50546 51726
50565 51566
50568 51616
50600 51521
50601 51519
50652 53065
50655 51510
50656 51532
50671 51492
50675 53028
50678 51479
50691 51429
50706 51434
50718 51464
50722 51425
50732 51383
50738 51375
50743 52973
50752 52967
50767 51377
50771 51387
50800 51413
50826 48787
50986 48727
51011 51152
51043 51109
51044 51107
51051 51102
51056 48693
51090 52758
51115 51099
51126 48387
51135 51044
51136 51045
51137 51039
51150 48385
51154 48328
51155 48329
51165 51027
51234 48243
51235 50970
51237 50977
51281 48156
51300 48145
51316 48140
51322 48279
51333 48136
51341 51016
51343 50853
51344 50852
51345 48107
51353 48099
51358 48064
51362 50836
51364 48084
51464 50803
51467 50928
51490 48120
51511 48074
51513 50717
51516 48093
51531 48058
51592 50857
51597 47794
51655 47842
51686 47939
51712 47971
51714 40456
51718 47955
51725 47876
51727 47860
51744 50714
51745 50713
51753 50749
51779 47916
51841 53576
51843 53575
51847 53587
51848 53586
51851 53563
51855 52309
51870 54471
51872 53553
51873 53552
51884 54463
51885 54462
51889 53508
51900 54446
51906 54444
51907 54445
51911 53487
51916 53534
51929 53473
51943 54418
51959 54403
51981 54386
51997 53410
52044 53359
52047 53345
52050 53335
52060 54339
52160 54254
52240 53133
52252 53108
52263 53091
52266 53096
52309 53035
52345 54143
52350 53048
52375 53017
52380 52972
52384 52995
52385 52996
52416 52966
52434 51424
52456 54054
52467 52955
52496 52857
52499 52866
52514 52859
52515 52858
52516 53995
52532 52824
52539 52831
52541 52820
52559 52811
52561 52916
52578 52786
52671 52707
52684 50995
52698 52699
52700 51111
52715 50961
52729 48399
52748 50921
52763 52649
52765 50904
52766 50903
52777 52614
52786 50889
52789 50988
52807 52585
52813 52549
52824 52613
52835 50826
52842 50925
52860 52589
52868 50938
52871 50791
52876 50734
52881 52544
52884 50777
52889 52537
52893 50888
52900 53790
52907 50908
52944 50693
52950 50784
53058 50782
53127 54486
53129 54484
53133 54512
53159 54443
53198 55041
53265 54339
53334 54936
53335 54937
53372 54197
53439 54126
53460 54135
53468 52965
53475 54842
53480 54078
53487 54840
53489 54076
53525 54807
53529 54003
53572 53985
53581 53970
53583 53966
53584 53967
53597 53946
53615 52861
53620 54725
53636 52860
53657 52753
53658 52752
53659 53903
53709 52683
53767 52708
53777 53877
53830 52521
53848 53800
53866 50814
53967 52509
53981 53768
54023 55422
54026 55086
54092 55014
54103 55002
54119 55357
54120 55356
54228 54838
54238 54824
54330 53945
54342 54724
54406 53847
54414 54708
54415 54707
54420 54614
54432 54631
54439 54618
54460 53845
54462 54664
54571 55682
54657 54928
54661 55307
54664 55305
54739 55550
54740 54766
54759 55214
54760 55213
54812 54654
54816 54701
54829 54656
54893 55823
54894 55822
54905 55814
54937 55789
54997 55756
55005 55547
55017 55536
55022 55528
55045 55200
55054 55176
55055 55175
55159 55759
55160 55758
55196 55524
55212 55507
55238 56025
55243 56017
55298 55753
55359 55981
55384 55857
