2462
273 30460
349 19097
351 30735
402 19727
414 19438
433 30542
434 30629
697 18674
773 19284
829 18952
1040 30134
1103 29863
1164 18640
1232 17939
1248 30170
1327 30036
1335 30086
1402 29684
1430 30032
1444 29633
1457 18363
1462 18362
1501 18301
1534 18252
1550 29915
1610 18452
1645 17316
1681 29771
1685 18120
1742 18029
1750 18006
1848 17815
1853 29729
1934 17757
1988 29373
2313 16699
2579 17058
2588 16961
2650 16892
2771 16819
2789 29113
2790 29112
2829 16710
2863 17203
2883 29055
2891 29078
2937 28834
2946 28862
3127 16433
3128 16432
3130 37404
3145 16163
3182 16269
3183 16268
3221 29161
3271 16222
3404 28603
3580 15835
3584 28482
3593 8468
3631 15570
3703 15373
3794 15757
3911 15521
3933 15484
3959 15629
4004 15361
4043 28000
4047 15524
4083 28283
4204 802
4206 28190
4213 28179
4269 15020
4335 14955
4467 14452
4481 27837
4483 14854
4560 27975
4575 14727
4576 14728
4584 14719
4599 27936
4621 14649
4638 27884
4666 27928
4667 27929
4684 14570
4730 27655
4731 27654
4897 14352
4968 36561
4995 14077
5015 14231
5051 14198
5090 38592
5136 13880
5221 13944
5273 14292
5297 14249
5398 13899
5438 14524
5515 13800
5516 13799
5603 13576
5732 27306
5752 13792
5766 27279
5774 27070
5958 14059
6010 12840
6138 13868
6355 12994
6359 13868
6368 12922
6503 26648
6601 13399
6617 12757
6748 12239
6920 11977
7066 11504
7126 12176
7150 12064
7234 11657
7253 20215
7348 11531
7353 26138
7354 26137
7372 35777
7390 11882
7391 11883
7395 11838
7620 11850
7730 11019
7821 25998
7822 25997
7860 25960
7984 11208
8021 3979
8077 11899
8087 11075
8114 3979
8196 10841
8284 10554
8302 10841
8434 10370
8740 25426
8793 34934
8808 10006
8880 9943
9097 25459
9098 25458
9277 25142
9313 9484
9326 10244
9372 9619
9518 24876
9528 24786
9529 24785
9610 24880
9611 24879
9726 10091
9743 9529
9814 9421
9833 10691
9876 25065
9900 8751
9984 9394
9985 9393
10047 9210
10048 9209
10269 9559
10303 24474
10379 8353
10501 9287
10553 23978
10557 4335
10584 8096
10599 23945
10603 8570
10681 24189
10777 7659
10836 24074
10906 7708
10924 24421
11053 23952
11069 7261
11084 23933
11128 8787
11129 8866
11130 8902
11140 23770
11192 8121
11284 8714
11285 8713
11292 7315
11293 7314
11345 8635
11359 8635
11373 7859
11436 8541
11537 23625
11552 8434
11555 7498
11655 6356
11707 8252
11863 6405
11906 7080
11927 8025
11928 8026
12013 7935
12152 7800
12212 23150
12244 6704
12259 7677
12322 7597
12349 23087
12358 6009
12382 6554
12386 7619
12387 7620
12464 5989
12513 22919
12522 5822
12531 7481
12572 7573
12576 5458
12676 22832
12680 22821
12741 7479
12764 6003
12770 5565
12771 5564
12837 22658
12843 22887
12847 23896
12902 22691
12950 5398
12951 5397
12976 22797
13069 4945
13131 22735
13206 6855
13255 5268
13288 5224
13299 4975
13345 5630
13349 4921
13374 22383
13376 22382
13385 4867
13416 5484
13438 780
13480 4491
13508 22307
13526 22703
13599 22782
13608 4384
13625 5811
13651 6469
13771 4998
13829 6291
13855 22192
14021 4745
14084 5926
14087 4832
14165 21921
14166 21920
14254 4715
14285 5708
14289 6079
14295 21734
14306 32240
14332 4482
14382 5972
14424 4499
14491 27653
14528 4263
14547 5390
14559 4262
14637 3033
14693 21490
14718 5190
14780 21430
14782 4105
14793 5147
14794 5146
14809 5515
14937 3037
15056 3748
15187 4675
15188 4682
15228 4644
15273 21824
15331 4560
15611 3273
15612 3272
15628 3312
15882 3258
15896 3137
15916 4344
15922 21641
15959 4154
15961 4306
16047 3368
16102 2932
16167 3299
16231 3888
16318 4042
16344 1318
16359 20567
16364 3998
16657 1089
16853 944
16939 884
17095 1850
17156 3042
17203 1867
17269 3362
17338 3095
17347 464
17403 427
17469 21032
17504 2962
17555 2882
17653 1407
17700 2838
17781 2761
17816 20591
17881 1912
17923 2414
18047 1621
18172 2321
18226 2407
18352 940
18377 2231
18479 1245
18503 1178
18511 672
18558 2011
18568 1986
18609 38865
18715 1349
19181 38754
19186 19702
19243 30717
19263 30758
19317 30424
19318 30443
19351 38668
19356 30617
19379 30606
19392 30350
19400 30596
19409 38639
19452 30559
19466 30579
19510 30242
19522 38348
19543 30501
19558 30448
19571 30422
19577 30412
19593 30401
19594 30396
19627 19140
19642 38319
19643 38534
19646 30219
19655 19361
19682 30403
19691 30425
19709 30123
19727 30109
19753 38223
19766 30326
19769 18824
19819 18766
19835 18557
19852 30119
19864 30073
19895 30082
19925 30050
19932 29992
19935 43576
19943 29956
19946 38186
19966 29954
19967 29953
19979 29990
20018 29866
20077 29817
20113 30025
20122 29796
20140 18305
20145 18323
20146 18322
20165 29764
20169 29756
20175 29980
20194 38043
20196 37791
20215 29918
20219 29916
20240 29884
20269 29860
20299 37965
20360 29560
20408 37892
20462 29110
20501 29483
20529 29407
20532 29446
20581 29358
20612 29404
20614 29352
20615 37718
20617 29394
20682 29538
20700 17058
20758 37438
20808 29180
20930 37311
20969 29010
21009 28981
21026 37416
21039 16940
21117 28847
21122 28690
21128 29145
21153 37181
21154 37180
21204 37185
21220 37309
21282 16456
21291 37050
21374 37057
21487 28372
21489 15196
21553 37024
21612 15871
21614 28235
21689 36822
21690 36821
21693 28149
21736 27911
21738 36847
21739 36848
21758 36853
21791 36822
21792 36821
21798 27853
21803 27853
21811 36796
21852 27986
21863 27974
21872 36789
21901 27758
21902 36822
21929 36751
21982 27675
22094 27766
22126 27724
22243 14346
22379 27887
22402 27747
22417 27820
22456 27380
22489 13608
22536 27304
22553 36388
22626 27212
22739 36074
22784 26825
22810 36070
22874 35952
22901 26987
22909 26999
22967 26895
22993 26634
23000 35896
23100 26847
23140 8888
23159 35673
23209 35774
23256 35667
23257 26579
23279 26904
23282 26606
23330 35795
23335 26533
23396 26426
23424 12019
23465 35529
23469 11530
23477 12486
23507 35593
23542 26093
23659 24856
23717 25886
23790 11565
23806 26029
23857 26435
23885 11917
23931 25862
24030 11354
24177 25506
24204 35059
24252 9866
24274 34995
24333 34957
24359 34965
24387 10288
24394 10695
24425 10628
24465 25524
24476 25243
24507 7507
24539 25574
24540 25573
24636 25013
24637 25012
24680 25251
24833 25123
24841 25128
24845 9412
24877 9414
24931 9289
24944 24634
25014 25034
25040 9281
25100 9638
25153 34090
25225 24664
25256 9380
25268 9345
25281 25052
25282 25051
25316 25133
25348 34136
25378 24719
25412 33906
25416 34041
25429 34085
25438 34032
25472 24852
25573 33832
25601 33871
25604 24816
25622 33862
25713 24298
25731 24782
25769 23840
25818 7921
25827 24229
25884 24047
25920 24007
25957 33724
25960 23951
25990 33878
25994 23528
26000 33529
26039 23585
26066 24435
26069 33490
26072 7353
26149 23297
26150 24385
26151 24383
26179 24366
26223 8113
26264 24300
26276 23344
26278 23798
26305 33474
26325 24247
26373 23446
26383 6286
26388 23645
26412 23309
26442 23823
26444 23165
26486 23343
26489 23976
26521 23106
26541 23057
26550 23431
26553 24106
26579 33239
26620 33214
26645 33441
26654 23305
26688 33130
26756 23858
26771 22873
26798 22833
26818 22827
26903 32879
26910 22911
26913 23332
26916 23302
26939 32793
26958 32950
27013 32761
27022 23470
27050 22585
27066 22368
27094 22910
27113 32997
27140 32645
27174 22897
27194 6421
27237 33047
27286 33435
27290 6332
27303 32797
27308 32479
27320 23386
27366 23340
27380 22488
27390 23168
27510 22612
27511 22611
27564 22460
27591 6064
27601 6067
27621 6011
27655 21165
27674 4499
27676 5964
27701 21630
27738 22256
27771 5818
27835 22785
27880 22063
27920 22692
27963 21582
28017 22541
28089 21411
28133 21371
28145 21849
28154 22686
28158 31896
28181 22491
28215 32859
28261 3541
28301 22456
28311 22449
28322 23253
28358 22412
28385 22308
28387 21633
28388 22370
28389 22306
28397 22238
28416 4523
28433 22441
28492 21470
28515 22288
28526 22260
28540 4356
28568 3879
28582 21392
28592 21386
28599 4395
28609 21342
28634 22158
28656 21216
28658 3761
28661 22219
28702 4124
28714 4276
28770 20863
28885 21034
29144 20645
29154 3053
29220 3402
29233 21578
29249 3280
29250 3279
29285 3225
29352 21465
29445 20621
29605 20542
29641 2577
29644 2555
29676 20835
29957 1643
29995 20579
30004 20426
30056 1158
30083 12164
30098 1399
30264 43930
30321 43878
30347 43873
30358 43912
30359 43911
30395 38711
30448 38634
30465 43783
30505 38574
30529 38583
30555 30514
30566 43742
30568 46634
30569 38557
30578 38552
30603 30589
30614 38529
30642 38460
30643 38459
30660 38270
30662 38461
30670 38550
30681 38539
30682 38439
30702 43720
30730 30403
30731 38604
30733 38397
30788 38359
30795 43735
30803 38443
30810 30332
30831 38604
30883 38369
30896 43683
30924 38218
30949 43613
30951 38177
30954 43586
30965 43581
30985 38187
30998 38179
31024 38132
31042 38117
31051 43504
31073 43433
31141 29913
31142 29912
31149 38033
31166 43507
31185 37991
31214 37929
31257 37721
31264 37863
31296 37738
31357 37709
31365 43269
31397 43207
31398 43206
31402 37740
31426 43248
31472 29414
31514 37609
31515 37610
31583 16460
31586 37530
31616 43183
31637 28697
31671 43011
31876 37163
31907 37026
31979 37126
32007 42799
32013 42793
32024 42751
32036 36982
32038 42763
32052 42868
32066 42821
32107 36908
32123 42790
32126 42807
32127 42849
32135 42802
32152 36767
32159 42748
32160 42749
32189 36758
32194 42738
32207 36817
32225 42717
32226 42716
32302 42614
32334 42646
32390 36728
32411 42559
32433 36580
32434 36579
32485 27960
32491 27948
32565 42440
32601 27849
32655 36276
32683 27688
32699 27639
32719 13136
32722 36129
32725 42379
32727 42437
32738 36504
32784 42310
32816 36260
32830 36125
32838 36313
32842 36188
32848 35988
32892 36168
32951 42162
32956 36046
32973 42151
32995 35916
33051 35927
33093 36069
33095 27127
33099 42013
33139 35880
33140 35879
33179 35605
33180 35606
33205 26705
33230 35780
33239 35786
33254 35757
33255 35756
33282 35737
33308 35665
33323 41849
33338 35642
33339 35643
33344 46244
33357 35619
33358 35639
33388 41820
33403 41807
33411 35562
33438 35653
33518 26483
33544 41745
33551 35336
33554 35438
33573 41666
33584 46043
33602 35406
33607 26308
33687 35513
33790 41581
33832 25937
33892 34916
33893 34915
33896 35296
33900 41458
33904 25836
34009 34912
34020 41453
34125 41265
34160 34576
34252 34798
34260 25647
34283 41204
34291 41211
34328 41187
34371 34719
34467 13071
34472 34134
34501 34862
34532 41099
34594 34763
34619 34748
34620 25080
34632 41014
34633 41013
34648 34189
34664 40960
34718 41055
34774 34055
34781 34690
34782 34689
34783 40895
34810 45521
34855 24738
34866 34583
34867 33928
34897 24710
34920 24666
34931 34526
34952 40758
34990 34449
35001 34073
35024 40722
35045 8537
35058 34376
35120 33723
35134 34291
35145 33643
35159 33549
35160 33548
35171 33828
35175 34207
35213 34205
35228 33806
35230 34002
35234 40513
35275 24283
35350 33661
35355 33516
35356 33375
35369 24121
35372 33244
35393 40382
35407 33464
35429 24232
35461 40320
35497 33616
35499 33087
35511 33274
35533 33179
35550 33164
35555 23774
35575 33963
35576 40332
35579 33383
35584 33080
35588 33011
35594 33100
35612 32986
35615 23783
35629 40203
35634 40249
35650 32937
35660 32969
35666 33116
35682 33137
35689 33493
35693 33314
35709 23843
35729 23712
35735 33224
35750 40154
35753 23791
35762 40145
35771 40147
35773 23621
35774 40198
35786 32908
35787 32907
35788 33041
35806 32890
35811 33166
35812 33165
35823 33262
35827 33084
35854 33617
35859 32697
35943 23389
35957 33494
35961 32883
35975 32631
35989 33451
35998 22768
36006 32495
36007 32804
36013 23136
36014 33409
36015 33410
36026 32996
36029 32794
36048 23318
36056 33379
36057 33380
36066 32401
36067 33358
36084 33341
36140 32706
36165 33374
36168 32802
36188 32621
36267 32647
36275 32581
36301 32668
36314 22953
36330 32580
36363 33192
36388 39762
36413 32506
36415 32458
36525 21994
36546 21968
36556 31894
36613 22706
36624 31997
36653 31744
36661 32286
36662 32287
36685 22641
36697 31851
36760 32222
36779 31851
36786 32319
36788 32650
36816 32091
36821 32131
36829 32650
36830 32649
36832 31579
36834 22308
36843 32033
36855 32648
36877 31996
36879 31983
36887 22045
36888 22044
36920 31535
36924 39700
36949 31481
36958 31876
36962 32019
36980 32576
36983 31634
37006 31961
37023 31608
37038 22090
37065 33311
37077 21947
37084 32176
37145 32118
37161 31684
37177 32341
37184 32095
37223 39090
37234 31467
37266 32028
37282 31438
37283 31437
37284 31598
37288 31205
37292 32008
37295 21796
37303 32260
37363 32089
37434 32047
37435 32046
37436 31064
37462 31627
37469 21662
37472 31020
37479 32162
37506 21634
37515 38852
37518 32147
37527 38856
37549 31042
37554 32109
37602 31502
37613 31461
37656 38893
37713 31496
37729 31359
37743 31470
37752 31343
37783 31836
37795 31751
37798 21211
37849 31696
37906 31510
37907 31506
37911 20825
37952 20640
37970 20611
37985 20396
37988 12164
37989 20583
37990 31520
38009 20815
38010 20823
38011 20824
38155 50486
38214 47688
38239 47734
38270 43933
38271 43932
38284 47620
38314 43876
38352 47565
38353 47595
38376 47563
38396 43806
38404 47625
38470 47629
38471 47525
38481 43719
38482 43786
38486 38324
38495 47491
38509 47415
38513 43684
38514 43683
38521 47536
38538 38236
38539 38333
38546 43721
38552 43652
38572 47503
38592 43592
38602 43617
38614 38244
38621 47467
38662 43563
38682 43517
38703 43518
38706 38125
38735 47314
38755 43455
38756 43498
38762 43459
38764 43458
38772 43428
38795 47282
38799 43403
38821 47245
38849 43436
38856 43335
38881 47273
38883 43270
38906 49188
38910 47258
38911 47257
38953 43201
39003 43219
39043 43136
39286 37283
39291 37282
39302 46957
39343 42909
39354 46918
39382 46899
39384 46907
39385 42741
39398 46878
39424 46858
39478 46829
39513 42697
39548 46740
39576 42606
39655 46671
39736 46598
39771 42328
39828 46566
39884 46546
39889 42313
39928 46495
39949 42163
39954 42248
39959 42255
40051 42296
40071 36119
40085 42106
40105 41990
40106 41989
40111 46348
40124 46379
40125 46400
40132 41956
40139 46338
40166 46268
40182 41988
40227 46207
40235 42020
40269 41954
40272 35414
40299 46156
40308 41743
40340 42027
40342 41811
40343 41810
40360 46043
40371 41756
40382 41926
40395 35663
40523 49153
40564 41458
40591 41464
40612 35273
40641 8506
40660 45918
40666 41266
40683 41265
40781 45788
40786 45766
40790 41533
40805 45752
40855 41005
40920 41099
40943 41220
40958 45638
40962 41197
40963 34779
40980 34770
40985 34875
40988 41003
41000 34733
41009 45608
41010 41317
41011 41316
41015 34886
41019 40967
41026 40907
41037 34749
41042 41310
41080 40875
41098 34641
41113 45505
41131 45498
41132 45503
41133 40869
41149 45485
41175 45429
41191 34484
41194 34481
41201 41157
41216 41035
41228 41138
41239 40909
41240 40908
41258 40830
41268 45393
41284 45380
41288 40578
41316 34229
41317 34228
41320 41071
41333 34225
41350 41033
41356 40649
41361 34220
41380 45268
41383 34185
41396 40461
41407 40720
41437 40930
41460 40754
41463 33817
41501 40605
41521 45228
41525 45216
41534 40407
41542 45159
41549 40533
41555 33597
41564 40306
41583 40406
41586 33616
41588 40803
41625 40326
41626 40325
41633 40336
41637 40809
41651 40476
41661 45098
41669 33391
41675 40775
41683 40769
41712 40225
41714 40736
41720 40459
41726 40732
41727 33493
41742 40429
41749 33699
41753 40379
41760 45185
41779 40211
41785 44967
41798 40179
41800 33636
41834 40274
41847 40218
41864 40043
41866 33542
41867 33541
41875 33386
41892 40011
41895 40484
41896 40483
41929 40109
41943 40138
41951 40117
41962 44842
41968 32384
42001 44889
42020 33236
42025 40111
42048 39794
42049 40066
42070 40065
42092 44559
42118 40033
42125 32542
42129 39676
42130 39982
42163 39776
42170 39954
42201 39935
42234 33064
42274 44684
42293 44675
42306 39467
42309 32991
42321 39820
42333 39596
42340 44736
42403 44802
42405 44786
42406 44785
42409 39827
42410 44760
42433 44865
42435 44733
42452 44892
42455 32250
42458 44754
42482 39975
42500 39587
42507 39898
42511 32426
42527 39876
42540 39201
42561 44678
42567 39207
42573 32417
42579 39166
42587 44338
42590 32394
42594 32383
42617 39457
42756 32208
42760 39220
42788 39664
42811 32213
42812 32237
42854 44090
42855 44091
42868 39714
42870 26030
42887 32142
42888 38852
42890 38845
42891 38844
42892 32147
42901 44491
42912 32096
42952 39202
42969 39036
43027 39229
43050 39509
43082 31019
43087 39074
43098 31774
43208 31320
43248 39324
43270 31143
43279 39031
43295 39089
43299 38836
43368 47693
43375 50456
43381 50492
43387 50440
43388 50439
43408 47648
43417 47695
43434 47732
43435 50435
43442 47703
43446 43943
43460 47691
43468 47672
43470 43886
43476 47660
43486 50369
43491 47551
43519 50325
43565 43784
43566 47619
43569 47514
43574 47559
43582 47590
43600 47518
43611 47503
43612 47502
43615 50339
43619 47490
43620 47489
43631 47420
43643 50285
43649 47460
43655 47378
43661 47511
43666 50307
43675 50269
43692 47419
43695 47412
43698 50188
43710 43440
43711 47397
43714 47398
43719 43569
43722 50268
43740 50237
43777 50219
43785 47326
43792 47302
43793 47301
43845 47319
43868 47317
43912 50049
43918 50093
43925 47096
43955 50007
43956 50008
43976 47049
43998 47079
44001 47019
44008 47018
44009 47016
44039 43047
44062 51910
44069 51906
44089 47014
44131 46972
44133 46896
44190 49919
44233 46885
44234 46884
44257 49810
44270 46822
44271 46887
44281 49829
44332 49750
44334 49814
44348 49773
44354 49772
44358 49753
44395 46682
44405 42722
44408 46719
44410 46735
44479 46676
44496 49648
44515 46634
44516 46633
44542 49639
44581 46686
44591 46675
44607 46577
44644 49530
44646 49529
44666 46521
44682 49580
44688 46470
44689 46497
44690 46496
44738 46410
44749 49436
44757 46409
44759 49449
44762 46378
44784 46353
44787 49432
44790 46363
44804 46229
44809 49484
44812 42192
44813 42191
44848 42149
44851 46287
44867 49287
44880 46265
44888 49272
44889 41855
44894 46255
44910 41664
44914 46222
44927 46215
44935 46213
44954 46179
45000 41712
45016 49344
45046 49109
45055 49149
45099 45854
45118 49154
45122 49046
45126 45921
45127 45920
45146 45934
45212 49027
45303 41507
45311 48974
45339 45940
45363 48917
45371 41305
45392 48860
45393 48861
45400 48915
45410 45657
45412 45656
45431 48890
45482 45735
45493 45543
45522 48821
45554 41247
45555 45537
45562 48823
45565 45647
45567 45488
45601 45734
45605 45579
45610 51131
45620 41148
45621 41147
45625 41146
45629 48780
45630 45463
45631 45462
45638 45417
45649 45530
45676 27307
45684 45366
45695 41024
45697 41023
45698 41022
45709 45451
45723 48673
45727 45427
45752 45262
45753 45261
45762 40933
45763 45254
45767 45567
45778 45279
45786 45558
45795 45222
45797 40628
45809 48614
45812 40499
45833 45188
45836 40847
45840 45365
45866 45496
45867 45497
45884 45186
45887 48586
45903 45162
45917 40603
45936 45484
45937 45483
45962 40761
45995 45387
45998 45201
46017 40666
46018 45194
46026 45367
46060 45026
46065 45338
46069 40564
46071 48417
46078 40619
46097 48383
46109 48499
46122 45281
46123 45020
46136 33613
46151 40003
46169 40492
46174 44978
46175 45232
46181 44847
46209 44976
46232 44955
46235 45248
46260 40123
46264 44958
46268 45143
46269 44944
46273 48315
46275 44928
46285 48247
46286 44932
46298 44903
46303 40355
46317 44699
46318 44909
46324 44718
46325 44717
46349 44895
46388 44792
46427 44736
46456 40057
46490 44865
46491 44968
46507 39956
46511 40001
46533 39926
46538 44914
46551 44603
46567 39876
46574 48226
46575 44444
46581 39869
46587 44289
46592 47954
46609 44277
46615 47935
46618 44312
46637 44453
46648 44685
46655 44211
46672 44439
46683 39722
46686 39637
46689 39626
46692 44438
46701 39807
46702 39806
46744 44384
46745 44383
46762 39119
46780 44360
46784 44067
46788 44330
46807 44325
46841 39584
46850 44146
46873 39517
46885 44564
46897 44556
46942 44485
46971 39400
46974 39415
47003 39362
47046 39027
47054 44340
47060 39268
47171 50480
47187 52225
47192 50453
47213 50474
47237 50417
47250 47677
47255 50443
47256 50442
47264 50419
47279 52155
47287 52158
47288 50372
47301 52147
47302 52148
47305 52144
47316 52121
47325 47600
47326 50397
47327 50396
47332 50388
47333 50387
47339 47589
47350 47558
47352 50334
47353 50333
47363 47542
47365 47546
47371 47541
47373 50329
47398 50244
47412 52088
47417 50282
47426 47409
47429 52041
47436 50245
47439 50290
47447 50232
47459 50286
47475 52027
47476 52026
47512 52022
47513 50094
47517 47318
47524 47304
47526 43369
47537 50191
47542 50135
47619 50061
47636 50055
47644 51914
47651 49971
47653 47183
47654 47184
47706 51901
47724 51902
47748 49944
47791 49892
47813 49785
47816 51816
47817 51822
47825 49834
47841 49820
47850 51780
47851 51779
47857 49784
47873 49747
47874 49746
47880 49733
47927 49693
47930 49706
47951 49676
47992 49646
48013 49748
48034 49671
48043 46677
48044 46693
48045 46691
48050 46657
48059 49573
48072 49572
48082 49591
48097 49581
48099 49678
48114 49583
48124 46513
48137 49452
48153 49508
48176 51512
48193 49468
48202 51472
48219 49427
48231 49286
48232 49285
48234 49418
48267 49394
48276 46283
48278 49381
48286 49374
48304 51425
48308 49355
48309 49356
48312 49244
48321 51430
48330 49227
48354 49200
48378 49173
48409 51396
48420 49153
48422 51393
48435 46173
48449 49178
48456 49185
48515 51368
48533 49234
48540 46018
48605 49147
48626 48988
48627 48941
48634 48929
48673 45841
48691 45868
48693 48883
48700 49047
48715 41386
48724 51209
48737 51152
48746 45806
48756 48813
48805 45728
48806 45729
48814 48762
48821 48844
48826 48756
48847 48811
48850 48659
48862 45465
48881 51088
48887 48878
48902 48666
48907 45472
48912 45622
48914 45607
48922 48812
48928 48580
48939 48638
48941 48619
48947 48729
48949 48578
48962 45401
49026 48692
49046 48493
49050 45456
49063 48470
49088 48437
49093 45234
49095 48539
49097 48585
49102 48418
49107 45308
49113 48515
49129 48475
49134 48571
49135 45282
49143 48512
49151 50883
49159 48521
49161 48434
49162 48466
49163 48667
49171 48446
49182 48429
49193 48423
49195 45019
49223 48616
49225 48424
49228 48265
49234 45152
49236 48430
49245 48593
49246 48276
49248 48387
49253 48373
49258 44925
49262 48202
49263 48201
49265 50787
49266 50786
49270 50798
49275 44652
49280 44887
49284 48243
49293 48216
49297 48190
49299 50785
49313 48328
49314 48193
49325 48167
49339 45032
49340 48179
49342 48295
49346 45012
49362 44762
49371 44995
49373 48120
49392 48164
49425 48133
49435 44865
49440 44983
49443 48188
49450 48187
49471 48367
49473 48006
49476 50811
49491 50624
49492 48362
49501 48285
49508 47947
49523 48322
49532 50602
49542 47924
49552 50598
49570 48057
49609 48001
49621 44689
49633 48184
49643 50526
49670 48028
49684 44207
49690 47960
49709 47850
49719 47915
49753 44122
49781 44546
49791 44446
49815 48079
49951 52195
49956 53460
49957 53461
49977 52205
49992 53444
49993 53445
49997 53417
50019 52189
50021 52147
50034 52160
50043 50390
50049 53414
50051 52118
50052 52119
50053 52140
50054 52139
50058 52114
50085 52100
50089 52088
50093 52079
50098 52106
50099 54281
50102 50304
50108 53355
50133 52059
50137 52005
50146 52082
50150 52039
50164 50198
50174 50205
50175 50204
50197 53299
50225 52016
50233 52014
50244 50053
50266 53246
50270 53222
50275 51894
50276 51895
50307 51902
50317 51941
50337 51870
50347 51862
50349 51832
50353 51832
50374 53162
50382 51778
50383 51785
50392 53168
50404 51797
50405 51796
50409 53141
50443 49839
50457 51752
50458 53137
50498 51711
50525 51746
50538 51611
50546 49707
50550 51605
50556 51630
50557 51629
50588 53021
50601 51581
50604 51569
50621 51539
50625 51590
50635 49495
50639 51535
50652 52984
50654 51503
50656 51512
50663 51496
50671 51485
50691 51523
50702 52944
50706 51438
50718 49425
50722 52920
50732 51464
50738 49307
50789 52887
50790 49342
50800 49303
50889 52810
50905 52817
50916 51249
50951 52758
50972 52764
50980 51223
51011 51191
51014 52747
51018 52744
51019 51186
51041 51213
51043 52709
51044 52698
51051 51138
51076 51112
51090 52676
51093 52666
51098 52650
51099 51245
51100 48930
51112 51239
51113 51088
51117 48809
51118 51239
51119 51105
51120 51104
51135 51073
51136 51074
51137 52653
51140 51157
51141 51156
51142 48812
51154 48718
51155 48719
51156 51203
51157 51202
51165 51054
51166 51022
51176 52617
51183 51099
51185 52611
51194 51082
51218 51159
51225 48748
51229 48597
51230 51110
51234 51042
51235 51045
51257 51033
51262 50979
51284 48657
51300 50981
51305 50889
51308 51107
51316 50949
51323 52519
51341 52636
51343 52497
51344 52496
51345 50911
51353 50906
51358 50917
51384 50787
51386 50847
51388 50827
51391 50822
51392 50821
51404 50969
51419 48490
51425 50742
51432 48519
51464 50830
51467 50935
51487 48410
51490 48388
51491 48386
51497 48379
51499 50802
51500 52491
51509 48374
51529 50863
51530 50864
51531 48327
51534 50712
51544 52446
51546 52355
51549 48305
51574 50593
51600 52318
51601 50685
51608 50638
51609 50677
51616 52303
51623 50665
51624 52291
51643 50828
51649 52285
51669 50651
51670 50650
51684 50776
51686 48154
51708 50559
51712 50744
51718 48131
51723 50715
51724 50714
51740 50546
51744 50693
51745 50692
51753 50705
51847 53466
51848 53465
51860 54329
51861 54328
51863 53471
51865 53472
51870 54336
51872 54322
51873 54321
51882 53434
51885 54324
51911 53407
51914 54305
51915 54306
51916 53421
51926 53396
51929 53394
51935 53386
51937 52125
51943 53374
51946 54281
51981 53352
51996 53313
52021 53273
52029 54231
52031 53265
52039 53260
52044 53258
52050 53251
52052 51993
52057 53296
52059 53238
52065 53222
52069 53233
52073 51972
52082 53221
52103 54202
52144 54166
52153 53171
52162 54151
52167 54134
52173 53134
52190 53126
52211 51794
52249 53064
52250 53118
52259 53056
52260 53055
52263 53084
52292 53014
52302 54043
52315 53052
52319 53051
52320 52992
52345 52974
52358 54012
52366 54004
52375 52998
52379 53996
52380 52982
52381 53978
52382 53977
52384 52927
52385 52928
52399 52910
52409 52894
52413 53962
52434 51462
52455 53922
52456 53921
52464 53928
52491 52783
52512 53871
52514 53870
52515 53869
52516 53889
52524 52788
52525 52787
52530 53937
52532 52782
52535 53868
52539 52762
52540 53860
52541 53859
52544 51334
52559 53839
52563 53845
52571 52743
52572 53834
52578 52729
52614 51201
52615 51200
52638 52634
52641 53764
52665 51216
52666 52668
52669 52635
52671 53763
52675 52660
52684 52656
52687 52741
52693 52711
52695 51129
52698 52590
52703 52647
52710 52701
52712 52572
52723 51108
52747 53703
52748 52596
52753 53689
52757 53677
52763 52568
52765 52559
52769 53666
52776 52567
52777 53655
52802 52477
52804 52445
52809 52478
52820 52488
52824 52509
52825 52508
52834 52443
52835 52498
52840 52494
52845 52420
52846 52432
52854 52454
52860 52483
52861 50928
52870 52408
52871 50820
52883 52466
52884 52467
52885 52465
52886 52470
52893 50894
52902 52380
52907 50900
52913 52429
52917 52399
52941 50886
52943 52405
52944 52404
52960 52379
52985 52281
52987 50667
52993 52274
53060 50683
53067 50704
53077 52374
53078 52373
53084 52367
53134 54912
53140 54903
53144 53462
53159 53413
53167 54300
53172 54302
53178 54878
53181 54289
53189 54868
53202 54855
53244 54842
53261 54824
53265 54225
53269 54814
53301 54177
53314 54169
53315 54168
53322 54154
53331 54775
53398 54087
53401 53076
53409 54090
53428 54029
53437 54684
53438 54685
53441 53059
53452 52987
53455 54002
53460 54000
53461 54001
53469 53985
53475 53974
53487 53966
53498 53958
53505 54638
53525 53938
53529 54625
53564 53866
53572 53862
53573 53861
53581 54589
53584 53841
53585 53867
53604 53904
53619 54561
53624 53883
53625 53787
53642 52775
53649 53844
53659 53748
53660 53847
53665 53781
53674 53788
53688 53784
53694 52718
53697 53778
53702 52654
53708 52622
53716 53729
53728 53771
53737 53711
53752 53672
53753 53694
53761 53752
53763 53752
53766 52621
53767 52620
53771 53721
53777 53738
53794 53624
53801 53610
53821 53586
53827 53696
53846 53675
53847 53682
53849 53650
53850 53660
53862 52378
53866 52479
53874 52490
53878 53589
53887 53543
53931 53550
53941 53597
53942 52425
53950 52416
53974 53539
54012 54918
54015 54919
54023 55223
54026 54906
54032 54899
54041 54886
54045 55218
54070 55193
54092 54834
54100 55177
54103 54822
54115 55156
54116 54805
54119 54812
54120 54811
54127 55161
54134 55155
54136 55153
54168 54780
54188 53076
54201 54709
54210 54063
54241 55100
54272 54633
54278 54625
54280 54639
54332 53905
54335 54569
54342 54558
54357 53855
54360 53846
54384 54566
54397 54483
54402 54507
54410 53740
54413 54467
54414 54528
54415 54527
54416 52597
54420 54461
54435 54505
54445 53697
54448 54436
54461 54495
54462 54494
54463 54424
54483 54423
54484 54422
54512 54396
54517 54404
54571 55451
54579 55205
54582 55436
54593 55433
54595 55199
54610 55427
54634 54767
54656 55383
54657 54738
54661 55129
54664 55128
54678 55368
54679 55367
54681 55092
54692 55354
54693 55346
54726 55073
54738 55322
54739 55323
54740 55050
54741 55070
54746 55317
54792 55010
54811 54981
54820 55022
54827 55004
54831 55005
54834 54954
54845 54478
54871 55245
54894 55588
54898 55455
54905 55448
54923 55427
54925 55192
54967 55534
54979 55359
54985 55353
54997 55511
54999 55332
55008 55062
55011 55054
55020 55308
55024 55049
55035 55032
55036 55286
55037 55288
55043 55280
55045 55026
55053 55481
55054 55000
55055 54999
55056 55003
55063 54977
55067 55257
55095 55595
55098 55587
55115 55686
55160 55650
55170 55341
55172 55334
55176 55333
55185 55498
55188 55494
55193 55499
55212 55488
55229 55264
55235 55704
55238 55780
55243 55695
55262 55672
55269 55654
55311 55610
55313 55623
55342 55779
55344 55770
55371 55808
55372 55730
55383 55620
55384 55619
55396 55858
55416 55847
55419 55815
55431 55797
55445 55878
55446 55892
55449 55871
55462 55864
55464 55843
55467 55840
55468 55841
55472 55890
55486 55904
55489 55879
55513 55905
55514 55909
