1407
245 28597
728 18564
826 39089
1173 19018
1417 19000
1523 30011
1594 18831
1667 18847
1702 18753
1720 18564
1741 18703
1817 29623
1987 17905
1988 17904
2266 18088
2514 17945
2552 17880
2810 37040
2883 18075
3221 17296
3271 17410
3495 17504
3520 29086
3576 17011
3631 16744
3773 7591
3919 28486
4046 16543
4047 16542
4059 28394
4060 28393
4108 16655
4197 15868
4235 15964
4269 16615
4375 16557
4405 16522
4467 28248
4468 28247
4480 28269
4482 18641
4592 16381
4621 16345
4638 28257
4897 16108
5014 27766
5020 27766
5062 14780
5221 15511
5222 15510
5334 8460
5774 27766
5898 27766
6138 14636
6238 14567
6356 14742
6359 14636
6382 40977
7010 14158
7011 14157
7113 14058
7234 13125
7253 21058
7289 14015
7353 26820
7354 26819
7523 26701
7860 12537
8142 12900
8284 12573
8293 12039
8434 12389
8595 12389
8740 26327
8770 12634
8808 12017
8880 11947
9097 12437
9098 12436
9157 11080
9326 11813
9518 25294
9610 25708
9695 25932
9709 11415
9710 11416
9743 11478
9814 11400
9984 11487
10209 10084
10443 12839
10480 12900
10553 24240
10599 24208
10681 24604
10924 10047
11094 24260
11213 24190
11224 24243
11292 9640
11293 9639
11344 10110
11345 10109
11358 10110
11359 10109
11414 9504
11450 24198
11730 8033
11788 23962
11826 9661
11938 9619
11985 24578
12140 8127
12204 23690
12236 23552
12363 23516
12370 23505
12412 7686
12449 6701
12450 6700
12462 22989
12488 6605
12505 23415
12522 7517
12640 23347
12680 22825
12747 8007
12748 8006
12771 7237
12803 7917
12837 22600
12897 6191
12902 22707
12928 23414
13066 8727
13092 22841
13099 7497
13165 6856
13265 22494
13280 23102
13349 22898
13376 22298
13415 7186
13416 7185
13479 22230
13484 22978
13485 22979
13491 22215
13502 1514
13508 22216
13517 23526
13525 23033
13526 23032
13642 7370
13735 5641
13768 22337
13811 7641
14002 7893
14011 7893
14085 8020
14094 7080
14285 7300
14295 21564
14462 6433
14463 22866
14513 10857
14547 6945
14549 10857
14584 21852
14710 6113
14718 6769
14767 21418
14768 6077
14809 7255
14927 5309
15069 3264
15273 21978
15283 5480
15344 5769
15354 22289
15452 6007
15546 6050
15578 4710
15579 4709
15611 21774
15612 21773
15628 4696
15638 6074
15814 21538
15882 4782
15912 21410
16114 5585
16486 34765
16553 20307
16583 5234
16652 5369
16657 20501
16682 31118
16732 1637
16733 1636
16888 4480
16939 20370
17221 20193
17222 20192
17227 20187
17258 20165
17513 4315
17543 15968
17549 20566
17635 4135
17653 2650
17732 30696
17802 1754
17816 20527
18072 19696
18317 30401
18345 3265
18376 3240
18564 3127
18649 3044
18681 19837
18690 3012
18719 19826
18741 2906
18763 1032
18787 2722
18923 29776
19427 37840
20024 18831
20035 18899
20122 18835
20151 18638
20152 18639
20176 18637
20187 29791
20188 29790
20205 18383
20215 29852
20240 29831
20244 29851
20412 18090
20439 29530
20445 18429
20446 18428
20503 29607
20581 29537
20603 18281
20640 17352
20677 18091
20728 29771
20866 17663
20930 36997
20979 29459
21039 17438
21054 17380
21228 17048
21422 16716
21430 29069
21459 16949
21653 16676
21656 28885
21690 28391
21736 28365
21737 28364
21738 28446
21790 36446
21792 28391
21863 16396
21870 36359
21890 28156
21902 28392
22094 28572
22417 15121
22706 14543
22833 36046
22909 14715
22960 27576
22961 27575
23204 27595
23257 27533
23335 14098
23384 13994
23410 35540
23451 27368
23466 27456
23535 13728
23618 13413
23812 13294
23889 26226
24092 34860
24093 34859
24237 26727
24257 35167
24337 26635
24370 12581
24371 12580
24420 36397
24476 26283
24478 36397
24513 36397
24680 26304
24746 26879
24763 26230
24766 25962
24814 25929
24815 25930
24833 25900
24841 11488
24863 34238
24885 25855
24893 11774
24894 11773
24931 11725
25023 25973
25133 25609
25139 34297
25267 10795
25273 34115
25307 24477
25325 34073
25348 34121
25362 34143
25429 34057
25504 34003
25531 33868
25542 7518
25601 33810
25622 33793
25629 33865
25630 33864
25701 33747
25702 33746
25818 24638
25859 24199
26000 33176
26049 24866
26057 33496
26069 33126
26132 33559
26151 24710
26153 33535
26156 24274
26196 33538
26209 9661
26278 24475
26282 26879
26292 24176
26373 23889
26388 24033
26465 23619
26466 33277
26490 32927
26505 33696
26522 33199
26541 33142
26548 23494
26550 23859
26557 24205
26566 23480
26579 40005
26590 8022
26629 23406
26655 23753
26680 23322
26688 39937
26705 23710
26752 8748
26798 23199
26818 23182
26838 24017
26903 32581
26910 23311
26913 24082
26919 32912
26920 32471
26939 39521
26958 32850
26980 23006
27015 32823
27050 22882
27066 22285
27111 32803
27118 32796
27140 32333
27206 32535
27390 23498
27394 23483
27451 22594
27483 23204
27504 32926
27628 31814
27638 22896
27687 22302
27771 7586
27802 22660
27803 22661
28090 21548
28091 21547
28100 31697
28132 32619
28133 21507
28147 6630
28150 22651
28152 22650
28216 31457
28222 5458
28236 5735
28273 6380
28322 22622
28324 22048
28417 22542
28431 21948
28486 31834
28582 31771
28585 21614
28609 31737
28634 22384
28658 22057
28702 22391
28733 20874
28861 2697
28885 31497
28940 20010
28941 20011
29007 21555
29052 20968
29168 4093
29199 30641
29217 30523
29233 21622
29257 31044
29281 4293
29282 4294
29283 4292
29445 31162
29491 30822
29549 21292
29586 21131
29912 3068
29947 30758
29995 20673
30001 2881
30060 31202
30101 30202
30136 30866
30217 20216
30904 51329
31007 37857
31013 37857
31038 30000
31070 29879
31072 37786
31074 30027
31092 37760
31109 18637
31232 37326
31281 29688
31295 37261
31327 37546
31333 42767
31420 17867
31445 16834
31472 29456
31516 29418
31630 37125
31650 37023
31651 37022
31721 29170
31809 36858
31842 37050
31876 36897
31877 36896
31903 28927
31997 28831
32024 42186
32066 36648
32123 36591
32127 36834
32135 36889
32159 36527
32160 36526
32203 36489
32230 36289
32334 42058
32431 36658
32561 41959
32562 41960
32601 28125
32622 28077
32625 36079
32685 27982
32721 35822
32722 35821
32725 36166
32842 36008
32869 27676
33200 35887
33222 35866
33254 35834
33255 35833
33313 35745
33358 35735
33457 41226
33535 35289
33554 26989
33589 2119
33602 26936
33675 41279
33832 26658
33864 35352
33892 34739
33893 34738
33904 26553
33957 35319
33958 35320
33994 26550
34045 35264
34191 25001
34201 34986
34307 34920
34328 40812
34345 44970
34346 44969
34371 25781
34383 34807
34465 34768
34472 33991
34494 25973
34495 25972
34512 40694
34619 25446
34620 25445
34648 40633
34649 40632
34658 40584
34710 35415
34741 40576
34813 34552
34814 40287
34888 40422
34898 34378
34902 40393
34905 25047
34906 25046
34920 25039
34931 34406
34940 25014
34992 34022
34993 34353
35024 40381
35052 33994
35058 34287
35073 40519
35078 33951
35088 33666
35090 33650
35107 33902
35113 33617
35144 40280
35146 34019
35159 33467
35186 33989
35214 34146
35228 24503
35275 24628
35287 34028
35302 9746
35355 40219
35373 33874
35403 33727
35426 33912
35472 33248
35533 33079
35577 39948
35579 33315
35588 32705
35594 33010
35673 32785
35682 39962
35693 40199
35721 39521
35734 33280
35786 32816
35812 33209
35821 33018
35838 33394
35859 32390
35910 23965
35938 32859
35977 33321
35989 33320
35998 33106
36006 32196
36014 33278
36084 33254
36140 32592
36157 39138
36174 33251
36225 33251
36242 32767
36267 32766
36305 33136
36308 32692
36329 39090
36346 39045
36404 39726
36576 38883
36662 32154
36707 32761
36760 32062
36823 38834
36827 31892
36829 32506
36839 38841
36843 39114
36849 32497
36867 38813
36877 39088
36895 38824
36921 31349
36929 38894
36931 39388
36932 39387
36953 43583
36983 31459
37035 22081
37044 38739
37090 23486
37095 38926
37102 22386
37121 31350
37161 31495
37202 38855
37283 31236
37288 30724
37403 30924
37435 31905
37436 30899
37515 38165
37553 21528
37719 38733
37743 31297
37745 38102
37752 31291
37783 31532
37795 31554
37796 38021
37849 31500
37905 31330
37906 31331
37907 31324
37949 31248
37990 31298
38539 37909
38572 42996
38614 37807
38628 37806
38655 42846
38702 29859
38703 42875
38799 37559
38821 42665
38862 42766
38906 48385
38912 37366
38929 37345
38973 37315
38996 37281
39020 46322
39164 36858
39206 37028
39207 37027
39324 42369
39343 42328
39366 42418
39382 46130
39385 42219
39398 42185
39424 42151
39430 42219
39692 36443
39698 39928
39710 42023
39759 28077
39766 36224
39768 36230
39785 41978
39900 41971
39915 36043
39997 45766
40085 41807
40088 41847
40182 41707
40227 45398
40239 41266
40343 41552
40533 45288
40606 41001
40637 7485
40818 34852
40873 40740
40896 44872
40920 41382
40940 48124
40943 40962
40964 34648
40980 34645
41009 44971
41037 34588
41149 44824
41212 34307
41213 34350
41226 40728
41239 40731
41285 44741
41291 44848
41315 44742
41350 40614
41356 44834
41367 44674
41380 44512
41386 44653
41407 40388
41436 44618
41445 44638
41496 40089
41521 44568
41525 44548
41534 44534
41542 44428
41594 44368
41605 33916
41626 44489
41630 33682
41633 44497
41642 40298
41649 44477
41661 44396
41692 39995
41696 33781
41739 39620
41753 40095
41760 40150
41779 44403
41785 44173
41798 44379
41800 33586
41817 40083
41818 40084
41834 39990
41870 44402
41903 40109
41920 39985
41933 33407
41934 33406
41935 39953
41937 40181
41943 44343
41951 39684
41962 39290
42019 39803
42025 39826
42032 43959
42049 39779
42066 39770
42070 44388
42108 44342
42109 39802
42118 39750
42145 39679
42163 39249
42170 44297
42173 38951
42182 47349
42201 44175
42245 43817
42293 47395
42306 43782
42308 43882
42408 43801
42435 39312
42443 47354
42474 43894
42500 39062
42501 43920
42511 39413
42567 43477
42573 39395
42587 43520
42590 32252
42604 43452
42605 43451
42612 39356
42617 38935
42651 39261
42659 43592
42669 43392
42674 38425
42680 43737
42696 32027
42730 43309
42733 39143
42740 39139
42822 39162
42855 43217
42888 38165
42890 38166
42925 39034
42952 38663
42962 43754
43014 43104
43015 43170
43027 38745
43048 38729
43050 31553
43079 38242
43087 43459
43093 43275
43145 43063
43186 31263
43270 30889
43290 38134
43299 43255
43504 49311
43626 42959
43651 42936
43661 46666
43662 46678
43668 49354
43674 37774
43678 42898
43695 42882
43719 37661
43722 46611
43773 42798
43792 42757
43833 46498
43838 46492
43849 46488
43907 42651
43916 46421
43924 46404
43976 49097
43992 42526
44009 49077
44023 42458
44047 42444
44089 46245
44109 49016
44119 46178
44121 42407
44131 46190
44275 46196
44280 46044
44281 46043
44332 48890
44351 45965
44401 46046
44402 46045
44449 42038
44504 42003
44515 45979
44516 45978
44520 41962
44554 45921
44591 41900
44648 45916
44652 45785
44737 27211
44738 41771
44784 41713
44790 45767
44831 41638
44851 41643
44870 41364
44880 45681
44894 41591
44912 45615
44914 45629
44916 48425
45006 45484
45055 48312
45075 48323
45105 45170
45127 45390
45157 48103
45160 48291
45195 45065
45212 48220
45218 41240
45243 41193
45253 48231
45310 41048
45311 48235
45363 48138
45410 45011
45412 45010
45430 40906
45475 45160
45478 48158
45489 48053
45497 44894
45562 48063
45577 47959
45611 44815
45629 47990
45630 44930
45631 44929
45632 44923
45639 44906
45649 44898
45657 40676
45670 40654
45685 47952
45686 44975
45701 44697
45709 44890
45710 48010
45723 47919
45727 44862
45762 40555
45763 44585
45812 40183
45820 44791
45833 44490
45840 44790
45884 47834
45887 47841
45903 44514
45904 44747
45979 47756
46019 44629
46060 47691
46071 47577
46108 47736
46109 47738
46123 44357
46142 47837
46180 4890
46198 44157
46209 47645
46260 44422
46268 44472
46269 44359
46272 47386
46286 44341
46288 44385
46298 44219
46303 39972
46304 39971
46309 44323
46312 44438
46324 44029
46349 47641
46427 47480
46428 47479
46504 47240
46529 44143
46533 44148
46541 47211
46550 47315
46564 47303
46576 43748
46592 47058
46607 47064
46609 47045
46611 47180
46615 47039
46623 47272
46642 47164
46649 43384
46655 47124
46685 47121
46695 47092
46705 43289
46738 46903
46741 47025
46745 47187
46784 46853
46802 47073
46807 43590
46811 43743
46812 43742
46851 43421
46858 46811
46870 43692
46877 46798
46913 43632
46932 46757
46985 49555
47267 49318
47365 46709
47371 46698
47373 46700
47398 49310
47418 49331
47429 51099
47439 46573
47448 46566
47451 46564
47454 46608
47479 46594
47489 46538
47492 46515
47524 46462
47542 46482
47582 46405
47585 49190
47637 46347
47653 46323
47654 46324
47738 48983
47841 49032
47863 49015
47873 48848
47874 48847
48026 48815
48034 48868
48043 45906
48045 45927
48082 48811
48102 48712
48193 45733
48234 48669
48249 48550
48265 45698
48267 45649
48278 45635
48286 45625
48359 48368
48409 50468
48605 45247
48626 48319
48634 48191
48666 50259
48685 48280
48691 45173
48705 50236
48717 48292
48724 48097
48749 48265
48756 50240
48770 50239
48800 50151
48803 48217
48805 48202
48806 48203
48814 50203
48826 47987
48856 50097
48862 48030
48879 48031
48881 51733
48883 50172
48888 50163
48902 50161
48903 24123
48907 44932
48909 48109
48910 48108
48911 50160
48922 48095
48940 48012
48943 47715
48949 47748
48999 50193
49024 44768
49046 50003
49061 47630
49067 47910
49100 49974
49103 49924
49121 44619
49131 47590
49142 47601
49143 47838
49161 47665
49169 49887
49182 47654
49201 47752
49248 50022
49253 47673
49258 47670
49262 49783
49270 49813
49293 47426
49362 47493
49392 49793
49427 47509
49450 49824
49451 49823
49473 49655
49478 47104
49485 47085
49491 49633
49492 44240
49501 47514
49540 47011
49552 49614
49563 49566
49567 49707
49584 47238
49607 49619
49643 49495
49657 51275
49670 47263
49684 47063
49700 49470
49701 49469
49723 47022
49770 47173
49774 43779
49809 47130
49815 47224
49839 47175
50070 49360
50085 51143
50094 49325
50098 51134
50124 49281
50131 49262
50133 49272
50174 51092
50175 51091
50180 51082
50225 49174
50264 49144
50270 52302
50273 51015
50275 50949
50303 49092
50347 50912
50382 50859
50431 48954
50435 50885
50443 48930
50457 50878
50481 50864
50612 45797
50736 48622
50759 51960
50791 48538
50808 48513
50905 51879
50946 51896
50980 50274
50995 48267
51004 50401
51005 50400
51007 50328
51011 51837
51019 50243
51025 51846
51027 50173
51028 29023
51035 51815
51043 51809
51044 51794
51051 50204
51076 51756
51090 51773
51093 51744
51110 50228
51112 50279
51113 51733
51118 50279
51120 51767
51124 51762
51135 51741
51136 51742
51137 51739
51142 48095
51146 51725
51154 48012
51166 50053
51176 51650
51183 50206
51192 51692
51210 50078
51230 50187
51233 50141
51235 50162
51262 51665
51263 50139
51283 50130
51284 47886
51300 50106
51304 51541
51305 49910
51316 50012
51343 51530
51344 51529
51345 49972
51353 51608
51358 50035
51360 51605
51366 51488
51377 50006
51404 50040
51464 49884
51499 51509
51513 51451
51514 51450
51530 49920
51534 49770
51555 49622
51592 49929
51601 49729
51602 49566
51609 51421
51624 51339
51723 49759
51740 49570
51744 49738
51745 49737
51753 49725
51775 49696
51917 51168
51923 51869
51929 52452
51937 51141
51943 51138
51948 51131
51958 51126
51989 51104
52021 52355
52041 51040
52052 51022
52055 52336
52056 52337
52065 52302
52081 52314
52086 50984
52114 52280
52146 53219
52160 53214
52189 48952
52190 52179
52315 52142
52380 52091
52413 53024
52423 50607
52515 52924
52516 52965
52524 52957
52532 51875
52533 51874
52535 52953
52540 52945
52541 52944
52549 50426
52569 52902
52570 52903
52571 52901
52572 52909
52614 51883
52650 51841
52672 50227
52675 52881
52684 51778
52698 51621
52703 51765
52715 51746
52727 52771
52747 52772
52753 51591
52757 51550
52763 52780
52766 52815
52769 52688
52776 51657
52783 51558
52807 52665
52809 51524
52813 51510
52823 51489
52824 52728
52825 52727
52834 49827
52835 51564
52840 51556
52842 51622
52846 51486
52860 51544
52871 51528
52881 52662
52882 52661
52883 51516
52885 51515
52886 51518
52893 51586
52900 51581
52928 51412
52942 52611
52993 51262
53025 51232
53026 51231
53057 51335
53077 51409
53078 51408
53084 52620
53171 53331
53194 52427
53200 52421
53204 52423
53238 52391
53383 52181
53521 53688
53522 53687
53569 51926
53572 52941
53573 52940
53581 53632
53583 52919
53604 52971
53619 53605
53620 53604
53625 53579
53628 51883
53632 53615
53644 52898
53665 52855
53674 52879
53688 52871
53697 52863
53702 51745
53717 52711
53722 52708
53728 52839
53737 52803
53748 52809
53753 52788
53755 51658
53776 51619
53801 52663
53811 53460
53821 53453
53871 53418
53881 52604
53882 52532
53891 53427
53901 53458
53917 53412
53936 53442
53940 52651
54092 53280
54096 53851
54100 53853
54103 53844
54119 53830
54365 53572
54387 53591
54402 53563
54406 53567
54416 52800
54421 53550
54445 52761
54455 53472
54461 53541
54463 53467
54483 53967
54484 53966
54498 53939
54510 53922
54511 53921
54595 53881
54611 54191
54678 54109
54681 54105
54728 54085
54729 54084
54738 54327
54739 54328
54740 54325
54746 54329
54747 54330
54757 54321
54783 54017
54789 54035
54792 54287
54796 54006
54845 53517
54925 54196
54979 54536
54980 54535
55020 54517
55052 53979
55064 54242
55066 54475
55114 54434
55118 54428
55162 54538
55188 54500
55196 54508
55222 54472
55223 54473
55287 54732
55301 54723
55302 54640
55307 54720
55311 54623
55328 54697
55402 54757
55422 54740
55431 54787
55446 54865
55501 54889
