3121
40 20885
49 874
81 1884
84 910
142 952
169 1987
178 20208
229 1833
230 2086
245 2118
305 21110
333 2216
335 21115
403 2251
405 21068
420 2326
424 1785
541 21160
550 21030
553 2749
554 2750
576 2733
582 2796
593 2231
622 2274
638 20995
661 2728
690 2834
694 21236
749 43255
802 3069
953 21154
969 20938
970 20939
1003 21286
1020 3319
1036 2075
1047 21413
1064 3357
1071 3025
1093 2992
1105 2463
1115 21194
1153 3149
1167 2102
1196 3114
1197 3115
1205 2249
1289 21305
1318 3302
1322 21646
1411 3606
1418 21895
1419 21896
1420 2507
1447 21508
1454 4007
1468 21937
1471 3551
1480 3540
1486 4033
1494 21687
1498 4049
1503 4032
1520 3579
1521 3580
1538 3753
1568 2688
1672 4102
1697 4026
1715 3797
1761 21833
1776 4241
1783 3173
1785 3839
1824 21893
1825 21894
1828 4019
1829 3968
1830 3969
1847 3731
1855 21968
1868 21899
1909 3554
1932 4014
2011 4162
2040 21415
2077 4171
2089 4098
2130 4258
2150 21707
2153 4169
2154 22046
2192 22101
2193 22102
2203 22098
2211 4405
2212 4406
2231 4399
2245 4591
2263 4331
2302 4462
2315 4469
2350 4501
2406 21918
2427 4468
2428 4530
2437 4302
2438 4303
2440 4892
2461 4544
2478 4389
2510 4682
2511 4747
2512 4748
2524 4624
2543 22309
2544 22310
2578 22117
2595 4773
2634 4817
2642 22420
2651 4839
2719 4257
2725 22483
2816 5020
2855 22565
2857 5114
2873 4459
2879 4933
2886 4799
2892 5044
2935 22499
2954 22645
2955 22646
3008 5195
3013 22294
3015 22182
3020 5264
3033 22610
3049 4717
3167 22779
3225 22822
3227 4828
3236 4923
3240 5272
3291 5584
3304 5241
3311 5813
3323 22853
3330 4985
3331 22500
3371 22682
3387 5029
3402 5888
3426 5068
3432 5366
3458 22605
3469 5707
3528 5799
3572 5261
3573 5262
3574 5253
3590 5239
3621 5851
3632 5201
3667 5305
3669 5935
3670 5891
3677 5907
3684 5807
3690 23052
3691 23053
3700 5284
3702 5775
3758 23080
3780 5399
3804 22768
3809 23184
3817 5361
3872 22865
3878 6366
3909 5429
3910 5430
3964 6217
3965 23353
3999 6281
4025 23381
4056 23498
4057 23233
4089 8056
4097 23439
4100 6277
4242 5124
4252 6159
4294 23397
4316 6677
4356 23445
4403 23489
4450 6676
4454 6684
4466 23538
4526 6752
4546 6162
4609 6895
4610 6896
4624 23815
4692 8101
4695 23671
4696 23672
4701 23670
4715 7817
4762 6358
4778 7075
4844 7022
4849 6831
4857 23792
4859 6968
4870 7455
4884 6875
4901 23742
4967 7047
5029 7672
5085 7008
5098 7753
5103 24143
5186 24431
5193 7891
5195 6755
5244 7350
5380 7970
5381 7971
5397 23857
5413 24566
5414 24369
5445 8131
5503 7442
5504 7443
5514 7285
5530 7468
5559 8261
5569 7780
5580 6765
5599 7556
5612 7829
5627 8722
5664 8771
5669 7647
5680 7923
5699 8410
5842 24654
5885 8597
5899 8102
5990 8997
6031 8010
6039 8766
6063 9228
6211 24442
6237 8972
6238 7886
6321 8491
6390 8382
6429 8263
6500 8331
6507 9386
6508 25083
6538 9419
6549 9426
6559 9443
6595 9465
6629 8472
6711 9608
6712 9610
6803 9648
6833 24561
6858 9787
6881 25305
6884 9828
6916 9859
6970 9370
7040 9969
7075 10016
7076 10017
7130 9264
7193 10131
7197 10165
7202 25269
7244 10203
7271 9838
7412 10377
7543 9901
7650 10627
7680 10757
7711 10140
7953 25350
8100 9980
8159 10714
8185 10100
8222 10128
8259 10296
8321 10331
8325 10545
8353 10991
8374 10375
8453 10786
8537 11330
8608 10923
8649 11459
8652 25971
8694 11524
8709 10988
8714 10918
8737 11499
8778 11047
8844 11030
8973 11854
9052 11957
9086 11161
9105 12016
9194 12093
9208 11241
9289 11199
9290 11198
9291 11341
9326 11311
9330 12220
9402 12056
9415 11340
9460 12332
9461 12333
9470 12342
9471 12343
9476 26311
9495 12380
9496 11438
9512 12179
9513 12180
9542 12409
9563 12427
9575 12456
9576 12457
9577 12440
9602 12451
9619 12093
9686 12539
9709 26519
9808 12644
9809 12645
9816 12506
9836 12071
9902 12747
9944 12808
10015 12234
10030 26692
10216 12376
10218 12370
10249 12888
10281 12394
10294 13166
10301 12447
10302 12448
10351 12508
10380 12524
10407 13151
10410 12567
10498 13324
10584 11558
10670 13579
10691 13533
10696 12745
10710 13437
10720 12772
10740 13477
10906 13571
10924 13589
10962 12564
11061 13696
11134 12564
11601 13894
11615 14319
11704 13784
11741 13566
11994 14374
12040 32157
12072 15353
12086 13874
12113 15414
12265 14843
12326 14354
12327 14989
12404 27802
12467 14285
12495 14434
12497 15146
12498 15147
12562 14633
12563 14634
12624 15387
12643 14567
12735 14372
12895 15322
13003 15216
13005 14937
13046 16065
13047 16066
13333 15286
13363 15304
13503 15333
13514 15436
13526 16208
13625 15061
13681 15591
13782 15676
13972 15357
14012 15970
14038 16115
14049 16160
14068 16181
14103 15961
14166 28848
14218 16184
14299 15717
14310 16271
14341 16301
14390 16328
14393 15834
14394 15835
14429 16873
14474 16801
14484 16505
14519 16442
14520 16443
14523 16444
14529 15886
14542 16451
14579 16346
14595 15945
14598 16513
14614 16530
14630 16350
14638 16539
14651 16743
14674 16018
14686 16029
14766 28991
14816 16518
14828 16789
14845 16620
14850 29401
14888 16733
14923 16587
14972 16781
15001 16962
15016 17081
15085 16998
15163 16996
15209 16845
15228 17053
15296 49234
15323 17227
15335 17430
15427 29216
15443 17265
15631 17510
15674 17531
15682 17492
15777 17637
15812 17444
15814 17996
15815 17997
15819 17653
15831 17877
15907 17690
15945 17247
15948 17790
15953 17660
16248 18212
16323 17580
16441 18552
16619 18586
16746 18243
16762 18439
16772 18316
16845 17130
16862 18541
16891 18713
16901 18426
16902 18605
16978 18819
17022 18536
17039 18468
17062 18966
17109 18652
17110 18643
17172 18836
17239 18815
17254 19144
17304 19177
17337 19023
17338 19024
17365 30562
17380 19260
17387 30211
17424 19199
17426 18977
17452 19014
17463 19265
17472 19263
17483 19035
17490 19026
17491 19316
17502 19315
17517 19214
17518 19215
17522 19212
17523 19213
17555 19132
17559 19270
17572 19145
17583 19117
17599 19354
17636 19420
17637 19193
17715 19520
17735 19604
17739 19508
17774 19636
17789 19367
17816 18811
17855 19264
17856 19601
17868 19631
17951 19575
18029 19630
18371 29647
19017 19529
19232 13560
19358 19315
19683 20950
19773 20331
19776 20867
19830 31682
19847 21031
19874 31841
19875 31842
19881 21139
19892 21091
19899 21010
19966 31853
20048 21126
20066 31770
20071 31770
20096 31938
20136 21006
20189 21298
20197 32012
20242 20814
20270 31771
20318 32098
20325 21505
20333 21433
20336 32120
20343 21409
20376 21727
20434 21528
20463 21577
20464 21608
20466 31813
20474 21657
20488 3815
20490 3816
20497 32252
20503 4135
20505 21923
20511 21942
20512 21943
20517 3854
20523 31865
20546 21720
20552 32240
20590 21754
20599 21741
20601 32276
20625 32312
20635 32317
20644 21742
20648 21451
20649 21375
20669 21936
20672 21774
20678 21714
20707 32374
20714 3816
20720 21994
20738 3854
20756 22079
20765 21878
20787 4220
20790 32417
20834 32002
20857 32415
20862 22025
20877 21791
20887 22071
20893 32445
20894 32473
20895 32474
20898 22170
20907 32457
20956 21836
20993 32532
21001 22224
21024 22191
21049 22222
21148 22348
21158 32554
21164 22342
21185 22360
21203 32521
21229 22474
21233 22433
21241 22456
21248 22302
21273 22496
21288 22473
21298 22546
21304 22512
21315 32535
21336 32810
21363 22608
21385 22632
21409 22525
21432 32822
21445 22333
21450 22601
21452 22293
21456 22548
21474 22708
21482 22717
21483 32909
21525 22773
21534 22588
21548 22745
21587 33063
21611 22895
21613 5223
21623 32973
21634 22930
21645 22561
21648 5698
21654 22941
21655 22942
21663 22783
21664 22784
21694 22962
21718 22975
21719 22976
21811 23210
21844 33220
21889 23167
21892 33401
21907 33079
21914 33428
21922 23331
21929 22859
21945 33461
21949 33446
21960 33474
21979 23401
21997 33321
22000 23446
22001 33496
22007 23292
22033 23491
22050 5799
22057 33432
22090 33440
22115 33600
22157 33485
22161 33493
22198 33533
22203 23484
22213 33652
22228 23414
22254 23518
22260 23444
22269 23502
22271 33692
22289 23542
22326 24372
22332 33635
22346 23804
22397 23963
22412 24349
22427 23887
22428 23916
22472 33743
22510 24058
22534 24082
22538 23873
22545 24063
22560 24108
22561 24109
22617 24190
22627 24220
22629 34231
22634 23960
22662 24443
22732 23863
22741 24286
22742 24287
22749 24372
22781 34207
22803 23864
22824 24446
22835 20282
22847 24684
22881 7847
22891 34301
22901 33801
22905 24527
22925 23883
22936 24140
22937 24141
22960 24151
22964 24181
22966 24774
22973 24164
22976 23955
22986 24731
22987 24338
22996 24638
23035 24249
23055 24262
23114 34328
23159 24189
23263 23947
23317 8485
23365 24385
23377 25122
23387 25128
23430 34784
23431 34785
23443 25181
23453 34879
23458 25328
23460 24679
23486 25011
23488 25055
23500 24744
23580 25356
23610 34900
23625 25161
23693 25462
23700 25465
23718 10175
23751 25298
23827 25371
23886 35118
23993 25550
24028 25191
24041 10748
24047 25364
24058 25846
24089 25567
24210 25587
24225 25575
24278 25782
24289 10562
24346 25483
24410 25549
24415 25622
24451 25991
24452 25992
24457 26012
24471 25564
24515 25696
24524 26251
24578 35280
24589 26436
24595 26119
24601 26431
24613 26155
24626 26452
24642 26105
24643 26106
24697 26072
24702 26368
24729 26501
24730 26502
24741 25866
24753 26001
24759 26103
24765 11499
24824 26111
24867 26113
24917 26610
24949 26212
25005 26257
25087 26775
25127 26812
25136 26299
25168 26871
25182 26353
25245 26425
25269 12404
25302 35997
25304 11754
25306 26570
25355 27029
25423 27113
25424 27114
25444 27035
25451 26650
25484 27161
25488 27080
25512 26792
25528 27218
25536 26758
25541 27120
25566 12176
25567 12436
25591 27271
25596 27361
25653 13161
25698 27496
25710 13397
25799 27377
25800 27378
25831 27650
25844 13482
25939 13804
25940 27523
25945 27612
25954 27634
26001 13114
26025 27327
26143 13475
26188 14003
26531 28353
26535 13904
26536 13905
26558 36462
26620 14265
26625 27724
26638 28197
26667 27795
26733 27814
26734 27815
26743 28581
26750 14995
26785 28456
26788 28067
26923 15897
26929 28186
26942 28416
27004 28270
27010 28267
27041 28303
27067 28310
27109 28938
27140 15761
27152 15770
27169 28434
27193 28437
27245 15326
27250 28439
27274 28604
27284 15281
27289 28620
27309 28485
27360 28681
27393 28794
27420 28623
27422 28624
27436 28641
27496 15708
27508 28676
27521 16459
27522 16460
27541 15264
27603 28929
27611 28668
27615 28937
27664 16176
27689 28970
27692 16087
27713 29021
27720 16364
27721 28988
27759 28663
27760 16196
27797 16249
27798 16267
27818 28808
27824 29129
27854 29022
27882 17038
27887 16538
27889 29344
27914 29086
27927 29223
27928 16440
27930 16084
27937 29338
27944 29201
27983 29246
27994 29243
27995 16553
28017 29298
28018 29259
28038 29263
28111 16751
28120 29387
28147 29433
28155 16802
28161 17005
28165 16833
28178 16852
28199 17337
28201 29349
28202 29350
28222 29497
28299 17615
28312 29710
28325 17082
28340 17332
28341 17311
28342 29713
28363 29584
28387 17095
28404 17256
28405 17257
28428 16986
28443 29735
28471 29426
28474 17056
28484 17683
28486 29617
28509 29732
28543 17407
28561 18133
28569 18133
28578 17629
28621 17572
28667 17722
28678 17699
28737 17811
28777 30047
28778 30048
28784 29942
28800 17897
28807 18059
28858 18333
28884 18015
28885 18016
28915 29936
28940 17831
28962 30214
28974 30115
29001 29994
29031 18310
29048 30265
29066 18515
29068 30272
29079 30091
29082 18748
29086 18530
29087 30349
29156 30192
29170 30173
29211 30216
29230 18981
29237 30233
29267 38367
29276 19081
29312 19131
29321 19130
29345 18838
29435 30571
29448 30261
29475 30482
29482 30618
29483 30620
29514 19422
29528 30532
29544 19409
29577 19473
29601 19600
29602 19601
29612 30669
29622 30760
29636 30633
29641 19610
29661 30369
29667 30646
29674 30666
29681 19636
29712 30713
29718 30479
29910 30672
29911 30673
30691 44565
30715 39321
30735 31572
30740 31745
30768 31696
30774 39393
30777 31707
30784 31793
30796 31720
30850 31849
30852 31781
30871 39384
30872 31890
30894 39493
30895 39494
30897 39344
30902 39350
30904 31830
30911 31870
30922 31933
30941 39491
30942 31897
30946 31975
30984 39462
31008 39482
31018 39263
31058 39375
31062 39287
31092 39578
31100 39555
31107 32075
31115 32064
31187 39666
31212 39766
31214 21994
31255 39490
31257 21722
31259 43809
31267 39696
31268 39697
31274 32246
31275 32272
31297 39678
31301 32264
31325 32343
31337 32308
31348 32371
31355 39778
31383 32106
31389 39810
31407 39794
31410 39829
31433 39628
31438 32416
31442 39833
31444 32281
31445 32282
31505 39865
31506 39866
31517 32546
31547 32548
31558 39960
31602 40019
31624 32403
31634 32563
31650 32705
31678 22435
31710 39843
31748 32668
31749 32669
31760 32703
31787 32606
31801 32848
31817 32859
31824 39942
31834 32575
31835 32576
31846 32903
31850 32615
31899 32974
31900 32975
31901 40219
31906 32979
31917 40060
31992 33014
31994 32804
31995 32805
31997 40093
32005 32812
32006 32777
32015 33177
32022 40285
32029 33073
32030 33074
32044 40128
32049 32991
32076 33237
32079 33251
32082 33114
32084 40153
32097 32895
32104 40159
32106 33164
32111 33288
32119 40516
32141 40421
32154 33226
32165 33211
32170 33245
32174 33368
32175 33369
32221 40600
32223 33411
32227 40602
32232 33210
32245 33336
32246 33337
32248 33165
32252 40553
32257 40523
32259 40610
32265 33272
32266 40606
32272 33453
32273 40623
32294 40644
32300 40528
32301 40563
32302 40642
32303 40640
32306 33080
32313 33296
32314 33487
32317 33392
32336 33506
32337 33543
32361 40694
32375 33565
32378 33584
32395 40159
32398 33619
32402 33424
32409 40609
32415 40718
32441 33466
32450 33655
32454 33659
32470 33666
32479 40763
32482 33549
32501 33597
32503 33698
32504 40771
32505 33689
32520 33697
32527 33727
32565 33756
32603 23400
32609 33860
32611 33861
32624 33684
32641 33624
32646 33877
32668 33905
32670 33735
32678 33920
32721 34004
32735 34154
32742 33997
32763 34768
32767 33745
32805 34053
32839 33783
32858 33691
32879 34128
32880 34129
32883 34116
32889 45673
32901 40797
32904 34126
32918 34175
32935 33777
32949 34225
32990 33935
32992 34380
32996 34265
33010 34280
33021 33968
33057 34134
33069 34443
33093 34349
33094 34040
33106 34047
33108 34502
33134 34091
33136 41227
33144 34110
33154 34239
33157 34114
33166 34137
33169 34140
33226 34203
33279 41241
33354 34326
33373 41090
33438 34784
33444 34790
33445 34791
33446 34792
33515 34692
33516 34584
33609 34938
33653 34985
33664 34853
33695 25526
33720 34896
33739 34849
33769 35118
33792 34831
33814 34987
33818 34987
33848 35064
33885 35056
33905 25385
33937 35126
33942 35134
33945 35157
34034 34839
34083 25982
34101 26120
34114 41559
34173 35148
34272 26053
34376 2616
34382 35552
34399 35357
34415 35591
34418 35290
34438 26406
34488 35358
34494 26563
34495 26564
34523 35761
34528 35475
34551 41804
34612 28521
34636 41964
34640 42013
34676 41959
34692 35546
34714 35563
34723 35666
34734 35602
34737 41951
34770 35883
34791 36009
34801 35927
34827 35773
34841 27044
34946 35587
34950 27235
34959 26864
34965 35891
34971 36168
34978 35884
34986 36200
34987 36201
34991 36173
34996 36133
35012 36151
35022 36232
35028 36233
35076 36038
35088 27337
35115 36066
35199 36083
35215 27613
35223 36050
35230 36190
35347 36241
35369 36269
35418 36323
35430 36332
35444 28085
35466 36381
35490 28163
35515 36328
35540 36845
35578 36878
35584 36687
35599 27646
35619 27710
35681 36435
35704 36462
35707 36465
35722 36445
35729 36475
35766 36828
35767 36830
35770 27897
35870 28575
35902 36619
35912 28487
35929 36728
35945 36774
35969 36752
35973 28154
36016 36885
36022 28221
36054 36835
36105 28657
36119 28088
36138 28344
36151 28341
36173 36982
36182 36981
36245 28510
36267 37111
36278 37047
36279 37048
36314 37039
36321 36921
36339 28757
36361 37187
36369 28650
36376 37123
36403 28428
36404 28708
36420 36983
36502 28981
36511 37354
36523 28868
36531 28875
36532 29006
36533 29007
36541 37395
36545 28659
36552 37384
36571 37168
36572 37102
36575 29196
36578 28923
36584 37466
36591 37444
36598 29044
36621 37221
36641 37400
36642 37401
36653 29138
36665 37233
36669 37491
36671 37468
36682 37458
36683 37459
36685 37448
36724 29505
36725 29506
36726 29507
36728 37560
36732 37600
36737 29146
36738 29147
36782 37583
36798 37675
36799 37676
36808 37641
36833 28957
36847 29330
36852 37399
36864 29063
36901 37762
36933 29339
36939 29420
36950 37611
36952 37806
36994 37845
37001 29653
37048 37549
37050 29376
37051 29377
37059 37749
37065 37823
37088 37910
37089 37911
37106 37805
37114 43484
37145 29758
37172 29620
37176 29772
37177 37981
37178 37982
37189 37887
37197 38119
37203 29828
37209 38107
37226 29701
37238 29805
37247 29938
37267 37965
37289 29928
37292 38039
37298 29808
37309 38056
37321 29956
37341 38024
37361 37885
37376 29879
37380 30011
37394 29958
37431 29988
37460 38268
37468 38200
37479 38262
37483 29968
37506 29975
37541 30077
37545 38091
37570 30260
37575 38215
37576 38216
37600 38370
37601 38307
37602 38308
37616 30330
37620 38259
37633 38356
37664 38299
37666 38366
37688 30169
37696 38440
37698 30328
37704 38458
37716 30372
37730 38486
37735 30518
37770 30541
37771 30542
37795 30567
37811 30574
37840 30599
37841 30600
37843 38252
37860 38333
37879 30658
37889 38573
37891 38271
37904 38640
37906 38488
37926 38588
37937 38614
37938 38615
37959 38640
37988 38447
37989 30702
37990 30703
38034 30694
38065 38634
38066 38621
38067 38622
38094 38475
38102 38577
38710 39229
38711 44494
38724 44498
38760 39043
38761 39219
38762 39220
38773 44552
38792 44537
38827 44575
38828 44576
38831 39367
38840 39241
38844 39341
38868 39350
38877 39419
38878 39483
38890 39449
38891 44670
38901 39463
38903 39451
38909 44490
38916 44735
38920 39462
38931 39488
38933 39242
38965 44684
38984 44723
38997 44765
39010 44755
39020 44766
39029 39611
39045 44835
39057 39610
39061 39642
39062 39643
39066 44791
39100 44831
39113 44667
39115 39446
39125 44859
39126 44860
39139 39739
39147 39881
39148 39882
39167 44868
39168 44896
39190 39827
39234 39669
39239 44912
39249 39890
39262 44930
39284 44978
39287 32491
39303 39918
39332 39699
39334 39948
39340 44977
39346 39944
39351 44985
39357 32584
39358 44974
39359 39959
39366 39812
39374 39985
39381 39823
39382 44907
39427 39888
39432 45005
39435 40058
39436 40059
39443 40062
39444 40063
39446 45041
39463 45028
39464 45029
39498 40131
39504 40167
39505 40168
39512 45057
39522 45104
39532 45140
39533 40146
39542 40125
39548 40152
39568 40174
39569 40175
39587 45038
39589 40194
39599 45181
39612 45044
39616 40303
39626 40249
39631 45071
39634 40249
39636 40093
39642 45193
39643 45194
39644 40229
39645 40230
39649 40290
39657 45230
39658 45231
39659 40333
39664 45221
39669 45241
39670 45242
39674 45237
39681 45258
39685 45292
39689 45291
39695 45270
39699 45263
39700 45264
39701 45126
39711 45272
39712 45273
39713 40325
39714 45199
39723 40326
39725 45296
39726 45297
39737 40164
39741 45336
39760 45309
39761 45310
39767 45417
39769 40419
39780 40474
39781 40475
39792 40485
39808 40503
39810 40506
39811 40507
39812 40590
39816 40494
39818 40452
39826 40276
39830 45366
39843 45383
39848 40417
39859 40425
39860 40552
39878 40560
39886 45349
39892 40575
39893 40463
39894 45437
39896 40668
39897 40669
39900 40564
39903 40356
39907 40673
39921 45510
39927 45507
39948 40538
39954 40635
39967 40558
39981 45373
39985 40439
40014 40795
40021 40532
40066 40791
40067 40757
40068 40755
40099 45594
40114 40743
40115 40744
40120 40910
40128 40824
40141 40737
40152 45592
40155 40864
40182 45618
40183 45619
40192 40847
40201 41133
40205 45648
40210 40839
40220 33982
40235 41071
40246 41050
40249 33776
40252 45703
40260 41076
40267 45671
40279 41140
40305 41016
40306 41017
40312 41293
40320 40957
40333 40960
40346 40880
40347 40881
40361 41001
40426 41074
40467 40998
40592 41392
40651 41441
40685 46112
40735 41628
40746 41543
40757 41439
40834 41730
40856 41647
40866 41772
40867 41773
40872 41576
40921 35010
40927 41701
40945 41724
40946 41725
40988 46102
40995 41675
40996 41779
41030 41678
41052 41643
41062 41811
41085 41729
41099 41928
41117 41648
41164 41825
41165 41879
41166 41880
41169 35335
41195 35453
41207 41842
41216 41856
41227 42107
41234 41896
41237 41866
41243 41906
41252 42159
41266 41937
41270 35839
41298 41948
41299 41940
41300 41941
41305 41894
41306 42205
41307 42206
41311 46374
41320 41955
41323 42187
41330 42016
41336 41999
41342 42197
41366 42061
41370 9138
41407 42162
41411 42305
41414 42091
41420 42356
41427 42323
41433 42373
41440 42137
41446 36140
41449 42343
41453 35794
41464 42112
41465 46620
41473 42172
41480 42223
41487 36201
41503 42274
41506 36151
41513 36233
41516 42228
41557 42327
41616 36373
41626 42532
41642 42539
41670 42592
41671 42593
41677 42535
41727 42620
41728 42457
41822 42555
41833 46774
41834 46775
41857 42729
41906 36688
41907 36689
41930 42627
41951 42644
41959 36775
41978 42591
42005 42628
42014 42700
42030 42663
42077 43028
42113 43007
42135 42727
42140 42731
42141 42732
42143 36800
42161 36657
42170 42853
42172 42860
42208 42865
42230 42789
42277 36793
42299 37271
42354 43067
42355 43009
42386 43044
42391 43060
42396 43114
42408 37256
42420 43081
42426 43086
42435 43093
42462 43148
42482 43165
42492 43259
42504 43183
42505 43226
42506 43227
42513 37408
42517 43237
42527 43242
42528 37429
42537 37433
42562 43273
42566 43190
42568 37418
42569 37419
42572 37418
42573 37419
42592 37454
42628 43145
42633 43164
42641 37821
42642 37822
42665 37675
42666 37676
42670 37675
42671 37676
42681 43367
42682 43351
42706 43427
42707 43428
42710 37654
42746 43286
42751 37659
42757 43470
42760 43527
42771 37683
42774 43334
42776 37693
42799 43490
42805 37665
42815 43530
42835 37778
42846 37978
42847 37984
42851 43653
42858 37824
42870 43504
42871 43505
42876 43461
42895 43617
42900 37968
42905 43512
42916 43542
42928 43642
42942 38000
42943 43671
42972 43760
42974 43622
42990 43638
43046 38114
43056 38220
43075 38153
43080 38248
43091 43786
43108 43790
43120 43827
43145 43746
43168 43842
43174 38306
43189 38370
43196 43897
43212 43803
43227 38276
43228 38277
43229 43702
43240 38304
43241 38303
43243 38558
43247 38415
43250 38440
43293 43927
43294 38487
43299 38489
43311 38449
43314 43769
43334 43922
43345 44040
43355 38568
43390 38603
43407 44009
43418 38339
43419 38496
43431 43938
43455 38656
43458 44060
43467 44120
43468 44121
43469 44068
43471 43903
43476 44066
43477 44067
43494 38434
43497 44109
43505 43948
43523 44092
43551 43998
43552 43999
43652 44078
43656 44091
44010 39236
44014 44477
44023 44516
44046 44555
44060 51060
44061 44519
44067 48279
44071 48285
44079 48205
44080 48156
44087 44594
44089 48302
44090 48303
44101 48301
44105 44615
44111 44590
44115 48321
44116 48322
44121 44626
44132 44636
44146 44655
44155 48334
44160 44691
44166 44732
44176 48364
44187 48414
44190 44566
44191 44567
44196 48312
44222 48476
44229 44623
44240 44864
44244 44748
44272 48440
44293 44843
44296 44863
44313 48459
44345 44803
44369 44908
44376 48557
44425 44981
44438 44975
44455 44983
44463 45007
44474 48599
44482 48546
44500 45068
44514 45074
44517 48660
44524 45131
44525 48658
44529 48679
44534 45118
44541 48666
44546 48687
44549 45102
44552 48690
44554 45008
44589 45097
44593 45214
44594 48694
44600 45083
44633 48746
44634 45076
44638 48768
44644 45190
44646 45123
44662 45265
44663 45266
44677 45233
44696 48701
44697 48700
44700 45344
44713 45376
44714 48784
44719 45391
44747 40407
44762 45304
44766 45439
44768 40482
44770 48766
44780 48866
44783 45512
44786 45314
44789 45433
44791 45345
44799 45459
44802 45489
44803 45483
44804 45410
44810 45501
44820 45476
44832 48818
44845 45524
44848 45409
44867 45421
44869 45531
44892 40740
44915 45615
44930 48977
44931 48978
44934 45632
44958 45596
44962 45720
44969 45587
44977 45789
44987 45668
45009 49043
45010 45712
45043 45889
45048 49143
45053 45762
45073 45725
45085 45735
45110 45759
45118 45804
45130 45848
45239 45799
45264 45969
45265 45970
45269 41356
45294 43520
45320 46097
45322 46016
45329 46021
45360 45978
45369 45986
45453 45968
45475 46203
45482 46126
45484 46260
45486 46041
45511 46235
45517 49334
45523 46228
45525 46194
45553 46265
45554 46266
45577 49448
45582 46217
45591 46202
45597 46244
45603 46342
45604 46343
45622 46248
45677 46285
45687 46271
45728 46325
45733 46332
45734 46333
45739 46317
45753 46368
45754 46364
45781 46444
45784 46412
45796 46569
45797 46570
45800 20800
45810 42311
45824 42322
45836 46437
45841 42347
45844 46446
45851 46494
45892 46537
45900 46657
45901 42185
45902 46553
45904 46620
45926 42405
45955 42480
45961 46728
45988 46623
46004 9965
46005 42272
46022 46729
46039 42573
46047 46663
46066 31348
46068 46776
46069 46777
46088 46801
46124 42664
46144 46825
46156 46838
46172 46723
46178 46889
46194 42475
46246 42659
46248 42661
46278 46782
46299 46940
46321 46821
46337 50161
46367 42697
46380 46934
46383 42856
46386 47144
46389 46869
46392 46932
46400 42735
46408 46963
46421 50129
46448 47026
46450 47122
46463 47037
46497 46981
46501 43047
46509 47123
46527 47046
46543 47055
46554 47108
46576 43166
46594 43163
46607 47105
46626 47208
46631 43347
46633 47226
46641 43358
46659 47174
46666 47113
46669 43408
46691 47140
46706 47272
46719 47177
46724 47267
46726 43318
46730 43337
46742 43352
46747 47314
46749 47186
46768 47365
46774 47337
46807 43305
46832 47476
46848 47488
46850 47520
46886 47397
46890 43601
46894 47433
46895 47528
46905 43552
46908 47412
46909 47413
46916 50549
46918 43694
46921 47421
46922 47548
46924 47582
46925 47583
46930 47428
46937 43587
46944 47608
46946 43619
46947 43620
46949 47527
46966 47532
46969 43632
46974 47418
46985 47541
46986 47542
46987 43689
46990 47499
46998 43520
47013 43585
47014 47490
47015 47526
47018 47565
47020 47622
47023 47671
47028 47609
47034 47539
47038 47648
47045 43665
47051 50577
47054 47564
47066 43680
47071 47568
47078 43751
47104 43875
47117 47643
47124 43858
47128 47673
47138 43867
47139 47679
47148 47744
47153 43785
47156 43870
47173 47757
47181 43841
47186 43913
47195 47703
47196 47704
47198 43839
47204 47604
47205 43817
47225 43724
47235 47815
47243 43994
47251 44012
47263 43947
47265 44039
47292 44084
47306 44036
47320 44034
47377 43933
47444 47854
47466 44077
47467 47874
47479 47885
47705 51029
47724 48248
47735 48225
47740 48267
47748 51031
47771 48265
47777 48314
47787 48321
47788 48322
47792 48372
47811 48329
47812 48330
47816 51071
47847 48365
47852 51076
47854 48256
47860 48260
47861 48261
47868 51138
47879 51114
47880 51059
47887 48397
47900 48411
47906 48419
47907 48491
47914 48427
47926 48435
47950 48331
47968 51109
47976 48486
47977 48487
47982 48495
47985 51181
48007 51202
48026 48569
48039 51243
48045 51244
48056 48522
48067 48575
48070 51182
48076 51200
48088 48634
48090 51201
48093 48590
48094 48597
48095 51215
48101 48630
48110 48610
48115 48654
48116 48641
48134 48692
48135 48693
48140 48707
48149 51348
48198 48761
48202 48776
48203 48680
48218 51389
48240 48854
48245 48718
48248 48725
48249 48724
48252 48832
48258 48811
48263 48789
48264 51448
48280 51424
48299 48891
48310 48825
48311 48901
48333 51520
48335 48925
48361 51584
48370 49005
48374 51546
48379 48912
48389 49021
48392 51484
48403 51577
48418 14661
48433 48989
48442 49127
48468 51645
48484 49075
48485 49073
48486 49081
48487 49187
48577 49268
48634 49149
48637 49322
48639 45847
48672 49391
48697 49331
48705 49412
48738 46198
48741 49393
48768 49288
48806 49396
48812 49303
48819 49466
48820 49368
48870 49456
48892 46202
48895 46273
48900 49507
48910 46256
48944 49464
49014 49590
49020 49703
49024 49559
49028 49597
49040 46546
49043 49573
49061 49718
49079 49640
49082 49652
49085 46451
49089 49661
49094 49656
49125 49789
49126 49792
49138 49663
49140 49677
49144 49669
49161 46517
49165 49813
49179 49860
49191 49746
49204 46700
49206 49751
49210 49867
49219 49883
49220 49852
49240 49756
49241 49900
49275 49785
49277 49833
49280 49928
49294 46740
49301 46764
49386 49909
49396 46852
49410 49968
49411 49969
49433 49960
49439 50039
49467 46924
49529 50025
49530 46810
49561 50066
49600 50130
49606 50153
49610 50206
49617 47106
49620 50241
49625 52366
49640 47013
49659 50250
49666 50231
49671 50134
49672 50135
49676 50242
49690 50265
49712 50252
49744 50316
49747 47162
49748 47163
49763 47178
49765 50337
49769 47255
49771 47232
49786 50254
49794 47196
49797 50292
49817 50290
49822 47332
49823 47288
49826 47292
49827 50393
49829 47210
49841 47186
49847 50414
49869 47312
49871 50355
49873 50422
49880 50363
49881 50364
49901 50488
49909 47305
49913 47406
49915 50486
49921 47511
49927 47350
49932 47494
49937 50406
49939 47453
49940 50523
49941 47391
49944 47398
49947 50589
49956 50563
49960 50437
49962 50493
49972 47376
49973 50524
49976 50546
49977 47485
49998 47586
50002 47601
50013 50625
50026 50560
50035 50633
50045 43650
50046 47597
50063 50591
50064 50592
50071 47594
50076 50599
50079 47561
50088 47612
50093 50659
50112 50639
50121 47668
50129 50688
50133 47767
50135 50655
50144 47727
50148 50601
50153 50668
50159 47779
50160 47778
50166 47776
50168 47749
50181 50692
50184 47732
50188 47739
50197 50687
50198 47821
50200 47828
50209 47761
50213 47735
50223 47781
50224 47782
50225 50692
50236 50666
50238 50742
50259 50758
50265 47894
50268 50767
50272 47844
50306 47897
50308 47878
50320 50729
50364 47852
50398 47911
50536 52844
50559 50994
50560 50967
50561 50968
50564 51044
50565 51025
50574 51035
50584 51032
50588 51085
50589 51073
50591 52903
50596 51047
50601 51087
50603 52936
50605 51086
50611 51097
50612 51098
50615 51105
50619 51061
50628 52968
50629 52969
50635 51134
50642 52963
50644 51185
50652 48458
50673 51176
50676 51177
50679 51193
50683 52999
50690 51210
50726 48561
50744 53043
50747 51215
50775 51246
50776 51247
50784 51301
50788 51300
50802 51345
50807 51323
50815 51295
50817 53057
50818 51370
50820 51341
50821 51342
50827 53064
50830 51368
50833 53071
50835 53075
50847 53080
50851 51397
50873 51422
50874 48877
50881 51427
50890 51460
50905 51405
50916 53125
50918 53171
50934 51480
50938 51476
50946 51478
50947 51479
50955 51527
50965 51514
50980 51503
50982 53247
50985 51562
50987 51484
50990 51485
50992 51538
50998 51581
51004 51584
51007 51629
51009 51551
51010 51496
51011 51649
51012 51597
51013 51592
51018 51648
51019 51599
51023 51529
51033 51638
51036 51622
51039 51544
51045 51554
51057 51568
51063 49039
51067 51712
51069 51618
51082 51598
51102 51624
51112 49282
51115 51657
51125 51762
51145 51784
51156 51748
51163 51754
51164 51755
51186 51783
51197 51805
51211 51812
51215 53320
51222 51860
51223 51861
51253 49435
51287 53391
51295 49440
51307 49569
51314 51919
51315 53409
51330 51886
51331 51852
51336 51862
51360 51871
51380 51901
51383 51923
51387 51928
51396 51934
51399 51929
51400 51930
51401 53480
51438 51940
51444 49632
51461 51939
51470 51945
51478 49760
51480 51999
51486 52008
51490 51976
51501 49701
51514 52109
51550 49900
51554 53589
51645 49990
51657 52244
51662 52204
51672 52254
51673 52255
51683 49997
51686 52215
51693 50070
51694 52278
51695 52193
51707 50126
51736 52334
51744 52214
51750 52269
51776 52311
51785 53700
51792 52404
51794 50149
51800 50116
51812 52317
51835 52362
51836 52363
51841 50220
51862 50248
51863 50249
51883 50312
51904 52408
51908 52419
51912 52415
51918 50333
51930 50340
51932 52388
51935 50297
51938 52454
51946 50293
51950 50458
51965 50436
51972 50369
51976 52448
51997 52478
51999 50569
52000 50570
52001 50407
52002 50408
52008 50416
52011 50429
52012 50430
52020 52544
52036 50490
52040 52577
52045 50626
52051 52572
52056 50525
52069 50554
52070 50588
52078 50618
52080 52591
52092 50689
52097 52593
52102 50656
52103 52604
52104 50661
52106 50710
52110 52620
52121 52647
52129 50735
52139 50697
52140 50762
52143 52639
52157 52649
52162 52664
52163 52665
52164 50721
52169 52684
52175 50743
52179 50790
52183 50774
52184 50775
52191 52707
52243 52728
52273 50788
52276 52724
52277 52725
52399 54097
52404 52874
52405 52875
52408 52829
52409 52888
52411 54098
52413 52887
52429 54076
52433 52912
52439 54093
52442 52919
52450 54099
52457 52893
52460 52934
52469 54123
52473 51146
52474 52966
52475 52994
52489 54146
52504 52977
52506 52996
52521 52995
52528 54172
52539 53009
52543 54175
52544 53014
52553 53023
52561 53031
52562 53032
52568 53008
52570 53037
52573 53041
52578 51285
52587 53085
52594 53042
52596 53065
52606 54228
52608 54236
52609 53081
52611 53115
52617 53109
52629 53100
52633 53149
52636 53152
52640 53120
52669 53165
52680 53173
52686 53192
52687 53193
52698 53176
52700 53186
52701 54297
52705 53190
52706 53191
52715 53208
52722 53188
52728 53211
52731 51533
52738 53231
52742 53223
52745 53228
52746 53229
52755 53258
52758 53275
52796 53261
52807 53267
52855 53371
52856 53372
52869 53352
52887 53360
52888 53361
52891 53393
52892 54415
52893 53392
52900 53359
52907 53417
52914 53398
52915 53399
52917 53427
52933 53422
52944 53408
52953 53425
52965 53458
52971 53460
52984 53461
52994 54489
52996 51948
52997 52017
52998 52018
52999 53487
53000 53543
53001 53544
53003 53541
53004 53490
53005 53475
53018 53504
53020 53560
53030 54550
53041 52025
53045 53526
53054 53553
53055 53565
53070 52131
53077 52166
53120 53600
53121 53670
53136 53642
53145 52256
53150 53659
53153 52272
53160 43125
53162 52225
53164 53648
53168 52230
53169 52231
53174 52232
53179 53678
53186 53703
53187 53704
53189 53717
53214 53674
53216 52246
53227 53708
53231 53687
53238 52364
53279 53779
53309 53757
53315 53815
53317 53805
53323 53825
53326 53778
53331 53829
53340 53832
53343 52546
53344 52491
53350 52538
53351 53835
53354 52471
53356 52503
53363 53821
53365 53850
53373 52555
53377 53858
53381 52581
53395 52534
53401 53861
53402 52565
53407 52569
53409 53899
53413 52582
53425 52614
53428 52628
53441 53911
53442 53907
53463 52617
53473 53920
53489 52690
53492 52679
53493 53932
53507 53948
53529 52673
53530 52674
53661 54091
53662 54085
53664 54950
53667 54090
53668 54965
53679 54102
53680 54117
53684 54973
53699 54152
53702 54101
53706 54128
53711 54137
53712 54138
53726 54148
53728 54158
53758 54181
53767 54193
53769 54192
53776 54194
53777 55007
53780 54210
53781 54211
53783 54218
53787 54222
53791 54228
53798 54196
53804 54241
53808 54221
53812 55043
53814 53141
53819 54253
53820 55057
53840 55060
53841 54255
53842 54277
53849 54279
53853 54276
53855 54275
53857 55064
53873 54282
53874 54289
53875 53214
53878 54286
53879 54287
53891 55106
53896 54311
53920 54313
53924 54340
53969 54422
53976 54428
53993 54450
53994 54451
54012 54420
54032 54454
54038 55190
54042 54483
54049 54457
54061 53520
54065 54480
54074 54466
54083 54485
54085 53558
54092 54509
54093 54511
54107 54551
54114 54532
54116 54543
54117 54574
54127 54577
54137 53624
54176 53630
54184 53715
54198 54659
54202 54652
54203 54653
54207 54613
54209 53691
54212 53726
54214 54632
54227 54620
54235 53755
54249 54667
54270 54675
54276 54712
54289 54736
54290 53768
54292 53782
54293 54733
54295 54707
54304 54709
54306 54706
54309 54741
54313 54748
54314 54749
54326 53848
54330 53869
54345 54791
54346 53877
54352 54798
54359 54807
54360 54808
54368 54780
54370 53915
54374 54813
54377 54803
54388 54811
54391 53923
54393 54818
54397 53935
54398 54824
54402 54829
54408 54840
54412 53909
54415 53956
54420 54849
54422 54854
54437 53962
54530 54946
54532 55487
54537 54945
54542 54967
54544 54113
54547 55504
54552 54981
54553 54956
54564 55509
54565 55510
54566 54987
54568 55003
54573 55000
54575 55014
54577 55009
54582 55018
54595 55021
54602 55025
54609 55050
54611 55056
54612 55556
54621 55054
54624 55047
54628 55066
54629 55053
54634 55064
54665 55101
54667 55094
54669 55606
54681 55116
54708 55620
54731 54425
54740 55178
54741 55179
54751 55190
54764 55205
54769 55643
54772 55228
54778 55214
54780 55237
54786 55244
54791 55250
54793 54552
54799 55253
54800 55254
54814 55260
54815 55233
54818 54539
54823 55277
54864 55326
54867 54659
54874 55310
54900 55347
54902 54699
54903 54689
54907 55371
54913 54738
54916 54745
54944 55412
54953 55417
54963 55429
54964 55431
54965 54836
54977 55432
54984 55445
54985 55430
54990 54853
55000 54845
55066 55476
55069 55505
55071 55501
55072 55503
55073 55506
55074 55811
55078 55523
55079 55817
55083 55513
55085 55514
55087 55521
55089 55526
55114 55549
55120 55559
55131 55565
55134 55583
55144 55578
55184 55880
55213 55669
55215 55656
55220 55666
55228 55249
55230 55672
55235 55674
55237 55684
55262 55304
55359 55411
55362 55750
55369 55422
55372 55413
55373 55414
55379 55763
55437 55803
55439 55810
55440 55808
55452 56004
55456 55820
55461 55824
55466 55832
55470 55555
55494 55874
55522 55892
55542 55910
55543 55911
55553 55920
55566 55945
55581 55725
55591 55742
55599 55965
55604 55977
55635 55994
55639 56003
55642 56007
55644 56008
55649 56012
55653 56015
55654 56175
55657 56019
55661 56178
55664 56026
55668 56184
55670 55845
55671 56186
55684 56034
55698 56058
55705 56074
55708 55906
55714 56085
55716 56080
55717 56082
55756 55954
55763 55956
55802 56237
55805 56241
55807 56169
55811 56171
55820 56249
55825 56180
55829 56187
55849 56091
55869 56106
55870 56211
55871 56120
55872 56121
55879 56128
55895 56235
55917 56264
55921 56266
55934 56278
55971 56311
55974 56314
55986 56328
55992 56331
55997 56337
56001 56290
56018 56380
56022 56363
56023 56367
56034 56343
56040 56383
56041 56384
56044 56360
56049 56366
56051 56369
56052 56370
56054 56392
56059 56394
56064 56397
56068 56403
56075 56413
56077 56411
