1550
1500 17889
1580 19357
2212 18726
2234 18898
2262 8018
2293 19032
2294 19031
2302 19081
2634 18751
2642 30260
2708 18640
2881 18312
2945 19144
3160 18071
3282 18298
3607 16233
4184 17839
4269 17842
4278 16819
4280 18105
4414 17030
4450 16821
4485 16085
4590 16668
4597 16503
4604 16503
4670 16410
4788 29156
4803 17617
4847 17600
4881 16695
5131 16409
5252 16237
5296 16224
5323 16222
5414 16637
5569 28125
6123 16051
6356 14343
6440 27936
6538 15521
6549 15484
6711 15264
6810 15214
6812 15020
6923 14929
7029 14817
7162 14728
7193 14649
7197 14706
7227 14854
7235 14593
7305 14631
7324 27016
7491 1940
7650 14231
8925 13868
8959 12589
9142 13868
9415 25815
9461 13006
9470 12994
9601 12901
9808 12258
9815 12581
9816 12713
9918 11151
9963 26450
10030 11048
10043 10723
10172 25648
10219 12045
10224 12486
10294 11907
10380 25703
10400 11866
10435 11816
10645 10809
10691 25862
10706 11833
10776 10809
10780 10554
10843 8568
10863 24786
10924 10370
11089 11158
11238 25426
11336 10697
11377 34957
11400 9943
11489 24800
11540 9216
11741 23945
11752 11208
11789 8139
12017 25195
12029 24043
12145 8398
12157 9013
12210 24190
12320 24149
12327 24879
12367 23879
12497 24880
12498 24767
12511 24189
12539 7508
12540 7507
12548 9013
12592 24073
12593 24165
12708 24169
12746 23795
12747 23794
12770 33871
12850 23252
12853 48426
12988 23952
13036 23933
13068 23913
13269 9559
13581 23500
13721 6507
13921 7757
13930 23527
13952 5879
13972 22821
13978 23533
13983 7315
13984 7314
14002 6653
14009 9063
14039 7859
14059 9029
14135 24042
14212 22691
14213 23165
14276 5029
14307 23088
14308 23087
14310 8866
14352 23057
14353 23056
14363 4945
14378 4895
14434 22401
14466 8713
14479 22383
14487 22368
14488 8183
14548 22343
14586 5989
14593 22300
14594 22307
14620 22928
14651 8902
14682 6897
14759 5564
14760 22931
14795 7871
14816 22873
14824 6743
14832 23569
14843 22887
14922 22828
14923 22827
14931 6676
14951 5397
14978 7162
15068 22745
15164 3917
15165 3916
15316 22585
15323 8199
15411 22711
15454 6786
15457 7527
15777 8125
15798 7934
15948 7481
16056 4998
16174 3424
16185 22910
16255 22553
16293 4617
16323 21376
16374 5521
16734 5121
16905 21128
16933 20922
16983 21411
17101 6332
17246 4262
17424 6252
17491 6196
17492 6195
17537 5334
17570 6079
17636 6011
17650 5965
17669 5972
17735 6089
17767 3273
17768 3272
17837 2918
17855 5941
17860 21418
17924 22541
18024 5772
18044 45559
18127 5318
18205 5515
18226 2932
18233 21683
18249 21676
18361 5005
18546 19841
18555 4037
18602 4523
18744 552
18751 4388
18756 539
18785 4381
18805 514
18837 19980
18841 468
18870 21695
18899 4387
18932 4344
18945 807
18992 3368
19015 4321
19051 182
19234 4251
19317 4124
19358 4083
19360 4042
19399 3998
19452 3970
19502 4222
20644 30649
20810 30635
21048 30161
21054 19598
21057 30546
21077 30278
21148 30401
21201 38046
21213 30662
21234 30234
21265 29628
21270 16862
21323 30232
21336 38186
21347 29771
21445 19140
21462 29249
21555 29801
21557 30082
21558 30081
21612 30205
21641 30126
21686 37311
21714 30073
21782 29625
21799 18302
21885 29358
21914 18111
21929 30025
21933 18322
21949 29817
21984 17957
22017 17492
22050 29943
22057 29507
22100 37180
22131 17325
22189 16673
22228 29078
22235 29435
22260 29035
22301 17507
22303 28690
22326 17030
22335 37033
22344 28638
22396 29473
22398 29598
22427 29180
22537 17042
22545 29010
22591 17058
22621 37057
22626 37057
22662 29113
22670 37296
22737 16921
22740 37025
22797 17030
22852 27865
22901 29162
22920 28080
22925 29157
22927 36652
22943 36861
22963 36847
23199 27743
23430 37024
23431 37023
23448 15871
23495 28150
23496 28151
23497 28149
23516 28189
23537 28120
23538 28119
23610 28072
23666 27975
23693 27986
23751 27602
23959 36728
24088 27781
24235 35861
24353 27855
24362 27747
24441 13608
24450 26439
24526 13800
24647 27323
24648 27322
24671 27160
24725 13530
24739 36352
24743 13983
24774 41874
24988 27056
25060 13121
25194 26848
25278 26643
25302 35879
25355 26539
25424 26606
25464 26469
25471 25175
25484 26533
25567 25754
25663 34934
25710 26220
25737 34607
25882 34423
25888 25076
25939 26029
26014 35406
26072 35028
26146 11642
26151 26051
26200 35219
26213 11227
26227 11565
26279 11354
26374 25853
26421 34105
26545 25013
26566 33918
26703 34136
26743 10288
26814 33529
26845 33983
26899 33942
26942 10160
26948 33698
27010 33928
27024 25252
27025 25251
27086 33381
27117 24854
27118 24853
27140 34609
27152 24583
27166 9527
27255 25034
27272 33301
27274 25051
27306 24849
27307 24848
27313 33724
27335 23585
27376 24721
27429 24749
27437 24721
27548 33628
27550 23484
27561 33973
27615 24047
27645 33007
27669 24817
27670 24816
27680 23333
27760 33239
27810 8677
27824 8869
27854 33214
27913 33164
27915 33179
27922 32646
27931 23132
27962 33100
27966 23601
27975 33274
27976 33273
27990 24483
28131 32968
28148 32432
28149 32431
28153 24328
28155 32950
28178 32917
28201 32890
28257 24529
28325 22639
28425 8178
28472 22857
28544 32797
28589 32329
28651 32029
28660 21791
28667 22600
28796 22947
28800 32706
28808 23799
28840 23551
28843 23653
28851 23302
28884 32621
28894 32082
28909 23266
28956 31744
28962 33047
28970 31721
29001 21582
29055 6954
29072 22526
29087 23791
29149 32458
29180 31579
29237 31881
29248 23055
29356 32522
29527 31480
29528 31481
29549 22785
29601 6067
29606 22755
29659 5964
29667 32033
29672 31996
29712 31340
29714 5818
29715 5831
29745 20863
29762 30947
29846 30929
29890 20143
29940 22360
29955 32284
29965 21034
30010 4941
30054 22044
30061 22370
30065 22359
30082 22306
30084 4824
30088 22349
30105 21956
30107 4781
30116 22334
30141 22306
30142 31064
30149 22284
30194 22260
30204 31020
30210 22236
30225 4307
30269 22259
30304 22158
30336 21373
30508 4236
30551 4276
30987 43819
31059 38387
31075 43742
31262 38634
31297 38668
31301 38693
31354 38548
31419 38460
31420 38459
31441 38557
31464 38415
31491 38754
31492 38753
31547 38439
31679 30606
31762 19117
31797 10280
31850 38534
31917 38492
31930 30403
31939 37438
31973 38179
31975 37491
31982 30213
31995 30332
32005 30326
32076 38218
32102 30223
32103 30222
32121 30007
32141 37802
32145 30046
32173 37894
32179 37793
32200 29899
32257 37826
32258 37993
32265 37706
32280 37684
32294 29796
32312 30007
32346 37776
32353 29564
32367 29744
32383 37858
32392 37852
32409 43275
32480 37930
32521 29555
32568 37530
32610 29408
32611 29407
32667 29110
32735 29260
32741 37642
32758 42751
32776 29246
32801 42718
32949 29026
32962 29260
33105 42748
33157 36757
33161 37341
33163 28789
33168 42717
33183 36668
33325 42485
33395 36994
33444 36982
33446 36981
33515 36660
33609 36825
33653 36805
33691 36773
33937 42394
33942 42391
34055 35916
34182 36094
34229 36378
34234 36045
34313 26711
34314 26710
34315 25950
34383 41813
34399 35906
34437 35871
34528 35770
34533 35763
34561 36231
34637 35414
34679 26999
34714 27127
34814 35417
34850 12732
34948 41491
34949 41490
34955 41500
34984 35643
35011 41944
35015 35619
35028 35639
35109 45896
35255 35438
35376 24996
35398 35241
35399 41221
35409 26204
35430 41204
35450 41016
35466 41211
35490 35371
35588 34912
35672 41085
35701 35330
35720 40952
35734 40957
35735 35159
35753 40960
35770 41014
35771 41013
35816 40749
35817 40967
35893 40938
35907 40874
35942 45521
35945 40918
35973 40857
36047 40779
36060 40790
36138 40758
36143 33342
36151 40694
36220 25080
36244 33728
36245 40722
36308 34249
36321 40382
36343 40577
36369 40635
36402 40320
36403 40319
36404 40622
36425 34050
36456 34641
36545 32937
36558 34539
36560 40448
36561 40447
36569 32891
36572 44967
36578 40407
36583 34310
36590 24704
36600 40175
36605 40169
36619 34468
36620 40086
36640 40649
36661 33184
36666 40031
36676 32707
36684 39985
36732 34416
36746 34229
36760 34376
36782 40582
36785 24332
36808 34291
36852 32495
36933 32884
36939 33383
36951 34205
36952 34204
36958 32384
36966 32631
36989 33040
36994 24283
37048 39676
37078 33537
37172 32883
37183 39879
37197 33853
37206 33616
37247 33314
37260 33166
37261 33165
37267 40109
37290 33128
37298 32822
37320 32840
37341 40117
37344 32319
37355 40274
37394 23621
37412 32269
37462 39467
37557 23843
37575 32542
37600 33617
37602 23136
37642 40066
37666 33312
37688 39596
37751 32587
37762 39982
37772 32751
37851 44579
37856 21804
37870 40490
37871 39980
37891 31205
37896 32492
37957 33311
37967 32188
37972 31675
38030 31983
38034 31569
38042 39339
38043 32131
38050 39587
38094 38845
38095 38844
38152 32019
38160 39090
38189 39701
38199 39443
38236 31460
38251 31437
38252 22630
38323 32650
38324 32649
38408 31042
38411 32414
38432 32394
38438 32383
38469 25691
38472 32118
38496 32095
38517 32070
38552 32420
38579 32545
38666 39161
38792 43938
38927 43819
38939 43819
38987 43753
39139 43933
39233 47356
39239 43876
39262 47603
39307 43838
39397 47283
39431 47254
39442 43683
39461 43728
39463 38529
39465 38592
39541 47282
39590 38480
39629 38324
39631 38434
39635 38388
39660 38311
39663 38278
39666 47203
39717 38365
39737 38333
39740 30214
39741 43559
39770 43455
39800 37894
39810 37991
39811 37990
39812 38132
39843 43335
39847 43667
39860 43459
39865 43055
39881 47273
39899 38123
39922 47057
39964 47022
39981 43541
40069 37801
40118 43280
40152 37742
40192 37673
40236 42733
40292 42821
40333 46878
40361 46858
40464 46772
40528 37283
40533 37282
40534 37280
40541 46625
40592 42849
40614 42802
40668 36817
40735 42697
40845 36915
40954 46708
40977 42669
40982 42674
40994 14606
41099 42437
41122 41772
41136 42172
41144 46284
41145 46285
41215 36445
41231 44230
41252 42331
41270 36168
41328 49417
41338 46068
41390 42106
41402 35980
41411 35934
41464 41363
41478 41336
41497 26538
41513 35639
41533 41922
41542 41262
41544 45903
41576 41901
41602 41145
41610 41954
41615 41856
41616 41855
41670 41811
41671 41810
41677 46027
41720 19947
41951 45652
41980 41413
42092 45505
42096 45521
42143 45485
42185 45268
42195 45357
42196 45356
42221 41420
42246 45417
42281 40547
42282 40546
42287 45380
42293 34733
42324 41317
42325 41316
42350 45366
42356 45371
42416 34653
42426 45262
42427 45261
42428 45463
42429 45462
42435 45254
42474 34566
42490 41038
42504 45228
42506 34481
42517 41157
42533 34173
42537 40720
42545 34468
42558 45737
42568 40326
42569 40325
42572 40326
42573 40325
42574 45162
42581 40406
42586 44946
42592 40336
42603 44885
42637 44922
42682 41033
42710 34185
42751 40211
42757 34235
42774 40011
42777 45026
42781 44847
42793 39737
42794 39736
42851 40754
42916 45020
42928 40803
43002 40365
43019 40117
43034 33699
43071 39776
43091 40736
43105 40732
43106 44709
43120 40273
43144 44928
43163 33636
43167 33386
43187 40483
43211 33331
43213 40128
43225 45056
43229 44301
43250 44944
43266 44933
43295 40536
43296 47957
43343 44338
43355 40492
43371 45280
43397 39947
43411 44365
43423 44377
43467 40393
43476 44444
43494 44090
43495 44091
43523 44603
43551 44067
43581 44211
43608 44089
43625 44865
43647 44190
43648 33064
43667 39956
43675 44892
43762 32624
43770 39181
43791 31042
43803 44678
43842 44383
43895 39626
43906 39722
43908 44325
43936 39202
44253 47415
44373 47672
44460 50161
44488 43886
44491 47578
44516 47490
44524 47559
44584 43816
44607 43786
44608 43785
44634 47590
44645 43727
44648 43673
44663 38236
44682 43721
44697 43701
44706 43625
44713 47398
44719 47412
44726 47302
44727 47301
44738 50038
44786 43598
44804 47018
44832 43556
44872 47258
44873 47257
44885 43437
44916 43432
44942 43329
44946 43219
44954 9832
44964 47014
44969 43313
44987 46972
45012 49810
45014 43182
45030 43231
45043 47118
45069 43134
45073 49750
45109 47152
45121 46683
45142 42917
45220 46933
45237 46907
45271 46885
45272 46884
45288 46873
45289 46872
45312 46866
45360 46576
45486 42722
45594 46207
45603 46634
45604 46633
45638 42498
45642 49432
45677 46675
45683 46382
45721 46156
45753 42375
45796 46497
45797 46496
45810 46410
45824 46395
45834 49149
45841 46378
45842 46400
45872 46353
45900 46363
45904 49375
45924 42024
45941 42084
45955 46287
45966 49377
45968 49128
46015 46255
46030 46241
46039 46222
46048 46215
46050 48921
46070 49356
46088 46179
46092 46067
46108 49030
46223 41712
46224 45921
46225 45920
46226 45934
46325 48869
46384 48641
46420 45352
46433 45805
46437 48780
46448 48762
46450 41220
46501 45832
46556 48673
46564 45222
46590 45463
46591 45462
46594 45530
46598 41247
46615 48432
46635 48614
46639 48470
46641 45647
46659 48516
46660 45187
46675 45186
46687 48586
46714 48726
46719 48417
46726 45353
46730 41057
46747 41023
46748 41022
46769 41070
46817 44842
46843 45365
46849 45460
46850 45459
46866 48239
46885 45333
46910 39958
46921 44858
46924 45401
46925 45400
46935 48583
46955 48307
46974 44652
46986 40685
46990 48434
47008 45054
47015 48466
47034 48429
47045 48423
47054 44976
47069 44955
47076 44718
47077 44717
47085 45308
47086 45338
47124 45069
47140 26660
47158 45281
47172 45343
47203 44289
47204 47954
47205 44612
47225 44277
47237 48164
47243 48387
47251 44925
47253 47925
47266 45143
47277 44762
47288 44736
47289 44735
47292 44895
47432 47924
47446 44388
47504 44439
47507 47845
47530 44113
47599 44685
47621 44870
47785 49872
47985 50480
47990 52155
48007 52158
48035 50299
48051 50401
48061 52085
48062 47639
48079 47378
48094 50244
48095 50474
48113 47671
48134 50319
48174 43740
48190 50064
48198 50282
48213 47558
48220 52022
48245 47541
48249 47546
48260 47511
48263 47459
48287 47403
48300 51914
48330 47366
48334 51892
48337 47364
48344 50214
48378 47319
48380 47318
48388 47304
48396 43369
48398 46982
48420 46957
48427 50094
48435 47262
48445 47208
48527 49733
48556 49978
48567 6856
48568 49972
48600 49676
48672 46891
48709 49835
48710 49834
48733 49507
48738 49814
48743 42876
48768 46914
48818 49436
48939 49314
48963 46677
48964 46678
48992 46691
49000 51430
49013 49227
49043 49204
49048 49580
49089 49371
49124 51513
49132 49113
49144 51393
49152 49508
49153 49096
49176 49070
49179 49484
49204 49468
49241 49418
49280 49394
49292 49381
49294 51455
49323 49479
49357 49312
49426 46128
49439 46173
49458 49269
49512 40643
49519 51223
49531 48659
49558 48802
49579 51178
49589 51256
49598 51138
49599 51137
49600 52698
49605 49033
49617 48939
49619 48934
49620 48933
49640 51088
49666 49047
49670 48578
49671 51022
49674 51009
49692 45743
49703 51090
49716 51105
49717 51104
49734 51056
49747 48619
49753 48899
49760 48638
49765 48789
49813 50883
49817 50882
49826 48693
49846 48783
49880 50868
49881 50869
49893 48718
49894 48719
49900 48878
49913 45534
49933 48202
49934 48201
49937 50812
49947 48786
49954 48539
49971 50787
49972 50786
49977 48515
49985 50798
49997 48597
50014 45390
50026 50949
50031 48289
50040 48276
50063 50822
50064 50821
50071 50911
50076 48243
50083 50906
50088 48216
50089 48222
50100 50904
50120 48167
50142 48052
50148 50624
50169 50767
50198 48373
50200 48430
50201 48667
50288 48188
50292 48616
50309 48034
50311 48593
50320 50526
50326 48380
50330 48581
50368 45142
50378 48410
50379 48411
50382 48343
50399 50685
50403 48012
50413 50548
50420 48237
50426 48305
50432 48367
50472 48362
50567 52226
50590 53461
50668 53445
50680 52154
50690 52223
50714 52172
50747 50474
50754 47706
50771 52005
50775 50443
50776 50442
50815 50396
50816 50412
50817 50413
50819 50421
50827 50387
50832 50390
50842 52025
50847 52166
50868 50356
50912 50290
50932 53222
50934 52039
50944 51887
50988 53228
51004 50094
51014 50135
51041 50091
51045 51870
51057 51862
51067 51951
51102 53168
51123 51904
51125 51902
51130 51900
51218 49646
51223 51796
51342 49749
51382 49495
51401 49707
51448 51522
51478 51590
51486 51471
51514 51558
51550 51523
51557 51585
51584 49425
51629 52826
51686 52782
51697 52764
51741 51191
51749 52743
51760 52643
51771 52725
51775 52716
51783 52704
51788 52715
51798 52709
51800 52666
51819 51334
51840 52617
51846 52611
51850 52671
51855 48948
51857 48947
51862 51073
51863 51074
51866 51272
51883 51185
51899 51067
51912 52635
51918 52644
51930 52619
51947 50879
51957 51239
51972 52519
51976 52500
51995 51103
51999 51157
52001 52497
52002 52496
52007 51099
52010 52468
52040 52647
52045 51045
52070 50827
52072 50852
52080 51096
52093 50981
52103 52443
52129 50917
52136 50897
52137 50896
52141 50594
52151 52494
52164 48101
52165 48102
52190 50969
52196 52465
52236 53562
52237 51018
52253 52280
52255 50935
52263 50640
52264 52405
52275 50894
52280 52291
52282 50680
52318 52444
52415 53474
52416 53473
52424 53465
52522 53472
52558 53471
52587 53414
52594 52189
52602 53426
52619 52100
52646 53275
52654 52106
52655 53273
52666 53385
52673 51894
52680 53260
52686 52031
52687 52030
52692 53251
52693 52082
52697 52021
52700 53238
52703 53240
52721 52038
52742 53204
52747 53299
52752 52016
52761 52012
52763 54168
52773 54146
52797 53171
52890 51864
52912 52992
52924 52984
52925 51752
52926 51795
52937 52974
52947 52969
52953 54002
52960 51742
52970 52944
52974 53996
52999 51713
53002 53084
53022 52894
53041 51644
53077 52982
53091 52872
53150 53889
53158 53862
53159 53861
53162 53868
53168 53860
53169 53859
53174 53839
53179 53841
53209 53834
53218 53920
53223 52815
53224 52814
53246 53867
53275 52590
53277 53779
53313 53742
53326 53677
53354 53666
53363 53689
53388 53729
53403 52741
53404 54448
53407 52559
53415 52477
53428 52596
53470 52579
53473 52420
53493 52408
53529 52274
53547 53551
53548 52378
53560 52530
53566 52484
53579 52281
53610 53529
53624 52525
53769 53462
53773 54338
53777 53467
53803 54301
53804 54302
53808 53423
53841 53375
53849 53265
53850 53377
53852 53368
53950 54204
54048 53147
54050 54000
54074 53974
54078 54670
54132 54635
54136 52999
54137 52998
54184 53970
54194 54589
54249 54560
54260 54558
54276 53905
54283 53781
54289 53906
54303 53693
54306 54483
54319 53801
54330 53812
54346 53778
54374 52658
54412 53552
54418 52593
54422 52597
54455 54393
54471 53570
54474 53656
54502 53650
54508 53675
54568 54886
54621 54834
54627 55166
54638 54822
54647 54278
54667 55153
54714 54161
54756 54780
54786 54709
54799 54063
54808 54710
54823 54680
54826 54633
54894 54576
54903 55010
54910 55002
54913 55025
54915 54985
54926 54988
54943 54964
54948 54519
54965 54507
54990 54433
54995 54527
55002 54505
55007 54502
55018 54402
55041 54396
55096 54910
55111 55433
55120 55177
55125 54819
55134 55193
55150 54849
55184 54773
55223 55359
55230 55356
55235 55347
55236 54633
55264 55322
55285 55318
55352 55286
55375 54975
55484 55195
55531 55128
55582 55308
55618 54999
55622 55471
55687 55430
55716 55522
55751 55628
55755 55334
55759 55494
55760 55624
55762 55618
55770 55499
55875 55721
55948 55797
55990 55846
56006 55840
56033 55863
56041 55892
56043 55890
56048 55853
56059 55897
