2373
169 18553
190 29945
207 29806
229 17553
261 17819
262 30252
500 29714
538 18162
587 17899
710 18151
711 18150
752 18299
831 16972
897 17914
919 18114
988 29837
1009 16744
1036 19389
1040 37890
1093 17556
1175 16601
1197 17506
1317 29065
1413 17481
1470 17346
1498 17380
1506 29527
1520 29256
1521 29255
1618 46917
1643 17234
1759 28918
1848 16342
1866 16041
1867 29175
1875 28998
1877 16794
1916 16948
1918 28969
1937 28951
2077 16424
2123 37188
2154 15760
2231 16361
2262 16127
2263 16128
2302 16325
2315 16297
2336 28768
2529 28364
2545 28757
2571 15280
2613 15958
2634 15974
2642 28775
2708 28705
2741 15893
2796 16241
2799 15774
2815 15694
2816 15693
2836 15679
2875 28543
2888 17135
2927 15401
3020 15437
3045 28400
3101 14790
3371 27897
3377 27903
3484 16544
3500 28333
3531 15099
3669 14957
3684 27647
3723 15174
3779 15080
3856 27343
3915 14967
4074 13440
4243 13467
4245 14373
4294 14467
4321 13600
4361 27232
4395 27479
4424 13878
4437 14301
4450 13818
4485 27112
4590 27424
4624 14208
4625 13437
4670 13457
4856 13246
4886 13880
4896 13303
4919 27150
5026 13123
5056 27137
5095 26768
5103 36151
5172 12497
5252 13185
5277 14230
5297 12850
5413 12711
5439 12612
5469 11939
5555 13761
5569 26513
5612 26495
5664 12540
5687 11683
5803 12407
5804 12406
5834 35520
5885 12804
6010 26434
6135 26215
6167 26192
6369 11552
6390 11177
6440 11335
6549 11743
6642 26231
6664 10937
6803 11239
6812 26139
6873 12053
6943 11130
6957 11129
7039 17625
7058 10969
7059 10968
7081 25895
7162 10934
7193 25949
7197 25963
7227 11073
7235 25917
7244 10867
7347 25920
7363 25915
7549 10585
7997 25152
8080 12148
8100 12127
8301 11573
8321 11844
8404 10088
8486 9997
8489 10035
8535 9997
8536 10088
8583 10088
8660 24605
8810 8803
8855 24629
8880 24683
9180 9481
9191 9653
9192 9652
9194 10373
9461 9415
9470 9402
9471 9401
9492 24893
9556 7901
9619 10373
9683 10926
9774 8568
9808 8471
9809 8470
9814 8950
9815 8949
9902 9028
9909 8668
9918 8021
9939 24297
10030 24253
10160 8401
10285 24746
10300 7140
10301 7621
10321 7370
10393 25103
10400 8139
10410 7468
10427 8513
10442 7427
10537 23815
10645 7191
10706 24282
10776 7191
10780 6952
10924 6826
11061 23602
11200 23423
11306 7471
11489 6053
11496 8245
11540 6330
11563 6388
11614 5920
11741 22586
11838 22874
12029 22644
12070 5458
12133 22725
12145 5464
12156 22847
12210 5158
12240 6116
12327 22828
12343 23600
12346 5222
12347 5221
12497 22704
12498 22703
12539 22509
12540 22508
12593 5002
12669 6999
12676 6392
12709 7424
12770 22344
12907 7955
12988 4684
13005 22315
13069 23766
13070 4856
13130 4493
13138 22176
13405 6643
13451 6590
13506 5543
13594 5208
13681 21964
13916 4854
13978 3953
13983 4087
13984 4086
14001 3290
14021 4984
14038 4774
14039 4971
14049 6122
14067 3604
14089 3584
14103 21648
14262 6526
14299 2980
14307 21518
14308 21517
14310 6292
14353 32182
14413 3332
14415 3458
14425 4896
14473 6296
14523 6073
14534 6433
14586 3310
14594 2592
14638 5947
14759 2990
14775 6026
14795 4445
14860 2876
14861 2877
14896 3951
14923 2840
14951 2859
14972 3775
15000 5738
15001 5739
15128 5562
15148 3571
15209 21109
15271 1680
15316 2450
15317 2449
15356 1760
15357 1759
15361 49609
15378 1735
15388 1735
15400 2379
15517 5218
15536 1697
15553 5121
15580 2645
15581 2778
15638 20686
15802 20322
15815 3848
16083 2810
16084 2809
16169 2433
16185 21180
16281 1336
16285 4636
16323 20022
16591 557
16619 4811
16925 3888
16934 3917
16978 3877
17101 3816
17168 1529
17237 3002
17246 1517
17251 3344
17254 21868
17270 3552
17304 1764
17380 1370
17472 3893
17523 3017
17537 3010
17570 3769
17577 3892
17600 3757
17636 3707
17735 3599
17802 3633
17831 2644
17921 2630
17924 21108
17942 2691
17994 3329
18066 208
18136 2396
18205 3194
18229 20230
18544 2513
18602 2417
18749 668
18751 2269
18785 2259
18824 2226
18870 19943
19021 2677
19022 2678
19036 2074
19050 20244
19065 2612
19121 1971
19234 2039
19330 809
19331 808
19358 1879
19421 1808
19703 30313
19741 38488
19774 38429
19789 17610
19805 38081
19949 38015
19968 38164
19969 38163
20096 38311
20153 29361
20173 37843
20189 29931
20195 29838
20208 29941
20230 29245
20242 19402
20287 29729
20376 29823
20389 54462
20507 30249
20552 37726
20569 29590
20599 37641
20615 43314
20622 18202
20625 37927
20644 37784
20705 28868
20743 37381
20744 37380
20790 37832
20842 37407
20853 37428
20857 37633
20893 37591
20907 37589
20936 29072
20993 37524
21001 29133
21008 28599
21028 37346
21085 37588
21111 29160
21126 37277
21148 37517
21161 37442
21164 28850
21201 37110
21322 37319
21336 37215
21347 28307
21371 28477
21409 37077
21425 28559
21523 28325
21552 29336
21555 28304
21557 37221
21561 37015
21576 15853
21634 37171
21642 36601
21648 28413
21672 16551
21693 28285
21694 28284
21709 36790
21782 28083
21818 28043
21821 16427
21836 28402
21844 28009
21851 15324
21914 28201
21929 28912
21945 28170
21949 37006
21978 28148
21984 28113
22033 28075
22057 27902
22090 27968
22114 27991
22132 28025
22144 27842
22157 27837
22183 27960
22199 27892
22213 27939
22224 27793
22228 36462
22234 27876
22259 36430
22260 36429
22269 27489
22397 14312
22492 26776
22519 27216
22534 27477
22545 36219
22550 27500
22555 14148
22561 36171
22575 7820
22610 27699
22621 35869
22626 35869
22627 27369
22629 36133
22639 27313
22656 26849
22696 26959
22703 27836
22819 26680
22836 35847
22891 27136
22928 26869
22936 35557
22945 35570
22952 26959
22963 35736
22966 35875
22994 26241
23030 35671
23038 26447
23075 26993
23111 26563
23130 13243
23159 14128
23193 35556
23271 13913
23274 12956
23317 35489
23332 13829
23353 27521
23365 13786
23382 26705
23406 25976
23430 35579
23453 26184
23497 26152
23585 26082
23626 35261
23701 25982
23718 25969
23731 35305
23751 35216
23935 34774
24032 9927
24077 24983
24238 24942
24310 12072
24384 25521
24398 34352
24399 34351
24481 26413
24490 24651
24497 26464
24508 11720
24522 25364
24526 25548
24546 34371
24576 25358
24618 34698
24626 25336
24648 25324
24654 25274
24656 34444
24671 25278
24700 34258
24701 34257
24753 34291
24754 34290
24765 25241
24774 41078
24827 25062
24856 34312
24873 10159
24951 26077
24988 25055
25015 34165
25036 34432
25059 10356
25127 34589
25179 9133
25194 24865
25245 10633
25278 24634
25289 24641
25300 34336
25303 23804
25304 23803
25306 24359
25346 24567
25355 24518
25423 24620
25424 24619
25484 24547
25539 23711
25663 33756
25682 24386
25698 8192
25746 8127
25831 24264
25844 8513
25857 25230
25919 24665
25945 24081
26001 32304
26047 7027
26100 33418
26143 23295
26188 23415
26213 7322
26227 24284
26374 23751
26482 23189
26535 22643
26536 22642
26545 22943
26558 24591
26658 33023
26659 33022
26663 22693
26743 23510
26759 32872
26796 32809
26814 22194
26872 7273
26904 22455
26980 7532
27024 23206
27025 23205
27057 23081
27058 23080
27086 32536
27097 23155
27098 23154
27140 22963
27153 22955
27232 32567
27274 6582
27306 22873
27307 22872
27358 32331
27369 6471
27378 22123
27390 22795
27399 32493
27408 7334
27441 22687
27508 32383
27548 32489
27572 32470
27578 21734
27599 21702
27603 4629
27615 22276
27760 32166
27762 21111
27810 6099
27897 22606
27913 21383
27914 21384
27915 32117
27931 21507
27962 21317
27965 21907
27966 21906
27975 21461
27976 21460
27995 21287
28018 22993
28070 5369
28111 21175
28112 21174
28120 22870
28131 21158
28147 33127
28155 21122
28190 21376
28201 31873
28222 33058
28235 22791
28236 22866
28340 4944
28341 5167
28363 22578
28494 4821
28561 3699
28569 3699
28598 2928
28599 2927
28616 1336
28660 31296
28667 21024
28683 19653
28783 22179
28784 22178
28800 20787
28814 20004
28840 22050
28843 22171
28857 21788
28884 20711
28885 20710
28887 4210
28890 21481
28956 31005
29001 20082
29011 20676
29048 22027
29068 4182
29082 2587
29100 4393
29160 3887
29180 19554
29211 19786
29218 20482
29228 2108
29305 19549
29312 20738
29477 19610
29496 3809
29549 3009
29601 3713
29628 2915
29643 2902
29659 3599
29663 3488
29667 20007
29681 3543
29694 3507
29715 3487
29778 20989
29780 19991
29902 2528
29908 2479
29965 19587
30005 1883
30051 21051
30054 1771
30061 21009
30065 21004
30070 20677
30082 21006
30088 2414
30116 20964
30194 20877
30210 20845
30225 2156
30226 20876
30251 20591
30269 20848
30277 1699
30292 20756
30293 21119
30304 20751
30305 20752
30364 21062
30429 20718
30473 19974
30536 20456
30563 32055
30698 38271
30769 38430
30796 38384
30831 43828
30852 43767
30869 38360
30879 43511
30899 38344
30902 43488
30903 43501
30913 43510
30921 30043
30922 30042
30945 43696
30963 38238
30964 38237
30974 43711
30987 43436
30989 38226
31008 38157
31029 47329
31044 38149
31075 43347
31081 38730
31097 38528
31108 38133
31113 29869
31123 43551
31135 43316
31146 43308
31167 38012
31197 29688
31234 43517
31240 43356
31255 38423
31277 30181
31325 43312
31326 43311
31391 43147
31438 43310
31501 38190
31506 37615
31521 43145
31547 43224
31592 37570
31606 37490
31634 42950
31665 37132
31682 42954
31706 37092
31735 37680
31746 37851
31760 37081
31787 36887
31816 37317
31864 37062
31874 37238
31880 42762
31900 37199
31917 37804
31930 29339
31939 42632
31948 37078
31982 28842
31991 28744
31992 28743
31994 37740
31997 29247
32005 29246
32015 37206
32076 37149
32097 29126
32100 37045
32120 42854
32125 37058
32141 42729
32154 36980
32181 36993
32221 37041
32227 37053
32245 36863
32247 37020
32248 42465
32257 42720
32265 36696
32266 37040
32272 36991
32276 36960
32280 36662
32313 37157
32321 37474
32329 36916
32331 36923
32332 36922
32336 28144
32358 42378
32359 42377
32361 36884
32367 36915
32398 36840
32415 36852
32454 36812
32469 36803
32480 36797
32481 36796
32503 27850
32505 36788
32512 36676
32523 42502
32536 36712
32550 12243
32558 36347
32565 27814
32576 36654
32592 28541
32597 36351
32612 36347
32624 42282
32667 26959
32726 36497
32731 36500
32735 36767
32753 27372
32756 36336
32758 42112
32765 36335
32770 35976
32813 42109
32850 42247
32884 42074
32901 36866
32909 36336
32918 36347
32949 36262
32988 35847
32992 35978
33021 42115
33037 36183
33069 42166
33078 36141
33098 36119
33104 35715
33105 42051
33106 42052
33134 42038
33135 42039
33139 36104
33144 41951
33157 41997
33161 36068
33168 41996
33247 27662
33265 41909
33354 41837
33395 35547
33433 35456
33438 35579
33456 41674
33499 41966
33627 34977
33632 41549
33653 35356
33658 41509
33661 35114
33690 35066
33691 35333
33696 35064
33748 46047
33782 35432
33829 41395
33851 34942
33855 34800
33866 34794
33868 35159
33920 34683
33933 26729
33937 41461
33942 41456
33953 34871
33955 25174
34019 35035
34086 41373
34087 41372
34129 34457
34182 34858
34211 25582
34216 25586
34217 25585
34233 34815
34234 34814
34350 35592
34360 35178
34361 35179
34381 41103
34385 34857
34391 41184
34399 34655
34452 34854
34474 34545
34475 34544
34486 26514
34523 34838
34528 41213
34533 34486
34590 25735
34609 34676
34612 25382
34623 25646
34640 35093
34653 34908
34679 25039
34693 25918
34698 25015
34714 25887
34739 24746
34791 34430
34827 40970
34841 34207
34884 34220
34902 35036
34914 25345
34915 25475
34926 34204
34927 34205
34949 40769
34996 34468
35011 34117
35028 34147
35031 34102
35109 40661
35117 34015
35172 33505
35203 24882
35223 40511
35255 33929
35317 24989
35354 33392
35414 33788
35430 40449
35435 33754
35453 33444
35588 33338
35690 33391
35701 24027
35704 24591
35729 32928
35781 40251
35813 32954
35897 33504
35942 40087
35973 32817
36012 33401
36025 32734
36129 33323
36151 32630
36182 39990
36245 32627
36314 39857
36321 39779
36343 39856
36350 32608
36351 32606
36369 32526
36377 32587
36378 32585
36420 39689
36456 33530
36469 32179
36481 39791
36510 32652
36530 39569
36532 32634
36552 23218
36560 32257
36572 39540
36578 39674
36582 31990
36591 33466
36607 32877
36622 39549
36627 33420
36637 33350
36669 23157
36681 23278
36696 33347
36724 22187
36725 22186
36728 23025
36730 33227
36732 33312
36738 32076
36752 33300
36760 33266
36782 32453
36783 32452
36808 33206
36809 31986
36810 31985
36864 31732
36868 33162
36933 31866
36939 21603
36948 33054
36951 33126
36952 33125
36981 32275
37035 32168
37050 31646
37051 31645
37060 21667
37082 22961
37087 39728
37091 32268
37137 31891
37172 31869
37176 22173
37197 32468
37202 32849
37203 32850
37225 31905
37241 31813
37259 31957
37260 31983
37267 31752
37279 31903
37294 32091
37298 20952
37372 32014
37394 22135
37452 32581
37524 22381
37541 31618
37576 31582
37600 32559
37601 21631
37602 21630
37642 31558
37647 21488
37666 21684
37685 21732
37688 31099
37696 31500
37704 21955
37722 32334
37735 20579
37751 31479
37756 32307
37757 32311
37894 31311
37895 31310
37899 31871
37938 32365
38050 31071
38214 30985
38252 2793
38254 19611
38260 39376
38264 20673
38279 20592
38291 31528
38293 21155
38295 39100
38323 31799
38324 31798
38328 20744
38363 21290
38400 38993
38416 31246
38432 20539
38463 20755
38579 31676
38595 19952
38711 47639
38722 43907
38724 47623
38729 47510
38749 43902
38792 47409
38800 43563
38831 43772
38835 43513
38836 43512
38840 44027
38844 47448
38868 43488
38901 43731
38927 43436
38929 47474
38931 43688
38939 43436
38958 44051
38997 11036
39005 47258
39006 47259
39016 43622
39029 43476
39051 47219
39072 43808
39087 43454
39102 43796
39113 43909
39125 43482
39126 43481
39139 47315
39145 43464
39183 47342
39189 47257
39215 43840
39262 47163
39277 43647
39279 43162
39288 37438
39289 43291
39297 47266
39307 47225
39332 38218
39334 43223
39353 42994
39379 42962
39403 47003
39418 42938
39432 42923
39440 43003
39469 43054
39474 43178
39485 42953
39499 47056
39541 42757
39542 42871
39568 37513
39569 37514
39589 37505
39591 42632
39626 37440
39632 46967
39634 37440
39639 46972
39644 37447
39654 43156
39655 43421
39658 37387
39659 42957
39674 43131
39689 42930
39707 43085
39725 43078
39737 37657
39739 37334
39741 47014
39760 37282
39767 42921
39769 46786
39770 42779
39793 37230
39810 36913
39812 42880
39815 42861
39816 42860
39827 42488
39843 46848
39845 42823
39847 37574
39856 46657
39859 46783
39860 46938
39865 42451
39878 42808
39881 46817
39886 46661
39889 42816
39894 42754
39900 42508
39914 42797
39921 42791
39930 42377
39938 46611
39962 42682
39990 42717
40131 46471
40152 42741
40180 42493
40182 42707
40192 36754
40223 36320
40246 42272
40252 42401
40260 46534
40292 42115
40296 41931
40313 41987
40314 42098
40320 46427
40328 41989
40333 46421
40357 42055
40361 46395
40367 46349
40392 41950
40406 18348
40428 42217
40527 36504
40528 36503
40534 36515
40542 46271
40598 41631
40612 41840
40614 41835
40651 46179
40652 41744
40655 46246
40668 41798
40685 46232
40706 46043
40721 41471
40735 41751
40746 41656
40805 49271
40833 41360
40857 41805
40871 45971
40872 45970
40883 41303
40888 42160
40910 46012
40963 35719
40967 41801
40977 42070
40978 41162
41006 41180
41050 34813
41053 41094
41099 41506
41136 41331
41199 41386
41213 41448
41215 35445
41216 35449
41221 45659
41242 35359
41252 41363
41263 45689
41276 45668
41296 45807
41310 45647
41330 35173
41332 45674
41338 45582
41370 40822
41392 34735
41396 40860
41408 40821
41465 48979
41493 45470
41513 34147
41533 40948
41544 45449
41564 40586
41571 34920
41654 41244
41670 40851
41671 40850
41672 41002
41728 41274
41756 45276
41786 33754
41820 45204
41821 40382
41822 45230
41899 40539
41923 40335
41930 45174
41931 40339
41987 40659
42030 40122
42058 40066
42077 33504
42092 45021
42096 40087
42102 34151
42143 44991
42169 44980
42170 44979
42185 44878
42222 34011
42234 40057
42246 44918
42287 44880
42305 40573
42325 33544
42330 40476
42356 44858
42360 44900
42375 33840
42428 32532
42435 44767
42492 40372
42504 39694
42506 33399
42517 40498
42525 40475
42526 40474
42527 33363
42528 33395
42538 44700
42539 44699
42562 33314
42568 39604
42569 39603
42572 39604
42573 39603
42574 39618
42576 40161
42581 39652
42585 33276
42592 39606
42603 44563
42607 44617
42633 39480
42685 33398
42707 40400
42716 40384
42751 39501
42752 39770
42765 33322
42776 39473
42777 39474
42780 39309
42781 39332
42814 40237
42847 32633
42853 40139
42863 39728
42900 39987
42916 39478
42923 33004
42928 40082
42934 32821
42991 40248
43011 39589
43020 39452
43033 32694
43034 32693
43057 32938
43071 39179
43091 40032
43105 32726
43132 39079
43141 39078
43142 39077
43143 39088
43145 39346
43163 32580
43186 32427
43187 32426
43211 32299
43213 39353
43227 38968
43228 38967
43235 39322
43257 32549
43266 39248
43289 32502
43305 39755
43469 44158
43541 39542
43604 44355
43605 44354
43623 44349
43667 31626
43675 39360
43677 31835
43694 31550
43740 39449
43756 39271
43777 39440
43786 31574
43790 39429
43797 39418
43819 31290
43820 31291
43895 31117
44013 50437
44023 47605
44027 50436
44057 47434
44061 50412
44093 47393
44094 47394
44102 50501
44121 47525
44123 47370
44146 47494
44162 43790
44190 47739
44191 47738
44204 47731
44205 47730
44206 47457
44220 47449
44221 47463
44224 50309
44228 43843
44243 47582
44260 47375
44266 43914
44272 47350
44297 47534
44300 50211
44301 50210
44313 50203
44346 43690
44361 50172
44362 50186
44374 47480
44407 47213
44417 47099
44425 50212
44438 47052
44447 52128
44451 47132
44456 47114
44458 43179
44488 47377
44491 47120
44505 47007
44517 50136
44524 47093
44534 50122
44554 43457
44601 50049
44607 47304
44609 50039
44614 46880
44627 49947
44633 50056
44634 47275
44638 47030
44647 50002
44648 43120
44662 43118
44670 43293
44672 43064
44673 43063
44680 47025
44681 43076
44697 43298
44700 46950
44701 43056
44706 42921
44713 46976
44719 46989
44747 46682
44766 46909
44780 46900
44797 49770
44804 46605
44811 46836
44873 49932
44887 46523
44897 49711
44908 49702
44913 49766
44930 49882
44958 46519
44964 49735
44965 49734
44971 47065
44987 46500
44997 42565
45010 42528
45012 49566
45020 46503
45041 51848
45043 46478
45073 49496
45121 46252
45185 46460
45206 41866
45254 49393
45288 49470
45289 49469
45305 46229
45312 49460
45329 46156
45339 46148
45360 49324
45385 46006
45390 46131
45484 49337
45486 42129
45510 49269
45535 49256
45542 42093
45594 49144
45619 46060
45622 46323
45635 49148
45666 45679
45667 45678
45677 41834
45683 45865
45727 45825
45731 45603
45739 48968
45743 49000
45754 46204
45781 41518
45796 45858
45797 45857
45824 45745
45834 48891
45841 45721
45842 45756
45872 45703
45892 41465
45900 49083
45902 41415
45904 48979
45933 48954
45939 45645
45955 45629
45969 48826
45984 17393
46004 41101
46015 45581
46039 45552
46055 45691
46070 48917
46076 48723
46088 45523
46108 48704
46135 45617
46143 40507
46144 45372
46177 40857
46224 45252
46225 45251
46234 48554
46246 45158
46384 48414
46389 44896
46437 44923
46450 45176
46588 40561
46598 40559
46635 44743
46636 44949
46650 44646
46669 44981
46675 44704
46677 44953
46692 44742
46714 44838
46719 44595
46730 40352
46735 48112
46777 40053
46802 44779
46807 44517
46817 44476
46836 45106
46846 45240
46848 44932
46849 44865
46855 45096
46877 40332
46879 40325
46924 39824
46925 39823
46943 44681
46944 44792
46947 40113
46950 45172
46974 44337
46975 44396
46986 39977
46987 40115
46990 48132
46995 44601
47008 44588
47015 44573
47021 44323
47034 48128
47045 44542
47054 44549
47069 44511
47071 44308
47076 44367
47077 44366
47092 39837
47093 39836
47104 44676
47111 39880
47116 39879
47124 44559
47128 44831
47138 39426
47139 39841
47158 39845
47160 39737
47200 44915
47209 44437
47235 44528
47237 44265
47243 44442
47251 39240
47266 44709
47268 44894
47279 44189
47288 39148
47289 39147
47306 39614
47386 44287
47400 39597
47493 47957
47524 39202
47546 39458
47559 47879
47567 39320
47599 44306
47648 44530
47660 44505
47708 50543
47740 50542
47766 50515
47791 52273
47798 52328
47801 52262
47807 50453
47811 52343
47812 52342
47816 52339
47819 47543
47826 52303
47834 52333
47842 50379
47850 50599
47854 50645
47860 47747
47861 47746
47873 52244
47874 50473
47888 47612
47893 47641
47914 50407
47917 50427
47918 50405
47944 50381
47954 50344
47972 50292
47976 50332
47990 52175
47991 52197
48003 50171
48007 52163
48009 52227
48026 50274
48028 47383
48044 50442
48045 50228
48051 50215
48056 47407
48057 50139
48062 50227
48063 50226
48079 50077
48093 50100
48095 50397
48096 50092
48110 50073
48113 47293
48129 50349
48133 50120
48134 50110
48149 50142
48160 50126
48179 49942
48182 50134
48186 50113
48193 50056
48216 52010
48245 50258
48246 50043
48247 50042
48251 50017
48252 50029
48263 47082
48267 49819
48291 43166
48299 49991
48300 51919
48301 49950
48346 51902
48363 49682
48386 49899
48395 51834
48444 51855
48451 49798
48478 49755
48487 49661
48561 49512
48568 49604
48630 49610
48645 49366
48668 51682
48672 49487
48705 49420
48709 51714
48711 49508
48733 49284
48738 49396
48812 49210
48818 49199
48830 46423
48850 51599
48913 51530
48936 49541
48938 49069
48939 49068
48941 51505
48944 49079
48968 49039
48972 46205
49000 51449
49020 49222
49043 48953
49076 51377
49082 49050
49089 49048
49094 46099
49099 48998
49123 49380
49125 49086
49126 49131
49127 49130
49132 48953
49139 49071
49148 48930
49152 49100
49153 45463
49165 45859
49186 49016
49204 49038
49241 51429
49287 45716
49289 49087
49292 48962
49301 48927
49316 48910
49323 45931
49348 51220
49353 48593
49386 51265
49390 48692
49415 51185
49420 48668
49439 45628
49472 45653
49502 45591
49527 51174
49558 48472
49571 45646
49577 45224
49580 45452
49589 48491
49594 45371
49595 48918
49597 45534
49599 51101
49600 51107
49603 45594
49604 48356
49605 48629
49610 45433
49612 45593
49617 48536
49620 48526
49630 48743
49640 51065
49666 48730
49676 48727
49710 48853
49712 51039
49716 48366
49728 45342
49747 48293
49759 48516
49765 48443
49771 45265
49772 45266
49786 50926
49817 50901
49826 48360
49827 48636
49847 45168
49856 48621
49880 50876
49881 50877
49883 48578
49893 48328
49894 48329
49909 44536
49920 48230
49921 44876
49927 48124
49931 45081
49947 48385
49956 48260
49964 48161
49970 48523
49977 48202
49984 44985
49985 50812
49993 48594
50002 44654
50013 48243
50026 48140
50038 50778
50039 50836
50040 47995
50064 47965
50071 48107
50083 48099
50086 44718
50087 44989
50088 47936
50089 47946
50096 45005
50098 44611
50100 48094
50108 48420
50112 47905
50121 47868
50125 48159
50129 48279
50135 47900
50142 47816
50143 48053
50144 39749
50153 47872
50159 48061
50160 48062
50169 47928
50175 48072
50180 44894
50198 44436
50200 44493
50201 48395
50274 48349
50292 48331
50307 47915
50308 47914
50311 48318
50330 48292
50335 44628
50381 48075
50382 48074
50420 47889
50421 44509
50472 48101
50487 44490
50536 53671
50556 53626
50565 53608
50567 52284
50588 52287
50590 53583
50601 52333
50610 53616
50611 52324
50615 53606
50622 53601
50627 53605
50628 50451
50629 50450
50630 53540
50632 53574
50634 53585
50642 53629
50643 53628
50649 53621
50668 53526
50680 53515
50684 53509
50690 52231
50700 50466
50701 53510
50705 52247
50706 50421
50708 53493
50709 52134
50710 52135
50730 52139
50738 52215
50747 50397
50753 52279
50755 52085
50763 50209
50764 53446
50775 52264
50776 52263
50785 52054
50799 53462
50810 52125
50815 52232
50816 52245
50818 52114
50830 50056
50844 53443
50847 52228
50887 50224
50900 52176
50932 53331
50934 52021
50955 49946
50961 53379
50964 49835
50980 51900
50991 51985
51009 51970
51019 51975
51023 53258
51041 51937
51057 51810
51063 51756
51082 51780
51102 53235
51115 53213
51123 51783
51125 53245
51156 51724
51206 51713
51223 51697
51277 53146
51297 51811
51314 51662
51315 53039
51316 53038
51317 49194
51326 51492
51331 53028
51333 51476
51334 51531
51336 51479
51355 51519
51367 49079
51396 53070
51401 51726
51405 51604
51416 49476
51448 51485
51452 51561
51461 51398
51465 51377
51470 52966
51490 52952
51501 49302
51514 51459
51522 49190
51532 51394
51534 51540
51545 51294
51550 51429
51560 51301
51584 51464
51589 49211
51654 52857
51683 51209
51686 52824
51693 51413
51694 48981
51697 51195
51741 51152
51750 52793
51756 48904
51771 51132
51788 51114
51798 51109
51799 48744
51806 51171
51807 51170
51838 48727
51840 52723
51841 51068
51862 51044
51863 51045
51867 48843
51876 48520
51883 48470
51890 48669
51904 52707
51912 50990
51918 51013
51931 52879
51932 52662
51936 50997
52001 50853
52002 50852
52008 52614
52011 50845
52012 50844
52022 48613
52033 52585
52045 50970
52056 50758
52066 48228
52072 50835
52080 48399
52093 48145
52103 50748
52126 50902
52129 48064
52136 50838
52139 50703
52140 50889
52143 50734
52149 52544
52150 52543
52151 50818
52164 47832
52171 50863
52182 50792
52204 48337
52255 50928
52265 50693
52269 48120
52275 50888
52278 48117
52294 52534
52296 48058
52304 50746
52324 52516
52413 53663
52431 49734
52432 49735
52433 53639
52437 53564
52457 53719
52466 53633
52473 53625
52482 53563
52488 52392
52491 54471
52496 53547
52522 53545
52537 54462
52544 54440
52549 52310
52554 54434
52558 53541
52568 53619
52569 54428
52578 53448
52587 53492
52598 53419
52603 53414
52608 52104
52610 52173
52619 53463
52629 52206
52651 54373
52673 51903
52679 53496
52681 53359
52692 53335
52694 54339
52699 54335
52705 53322
52706 53323
52728 54303
52730 53382
52737 4732
52752 52064
52755 53345
52756 53272
52772 54266
52783 54254
52796 53242
52807 54269
52809 54265
52813 53200
52916 53093
52917 53092
52924 53065
52937 54143
52944 53048
52947 53047
52953 53031
52962 53033
52972 53080
52974 54127
52984 52995
52994 53187
52998 51549
52999 51716
53000 53087
53001 53088
53002 53091
53005 52984
53006 54110
53036 52954
53037 54084
53041 51636
53077 52972
53082 51488
53101 51451
53136 54006
53150 53995
53153 51424
53158 53985
53162 52826
53169 52820
53174 52811
53178 53966
53179 53967
53195 52805
53223 52818
53231 53903
53273 51340
53275 52699
53277 52715
53278 51117
53279 52916
53290 51326
53303 52879
53323 52853
53326 52642
53327 53854
53331 52847
53336 52840
53346 51079
53351 51190
53352 51189
53354 52624
53363 53842
53365 52846
53366 50995
53367 52759
53384 48562
53402 52649
53403 52810
53405 52596
53407 50904
53415 52571
53428 50921
53429 52783
53442 52754
53454 50897
53459 53765
53463 52584
53473 52510
53500 52525
53566 53790
53583 52661
53585 52681
53596 50938
53619 50765
53624 50870
53660 55108
53664 55121
53665 54504
53666 54503
53706 54507
53710 54473
53711 54486
53726 54519
53728 54484
53749 54529
53757 54444
53761 54443
53767 54445
53774 54464
53788 54446
53803 54425
53804 54426
53807 53534
53808 54476
53810 54467
53812 54418
53834 54374
53842 54386
53848 54346
53850 53499
53854 54367
53859 54339
53863 54992
53895 54973
53896 54293
53899 54290
53920 53416
53951 54981
53967 54236
53991 54192
53993 54220
53994 54219
54034 54157
54052 54149
54068 54856
54072 54123
54074 54842
54108 54817
54109 54816
54111 54208
54124 53055
54128 53058
54137 53017
54172 54780
54202 52955
54209 53946
54245 53918
54249 54725
54260 54724
54262 52939
54272 54041
54283 52720
54287 52861
54306 54667
54321 52860
54331 52752
54346 53874
54349 53899
54352 53951
54362 52806
54364 52781
54369 54672
54371 52743
54374 52755
54381 53797
54402 53774
54422 52695
54467 53877
54474 53793
54502 53799
54531 55438
54538 55439
54542 55445
54552 55103
54561 54541
54565 55117
54577 55052
54585 55412
54593 54451
54598 55086
54602 54475
54605 55084
54611 55041
54621 55014
54627 55366
54638 55002
54667 55348
54673 55333
54705 54922
54727 54311
54762 54849
54772 54897
54788 54902
54796 54817
54804 55265
54823 54838
54855 54766
54886 54724
54900 55194
54903 55193
54907 54018
54910 54678
54913 54694
54934 53984
54937 54666
54949 53957
54953 54614
54955 54636
54963 54715
54965 54662
54966 54624
54994 54708
54995 54707
55001 53833
55007 53853
55011 54687
55012 54621
55065 55466
55070 55472
55071 55699
55072 55697
55073 55440
55074 55128
55079 55426
55086 55442
55102 55071
55119 55374
55120 55370
55131 55356
55153 55638
55175 55302
55177 55606
55184 55339
55202 54928
55215 55307
55223 55587
55224 55586
55230 55580
55238 55256
55265 55550
55284 55542
55317 55249
55352 55181
55366 54745
55368 53949
55370 53948
55372 55168
55440 55696
55450 55823
55510 55619
55537 55611
55540 55772
55567 55237
55582 55532
55591 55516
55607 55200
55618 55175
55620 55507
55642 55934
55643 55935
55657 55814
55661 55929
55674 55797
55711 55898
55727 55759
55763 55546
55800 56035
55807 55939
55808 56025
55820 56017
55821 56016
55849 55880
55864 55767
55870 55866
55879 55753
55894 55956
55895 55955
55900 56028
55908 56007
55941 55892
55990 56097
55991 56096
56022 56065
56023 56060
56040 56156
56043 56151
56054 56140
56055 56141
56059 56137
56072 56145
56073 56144
56079 56163
