3409
73 1740
77 2537
89 20426
90 20427
119 2198
130 1230
136 1635
139 2087
150 1934
167 1858
168 1859
219 20763
245 20987
281 2780
308 21300
401 2228
411 21084
413 2977
446 21002
451 21318
460 21363
485 2407
486 2408
487 2504
504 21032
509 21355
657 2621
681 2639
716 3304
723 21517
740 2474
743 21326
750 21325
776 3347
796 21338
817 3209
866 2865
867 2866
918 2931
979 3070
1009 2927
1038 21370
1052 3609
1062 3003
1071 21454
1114 3619
1129 3628
1135 3212
1160 21460
1165 2619
1200 21605
1208 21474
1230 21966
1353 3296
1354 3297
1359 3483
1394 21737
1395 21738
1408 21661
1475 3452
1482 3395
1490 21373
1585 3038
1609 3747
1632 21818
1652 3606
1663 3491
1668 4330
1679 3853
1692 3154
1785 3665
1879 21964
1930 4001
1987 4212
2018 22114
2075 3566
2141 4255
2196 4528
2213 21950
2260 22209
2305 5093
2329 5313
2432 22463
2454 4831
2469 5131
2488 5156
2498 22538
2505 5184
2529 4939
2546 5241
2553 5242
2560 4989
2633 22418
2634 4978
2665 22445
2703 5049
2733 22642
2789 5129
2796 5686
2810 4830
2824 22716
2861 22883
2897 5430
2973 4954
2983 5933
2991 5354
3006 5248
3026 5565
3031 5103
3065 5172
3069 6049
3083 5797
3115 5526
3116 5725
3144 5819
3262 22444
3288 22997
3306 5552
3325 6042
3434 5954
3435 5955
3453 6171
3476 5750
3556 5948
3558 5383
3559 5384
3647 23149
3728 6452
3731 5802
3737 6323
3814 23091
3844 23190
3879 23161
3918 6486
3936 6281
3981 23335
4015 6351
4025 6280
4033 7125
4049 7132
4066 7150
4075 23245
4076 23246
4097 5885
4202 6497
4206 6435
4221 7255
4225 6625
4229 6029
4245 6248
4258 6688
4274 6736
4276 6737
4303 6634
4307 6733
4330 6584
4337 6596
4347 6765
4399 23487
4415 6339
4419 6801
4428 6602
4459 23280
4462 6884
4466 7021
4467 7022
4500 6899
4501 23557
4543 23333
4548 6717
4564 6972
4584 6369
4668 7107
4669 7108
4682 7136
4714 7167
4717 23498
4740 7019
4748 23812
4787 7494
4792 7242
4816 7280
4817 7281
4836 6859
4839 7313
4866 7422
4900 23681
4901 23784
4917 7334
4947 23937
4962 23778
4968 6982
4975 7356
4980 7053
4981 23612
5019 7506
5027 7121
5029 23649
5032 7621
5033 23882
5044 7312
5055 7553
5068 23672
5069 7087
5072 23889
5130 7635
5131 7636
5140 7620
5162 7758
5195 7645
5200 7611
5228 7367
5231 7372
5253 23783
5255 7271
5264 7752
5269 7732
5276 23802
5299 23758
5331 7346
5365 23864
5393 7994
5405 8023
5428 7501
5455 8234
5545 7622
5546 7774
5581 7668
5586 7688
5598 8284
5607 24017
5705 8249
5728 8411
5759 8453
5799 24091
5852 8531
5868 8424
5875 24439
5907 24456
5930 24441
5931 24442
5973 8650
6025 24526
6026 24527
6050 8672
6057 8332
6216 8715
6220 9947
6300 9292
6311 9319
6402 9512
6422 9087
6451 9047
6468 9524
6697 9740
6709 9230
6769 9178
6786 9877
6794 9506
6818 9547
6831 9007
6864 9974
6895 25046
6900 24866
7001 9359
7007 25327
7059 9714
7086 9519
7087 9520
7150 9772
7173 10354
7317 10306
7325 11050
7326 10819
7363 10994
7442 9567
7443 9568
7445 10443
7505 10520
7511 10768
7528 10115
7543 10556
7582 10176
7584 10631
7603 9007
7619 11845
7647 9944
7655 10940
7675 25416
7683 9987
7710 10327
7721 10628
7743 11209
7764 11281
7780 10241
7795 10418
7798 10721
7801 10769
7829 10292
7836 11359
7874 10892
7886 10119
7888 10905
7915 11209
7923 25730
7932 10992
7933 10993
7944 11473
7970 11005
7983 10735
8019 25786
8070 10374
8072 11380
8155 10451
8159 9115
8214 11758
8242 10485
8261 26182
8353 11018
8355 11875
8408 11922
8493 10188
8529 11241
8597 11938
8601 10822
8722 12316
8724 11663
8749 12084
8771 12357
8792 12147
8837 12184
8853 12203
8906 12413
8907 12414
9038 11798
9194 12110
9374 11825
9386 12728
9426 12768
9568 12408
9670 12558
9671 12559
9696 12583
9748 12398
9781 12377
9838 12700
9917 26324
9984 13217
9985 13218
10094 12912
10122 13319
10331 12841
10375 12886
10563 13332
10611 13035
10629 32814
10824 13540
10829 13269
10880 13549
10916 12689
10945 13639
10946 13640
10965 13967
10966 13968
11060 12603
11090 13565
11112 13968
11151 13799
11162 27700
11235 14457
11236 14458
11241 13522
11263 14249
11266 13903
11273 14317
11274 14293
11281 14320
11291 14418
11382 14399
11410 13848
11414 14053
11428 13886
11534 14592
11557 15078
11650 14323
11651 13216
11687 14217
11735 14224
11758 15602
11815 14412
11822 14209
11875 15602
11921 15146
11930 14413
11939 32720
11946 14926
11957 15084
11963 15184
11985 15144
11994 15111
11995 15112
12034 14551
12041 14913
12042 14914
12085 14552
12176 14168
12205 14831
12221 14592
12227 14767
12240 15347
12248 27594
12279 14913
12280 14914
12365 15387
12370 14694
12381 28363
12383 14853
12404 15428
12409 15490
12432 15441
12436 27997
12447 14780
12448 14781
12481 15482
12557 15347
12640 15689
12644 15686
12645 15687
12649 15753
12725 15824
12745 14992
12777 15153
12778 15154
12830 15179
12934 15948
13156 15973
13166 16135
13292 16317
13354 15676
13385 15657
13405 16042
13571 16174
13579 16473
13690 15538
13696 16294
13734 16328
13876 29010
13931 16154
14027 17143
14028 17144
14434 16698
14458 16563
14487 17678
14572 17652
14583 16854
14598 16779
14691 16960
14903 17977
15044 18289
15123 16743
15239 17548
15240 17549
15281 17259
15298 17944
15381 18236
15556 17880
15784 30126
15904 18426
16083 18224
16115 18272
16278 18546
16294 18644
16323 18661
16350 18214
16394 18746
16423 18797
16444 18711
16512 18345
16513 18652
16631 18141
16654 18174
16699 18929
16709 30234
16746 19034
16789 19120
16801 19221
16802 18691
16816 18358
16851 18729
16852 18730
16866 19275
17053 30467
17068 28318
17081 30621
17118 19130
17129 19436
17164 19462
17184 19382
17265 19536
17311 19481
17333 19664
17427 19405
17462 19420
17517 19220
17639 19579
17698 19405
17832 19637
17897 19667
19723 20814
19731 31506
19742 20767
19745 20448
19749 20458
19770 31421
19783 20953
19785 20495
19801 20827
19803 20980
19812 42422
19822 31899
19824 21000
19844 20982
19845 20983
19873 21055
19883 31637
19890 21073
19893 21065
19899 31581
19931 21098
19933 31729
19954 21136
19956 31969
19962 31694
19968 21135
20020 21266
20026 21172
20027 21156
20041 20782
20048 21303
20050 31915
20051 20796
20052 20797
20054 21544
20055 31724
20089 21262
20093 31871
20099 21287
20115 31965
20134 21351
20135 21352
20159 31989
20160 31990
20164 21333
20168 2878
20171 31962
20179 32009
20186 21041
20190 21393
20234 21500
20262 21408
20276 32063
20286 21397
20295 32266
20296 32267
20331 31814
20348 21480
20366 21583
20382 32130
20384 21664
20418 32071
20472 21597
20489 21809
20531 21667
20547 22152
20570 21711
20578 4324
20585 32303
20626 32516
20666 22258
20680 32377
20681 32378
20692 22008
20703 21993
20784 21991
20808 32226
20816 32734
20855 22131
20867 32552
20880 22493
20896 32759
20938 32376
20943 32563
20944 22571
20961 22111
21042 22270
21048 22266
21052 32652
21067 22500
21068 22501
21091 22529
21115 22690
21137 32511
21139 32923
21145 22423
21184 22547
21192 22333
21236 22717
21237 22893
21243 22537
21270 22584
21286 22589
21287 22603
21293 22602
21298 22651
21321 22661
21359 1988
21369 32762
21374 32871
21450 23124
21482 5914
21512 33003
21516 23004
21528 33007
21534 32920
21577 22864
21578 22865
21583 23040
21594 33180
21601 33199
21618 32944
21625 33378
21628 22912
21629 22913
21646 23129
21651 22940
21652 22941
21717 23464
21718 23465
21754 33172
21774 23062
21782 23215
21805 33588
21829 23562
21870 23225
21895 23606
21898 23067
21899 23205
21914 22891
21916 33415
21917 33416
21936 33514
21942 23636
21943 23637
21974 23282
21975 23408
22000 23278
22053 33737
22070 33263
22098 23350
22101 23365
22180 33661
22182 23162
22191 33581
22224 23653
22241 33411
22298 23438
22332 33526
22333 33527
22369 33766
22383 23647
22404 42367
22412 23714
22413 33617
22420 23753
22426 23840
22428 23789
22449 23876
22452 23779
22453 23780
22498 23796
22500 23587
22512 23799
22520 23824
22532 23878
22538 23846
22544 33909
22551 23736
22557 23699
22561 23668
22564 23891
22565 23892
22568 23777
22605 33768
22617 23954
22618 23955
22634 23713
22646 24098
22648 24019
22651 23774
22654 24025
22717 24145
22726 23989
22730 23857
22745 24016
22779 24218
22783 7933
22784 7934
22789 7551
22797 33870
22823 34037
22825 29922
22826 29923
22846 24154
22856 34059
22876 24265
22892 24196
22930 8407
22941 24336
22947 24259
22951 24363
22959 24380
22961 24365
22962 24366
22994 23948
23051 24457
23052 24458
23053 24459
23075 8218
23086 24423
23119 24707
23139 24549
23179 24775
23194 24392
23210 24801
23218 24616
23220 24403
23243 34542
23269 24400
23270 24531
23306 11983
23331 24927
23360 24996
23361 24997
23434 24846
23440 25055
23444 34448
23445 24850
23461 24719
23462 24720
23488 24884
23489 24890
23498 25187
23542 24835
23568 24854
23577 34819
23579 34820
23580 34821
23612 25235
23637 24661
23656 25283
23689 25693
23698 25335
23712 34652
23720 25137
23792 25218
23794 25432
23795 24977
23796 24978
23815 25483
23818 9500
23850 25502
23883 34638
23890 25531
23940 34787
23966 25629
23967 25630
23968 25631
23978 26331
23998 25656
24030 34902
24043 9665
24121 25198
24147 25811
24152 25229
24159 25751
24171 26192
24180 25270
24181 25271
24185 25841
24186 25842
24232 10334
24258 25778
24273 25640
24275 25789
24282 35228
24283 25977
24284 25980
24285 25981
24287 25810
24298 25372
24309 25380
24338 25817
24358 25462
24359 25463
24381 26084
24394 26095
24429 47719
24431 26225
24432 26226
24443 26236
24466 26175
24478 25929
24566 11910
24654 11983
24684 26428
24731 26525
25011 26452
25078 26325
25119 26547
25144 26102
25209 26482
25355 27027
25371 26801
25408 26894
25472 12519
25480 35897
25536 27190
25541 26832
25561 13241
25657 26842
25661 26974
25738 26900
25739 26901
25880 27249
25881 27250
25895 27226
25956 27260
25960 27272
25962 13436
25986 27351
25987 27352
26008 27334
26015 27390
26021 27305
26024 13544
26048 27400
26062 27273
26070 27181
26076 27028
26085 13781
26091 27449
26111 27238
26119 13841
26124 27380
26143 27356
26149 27357
26156 27367
26159 36329
26172 27758
26178 27397
26238 36425
26257 27554
26269 27530
26307 27993
26318 27995
26321 27540
26336 14503
26344 27561
26368 27877
26392 27738
26399 28072
26403 28074
26406 27914
26438 14075
26441 14934
26458 36361
26469 28134
26470 28135
26512 36672
26516 14454
26519 27707
26570 27763
26601 28011
26610 28244
26661 27926
26692 14522
26697 27667
26699 27884
26700 27885
26713 28237
26748 14860
26787 28031
26792 14685
26806 28058
26810 28227
26871 15571
26909 28453
27000 28515
27018 15732
27019 15733
27030 28556
27036 28343
27059 28655
27073 28589
27099 28261
27114 28674
27120 15900
27142 28155
27168 15336
27221 16079
27260 16175
27272 28875
27318 16246
27327 15540
27581 28994
27583 28457
27588 28712
27604 28685
27649 28775
27650 29283
27685 28529
27686 28530
27690 29242
27710 28732
27749 29377
27750 29378
27795 28908
27852 17018
27897 16430
27898 16431
27899 17390
27979 17542
28024 29644
28029 28781
28102 28896
28103 29142
28153 29173
28154 29174
28163 29720
28376 18244
28381 29556
28406 17974
28428 29225
28444 17944
28455 18014
28456 29899
28470 18328
28521 28185
28538 18302
28581 18474
28594 18400
28625 17129
28657 18210
28781 18734
28791 29422
28828 29962
28868 29770
28899 29779
28923 29803
28933 30112
28976 30349
28984 30087
28985 30088
29010 18496
29021 18636
29051 18283
29085 18321
29086 18322
29096 30229
29103 18584
29129 18829
29145 29842
29146 18464
29164 18288
29184 30297
29190 23744
29192 18536
29200 18880
29259 30336
29263 18831
29264 30250
29300 30483
29315 18884
29318 18721
29321 18782
29338 30509
29339 30193
29342 30497
29349 18742
29387 30428
29392 30462
29420 30374
29422 19534
29460 30708
29462 30508
29474 30660
29479 19173
29493 30437
29497 30580
29514 30587
29522 30612
29530 19417
29532 30657
29584 30648
29612 19427
29761 19340
29782 19495
29783 19496
29808 19570
29836 30713
29873 19287
29907 19171
29936 19675
30151 30703
30159 26433
30286 18605
30724 19623
30851 31429
30856 39650
30873 31264
30878 39695
30896 31789
30899 31605
30903 31777
30913 39725
30929 31576
30935 31638
30949 39524
30950 39525
30964 31617
30975 39967
30992 31714
31004 39752
31012 31712
31016 31976
31030 39624
31034 31733
31040 31856
31050 39400
31054 31752
31064 31878
31072 31887
31082 31947
31132 32093
31133 39720
31134 39721
31137 31524
31138 31766
31142 39712
31151 31543
31152 31544
31159 39745
31162 39772
31167 31894
31168 31895
31169 31896
31172 31802
31173 31803
31225 31954
31276 31787
31291 39809
31320 39955
31340 32087
31342 39996
31359 32156
31360 32143
31362 32427
31386 39876
31408 32183
31409 32119
31468 32269
31539 39997
31541 40156
31570 32173
31572 32250
31597 40046
31599 32461
31643 40019
31649 32503
31665 40060
31667 32579
31707 32586
31720 32591
31727 40101
31742 32527
31751 40194
31753 32859
31762 32565
31773 40213
31774 40214
31783 32544
31837 40210
31842 40424
31870 32822
31880 32702
31890 32912
31897 40294
31910 32876
31938 32977
31947 32879
31953 32883
31957 40364
31973 32868
31988 32893
31992 40180
32017 33043
32053 33070
32064 32945
32076 32929
32134 33028
32153 33178
32156 32915
32176 32828
32185 43692
32221 33114
32222 33115
32223 33146
32225 33142
32259 33165
32260 33166
32285 40429
32287 33195
32315 33200
32317 33223
32323 33189
32343 33273
32345 33153
32412 40654
32415 33376
32416 33365
32417 33478
32418 33471
32429 33191
32437 33308
32445 33395
32457 33409
32467 33382
32468 33383
32469 40788
32491 33331
32492 33562
32502 33445
32503 33350
32532 33489
32533 33490
32536 40696
32548 33502
32559 33472
32577 33535
32602 33599
32616 33727
32621 33488
32661 33705
32664 33852
32686 33541
32705 33843
32707 40951
32728 33582
32732 40832
32737 41004
32747 33613
32750 33876
32751 33877
32793 33656
32794 33657
32798 41008
32799 41009
32812 40885
32822 33865
32837 33896
32845 40884
32867 33738
32894 45907
32903 34029
32913 40939
32932 33841
32939 34049
32941 40984
32947 33945
32954 24088
32955 24089
32967 41116
32975 34025
32993 34031
33007 41163
33014 41210
33035 34089
33056 41219
33057 41220
33063 34115
33078 34005
33090 34162
33091 34163
33101 41205
33134 34110
33135 34111
33151 34195
33178 34068
33180 41314
33183 34116
33199 34277
33210 34265
33228 41373
33234 34437
33237 41485
33251 41488
33252 41400
33272 34233
33296 34337
33320 34508
33322 34129
33337 34379
33342 34212
33343 34213
33350 34752
33364 41415
33368 34556
33369 34557
33373 34563
33374 41558
33376 34446
33387 34183
33390 34426
33393 34586
33401 34604
33406 34367
33411 41587
33416 34637
33420 34628
33421 34630
33423 41316
33424 34362
33432 24774
33455 34677
33456 41470
33458 34673
33459 34674
33461 34683
33473 41622
33474 34705
33487 41640
33493 34549
33495 34736
33496 34724
33505 34554
33516 34747
33565 41681
33584 34800
33594 41631
33597 34660
33598 34663
33599 34811
33601 34804
33636 34857
33652 34893
33659 34901
33665 34595
33666 41757
33667 41758
33684 34598
33688 41671
33689 34945
33693 34656
33697 34970
33698 34981
33727 35026
33744 35275
33750 34708
33777 41623
33779 34559
33807 34715
33808 35070
33810 35002
33845 35253
33861 41898
33867 35136
33877 35067
33884 35157
33893 34889
33902 35266
33904 25884
33905 35218
33917 35037
33921 35633
33924 25430
33940 34745
33967 34859
34000 35136
34003 35272
34006 35276
34007 35277
34013 35279
34040 34906
34046 34881
34047 34882
34052 34888
34053 35312
34097 35350
34114 34966
34115 26070
34129 42073
34130 34985
34132 35237
34159 35233
34165 35423
34207 35461
34214 35464
34225 35481
34227 35061
34231 35568
34262 42188
34304 35154
34305 35155
34326 25660
34327 35500
34331 35433
34349 35633
34443 35763
34447 35805
34628 35983
34658 35648
34756 35676
34784 36019
34790 36008
34791 36009
34792 36010
34831 35733
34876 35780
34879 27079
34987 35957
35010 35902
35041 35924
35064 42658
35077 36024
35126 27062
35150 36128
35196 27167
35232 27196
35245 36246
35293 27100
35306 36247
35311 36245
35320 36045
35356 27387
35358 36317
35372 26985
35382 36637
35384 36395
35427 36654
35428 36655
35435 36430
35442 36725
35451 36394
35465 36477
35492 36416
35506 36766
35533 36786
35537 36376
35552 36703
35559 36811
35563 42853
35566 36812
35573 27583
35595 36610
35602 36510
35607 36365
35608 36366
35616 36513
35667 36561
35670 36685
35755 28185
35760 36663
35771 36826
35779 36484
35798 27677
35810 36781
35815 36796
35838 28350
35839 37035
35861 36758
35884 36865
35885 36866
35917 28205
35929 36935
35966 28222
35974 36734
35991 36880
36007 28521
36009 28557
36050 36823
36089 28660
36117 28466
36133 28722
36151 37333
36217 37117
36232 37461
36233 28893
36286 37264
36288 37388
36294 37072
36297 37477
36318 37517
36320 28429
36343 37488
36363 37235
36381 28650
36382 37562
36386 37259
36420 37183
36465 37387
36469 28731
36475 37232
36489 37415
36515 37647
36518 37417
36542 28842
36574 37731
36601 37460
36619 37531
36644 37609
36677 37572
36700 37598
36724 29203
36782 37491
36783 37492
36800 37651
36829 29632
36835 37798
36837 38237
36849 29387
36881 29308
36924 29716
36942 37794
37039 29468
37047 29539
37048 29540
37069 37766
37077 29329
37081 38317
37097 38100
37157 29839
37163 38190
37189 38272
37202 30042
37206 37981
37207 37982
37218 30010
37223 29705
37277 30304
37280 37980
37292 38568
37298 29817
37299 29818
37328 29994
37354 38397
37399 29714
37400 29950
37401 29951
37404 29947
37407 29974
37418 38273
37454 29984
37458 29997
37459 29998
37460 38335
37476 38160
37478 30397
37486 38547
37528 38485
37549 29802
37552 30292
37553 30293
37558 30287
37560 30296
37569 38420
37573 38334
37577 38616
37581 38163
37583 30241
37589 38604
37600 38633
37605 38507
37616 38545
37618 29846
37623 30169
37625 38538
37635 38659
37641 30394
37659 30215
37666 38657
37672 30411
37683 38520
37737 38750
37748 38785
37798 38830
37803 30649
37805 38670
37806 38827
37828 38855
37836 38712
37845 30655
37911 30686
37943 38624
37964 30577
37965 30578
38055 38641
38252 30662
38264 38885
38265 38886
38271 38866
38746 39423
38761 44905
38764 39520
38768 39669
38769 39670
38776 44917
38777 44918
38781 39569
38783 39443
38785 39533
38802 39588
38803 44931
38808 44797
38814 33008
38815 39586
38818 39581
38827 44858
38838 39596
38839 39615
38840 39630
38848 44837
38862 39623
38882 44909
38906 44994
38911 44997
38925 39684
38926 39713
38929 45019
38935 39627
38937 39828
38938 39701
38941 44773
38943 44958
38947 44897
38955 39718
38961 39755
38964 39786
38987 39915
38988 39914
39008 39770
39026 39832
39055 45143
39062 39819
39089 45166
39090 39998
39099 39890
39105 39930
39106 45190
39115 39868
39120 45198
39124 45076
39152 45207
39153 45208
39154 39796
39156 39919
39157 39920
39183 45242
39186 39982
39187 40170
39194 40171
39203 45171
39204 45172
39209 40003
39221 45153
39224 40201
39244 40001
39260 32814
39263 39893
39280 32447
39289 40128
39324 45218
39367 45275
39380 40221
39384 40239
39390 40169
39391 45303
39393 40382
39401 40278
39403 45183
39419 45326
39421 40262
39438 40302
39446 40079
39482 40332
39491 40450
39493 40513
39498 40316
39514 45420
39544 45425
39560 40367
39568 40391
39610 40479
39611 40506
39619 40582
39628 40428
39658 45504
39678 40550
39696 40612
39699 40425
39704 40560
39714 40483
39739 45535
39778 45613
39782 33275
39792 40645
39793 40646
39810 40737
39815 40700
39823 40593
39827 40758
39828 40759
39829 45641
39833 40719
39890 40822
39892 40650
39901 45566
39918 40770
39936 45722
39942 40685
39944 40731
39955 40781
39985 40811
39991 45703
40002 40835
40003 40836
40019 45821
40024 40918
40047 40795
40058 45789
40059 45790
40084 41032
40086 40851
40093 40882
40123 45729
40131 40990
40138 40893
40141 41006
40142 41007
40143 41023
40152 41057
40161 45875
40164 45751
40181 45906
40182 45907
40188 41098
40195 40984
40206 33784
40218 45791
40230 45937
40234 45836
40240 40982
40243 45822
40249 45948
40254 41022
40264 45966
40270 41162
40281 45971
40285 41175
40290 45942
40314 41199
40316 41177
40325 45995
40326 45990
40353 41262
40354 41263
40356 45898
40363 41205
40368 41085
40379 41343
40381 46079
40382 46074
40383 46075
40388 41276
40389 41277
40401 41185
40411 41303
40420 41242
40421 41243
40423 41195
40425 41153
40435 41325
40450 41225
40457 41347
40463 41194
40474 41361
40476 41478
40477 41479
40482 41227
40485 41367
40488 41365
40489 41376
40498 41494
40505 41388
40506 41395
40507 41396
40508 46133
40509 41190
40510 41191
40531 41525
40532 46060
40536 41238
40552 41438
40558 41288
40560 41451
40564 46108
40569 41456
40570 41457
40585 41569
40590 41574
40591 41575
40600 41586
40601 41580
40602 41581
40609 41441
40610 41599
40622 41522
40623 41610
40627 46178
40628 46179
40635 41527
40644 41637
40656 41548
40657 41549
40658 41448
40660 41518
40661 46109
40673 41656
40694 41687
40712 46305
40716 41713
40733 41578
40740 41519
40744 41602
40750 34480
40763 41765
40764 41766
40771 41776
40772 41777
40792 41804
40795 46365
40797 41588
40808 41827
40809 42167
40819 41613
40824 41738
40832 41859
40833 41860
40850 41583
40861 41584
40872 41808
40891 41926
40901 41837
40902 41942
40903 41822
40910 41967
40914 41942
40920 41970
40921 41971
40923 41791
40924 41792
40957 41737
40959 42015
40960 41736
40975 41972
40976 41827
41001 41769
41006 41937
41017 41952
41042 41768
41049 41816
41052 42109
41074 34978
41076 42045
41080 41831
41088 42148
41091 46416
41095 41852
41099 42031
41118 42050
41140 42191
41141 42192
41142 42198
41147 42200
41155 42007
41161 42198
41164 41930
41172 35666
41180 42232
41181 42233
41194 42250
41196 42257
41228 42291
41229 42292
41256 42315
41373 46787
41392 42414
41406 35656
41421 42296
41439 42317
41441 42401
41448 42335
41474 42491
41502 42558
41513 42474
41516 42392
41575 42439
41576 42440
41577 42408
41593 42335
41596 42349
41600 42633
41637 42548
41652 36201
41657 42642
41670 36154
41678 42619
41682 42663
41685 42483
41713 46965
41724 42756
41725 42757
41741 42811
41746 42724
41757 42688
41769 42616
41773 42861
41779 42761
41798 42877
41828 42738
41865 42790
41878 36332
41881 42818
41882 42819
41883 36654
41905 36463
41906 42833
41907 42808
41911 47073
41912 47074
41928 42955
41959 42840
41960 42841
41964 36376
41969 36552
41986 47123
41999 42891
42016 42924
42019 42886
42022 42904
42032 42786
42043 43006
42061 42996
42093 43001
42107 36980
42143 36999
42159 37010
42172 42912
42187 37017
42191 43093
42197 43196
42222 43112
42223 43113
42235 43225
42238 42970
42260 43024
42274 43190
42295 43313
42311 43308
42313 43095
42322 43316
42327 37090
42378 43186
42387 43386
42394 43176
42442 43310
42455 37040
42481 37264
42494 43474
42515 37517
42532 37574
42548 37562
42554 37253
42559 43538
42566 43433
42573 43561
42578 43378
42588 37306
42589 43527
42596 43401
42604 37583
42628 43429
42629 37561
42661 43435
42668 43453
42669 37301
42686 43607
42697 43331
42732 37336
42735 43364
42782 43408
42798 43426
42799 43505
42810 37491
42811 37492
42845 38237
42852 43627
42853 43628
42864 47751
42901 43862
42913 37785
42924 37794
42932 43584
42946 43929
42952 37832
42967 43736
42987 37902
43035 37959
43045 43802
43065 43826
43086 38038
43087 38039
43093 38037
43105 37840
43107 43851
43109 43869
43148 38151
43164 43791
43182 38212
43210 38248
43259 44128
43274 38495
43283 44117
43286 43922
43327 44255
43333 38180
43334 38344
43337 44173
43351 44182
43352 44191
43353 44192
43373 44220
43402 44088
43408 44319
43409 38356
43433 44126
43434 44127
43439 44289
43461 44228
43478 44242
43485 44034
43492 38893
43503 38844
43525 44369
43532 44304
43552 44373
43561 44338
43586 44264
43599 38825
43600 38826
43628 44346
43649 44318
43650 38907
43736 44274
44164 44631
44169 48634
44172 44737
44188 44796
44196 48623
44197 48624
44198 44767
44199 44768
44200 44777
44201 39546
44202 44804
44211 48737
44214 48666
44217 44853
44239 48761
44241 48706
44243 48708
44246 44859
44247 44860
44248 44881
44249 48775
44252 44891
44255 44885
44256 44886
44263 48600
44270 44900
44275 48721
44280 48733
44282 48610
44284 44929
44288 48750
44298 44919
44300 45050
44309 48774
44310 44968
44311 44978
44317 45082
44319 48773
44323 48772
44334 44967
44337 45106
44343 45004
44347 48811
44350 48860
44358 44953
44361 48871
44367 48798
44371 51633
44376 39825
44385 48822
44386 48823
44388 48885
44393 45148
44399 45033
44405 45070
44407 45025
44411 48835
44415 45036
44419 45091
44427 45204
44438 44974
44440 45117
44447 45071
44451 40081
44456 45140
44476 45159
44493 48899
44494 48900
44498 45175
44499 45129
44516 48908
44517 49007
44532 45158
44555 45233
44557 48947
44574 48964
44582 45241
44604 45286
44611 45290
44619 45165
44626 48998
44631 48954
44635 45261
44636 49013
44646 48915
44654 49026
44655 49027
44670 40295
44681 45403
44748 45370
44756 45380
44765 45423
44766 49105
44770 45451
44792 45465
44831 45559
44835 49252
44850 45551
44857 45474
44859 49209
44896 45628
44921 45544
44941 49194
44943 45701
44944 45577
44952 45678
44956 45687
44967 45723
45004 45738
45005 45645
45007 45659
45012 45794
45023 45745
45035 45685
45038 45698
45041 45803
45044 49276
45057 45784
45063 45826
45071 45725
45074 49364
45076 49294
45095 45743
45102 49377
45104 49384
45107 45820
45116 45716
45118 45824
45124 45721
45126 45755
45131 49399
45140 45885
45147 49401
45155 45889
45158 45781
45168 45925
45169 45960
45181 49445
45185 45829
45191 45805
45193 45953
45211 45819
45221 45972
45235 49402
45243 45902
45249 45959
45263 46027
45265 46014
45266 46015
45268 46022
45271 45962
45279 49519
45291 46038
45292 49511
45299 46042
45300 46043
45302 49528
45303 49529
45309 46054
45310 46055
45323 49538
45336 46088
45340 49546
45341 46091
45344 46058
45346 49556
45347 45997
45362 49498
45365 46116
45366 49560
45375 46090
45376 46118
45383 46072
45403 46056
45406 46146
45414 46165
45416 46126
45421 46052
45422 46053
45425 46181
45426 46182
45428 46180
45433 49619
45439 49621
45448 46210
45474 46162
45475 46163
45476 49618
45483 46249
45489 46252
45498 46258
45499 46259
45502 49664
45505 46149
45510 46341
45515 46296
45516 41597
45520 46204
45525 49674
45551 46300
45572 46240
45573 46308
45580 46278
45587 46272
45591 46334
45626 46366
45632 46375
45643 46379
45648 46374
45655 46343
45662 46385
45669 46410
45696 46464
45703 41906
45707 46550
45724 46387
45730 46501
45744 46415
45753 42067
45757 46422
45759 46442
45760 46443
45762 46539
45771 46439
45774 46554
45789 46676
45827 42134
45830 46461
45831 46462
45859 46678
45861 46648
45862 46652
45864 46772
45889 42393
45942 46683
45963 42663
45976 46771
45979 50124
46001 50029
46008 46722
46029 46760
46041 46785
46042 46777
46043 46778
46066 46788
46067 46789
46083 42524
46098 46939
46103 46720
46112 46987
46121 46835
46124 46831
46126 46829
46127 46830
46142 46840
46193 46930
46203 47028
46214 52434
46223 42587
46228 47009
46230 46989
46238 43925
46241 46949
46242 47015
46256 46966
46257 47006
46258 47007
46260 47103
46266 42754
46269 47003
46283 47058
46285 47041
46290 46948
46307 42626
46311 42766
46328 47079
46332 47029
46333 47030
46351 47065
46359 47020
46362 42720
46365 42720
46368 47145
46373 47085
46374 47086
46393 47160
46413 42909
46420 47084
46451 42962
46456 42864
46467 42867
46495 47282
46501 47170
46517 47273
46526 47302
46536 47323
46537 47334
46546 47457
46553 47358
46556 47254
46557 47255
46561 47482
46565 47241
46569 43299
46570 43300
46584 47413
46597 47309
46620 47474
46623 43268
46633 47347
46637 47543
46663 47494
46699 43188
46710 47634
46712 50704
46722 43553
46729 47654
46730 47655
46754 43333
46764 47700
46774 47648
46778 43596
46782 47568
46801 43623
46809 47590
46821 47602
46830 47744
46839 43404
46840 50725
46869 43414
46889 47868
46909 43565
46924 47845
46932 47763
46940 47878
46981 47657
46998 43667
46999 43668
47003 43834
47030 47898
47037 47864
47046 47786
47106 48016
47113 47792
47123 43975
47127 47809
47130 47989
47131 47990
47134 47932
47146 47910
47155 44151
47162 43897
47163 43898
47179 43932
47208 48091
47209 50897
47216 43971
47226 44104
47242 48150
47256 48022
47273 44093
47275 43952
47281 47969
47286 48136
47288 48128
47305 48044
47312 48108
47313 48109
47314 44188
47338 48239
47347 48285
47349 48238
47361 44183
47362 44341
47365 48252
47366 48253
47391 48202
47397 48210
47406 44299
47412 48227
47413 48228
47417 44082
47418 48139
47421 48177
47443 44348
47449 48265
47453 44352
47470 48282
47477 48289
47509 48262
47530 48289
47538 44340
47568 48319
47573 48316
47577 48320
47592 44245
47604 48240
47614 44263
47950 48685
47954 51449
47956 48616
47958 48639
47960 51509
47965 48608
47967 48611
47975 48625
47980 48545
47983 48738
48000 51453
48046 51432
48049 44912
48050 48719
48052 48723
48057 48741
48071 51516
48074 51442
48076 51570
48079 51526
48083 48734
48085 48743
48086 48735
48087 48827
48090 48746
48093 48780
48098 51583
48099 48760
48106 51558
48111 48729
48115 48788
48116 48789
48118 51539
48119 51541
48123 48790
48126 48784
48128 48825
48133 48875
48137 48804
48146 51632
48149 48814
48152 51564
48156 48748
48163 48820
48164 48821
48170 51634
48171 51635
48177 48931
48178 48846
48183 51670
48184 48844
48191 51603
48198 48943
48217 48983
48219 48977
48238 48934
48239 48935
48248 48920
48257 45167
48260 48838
48261 48839
48284 53347
48300 48916
48301 48976
48302 49006
48305 51683
48315 48944
48320 49047
48321 49012
48326 48905
48330 51711
48334 49022
48358 48992
48360 51735
48365 51734
48372 49132
48394 49163
48397 51756
48419 49119
48423 49162
48435 51793
48436 49147
48440 49134
48452 49159
48453 49146
48454 51809
48463 49144
48466 51865
48467 51818
48468 51819
48476 49283
48480 49273
48483 45528
48488 49206
48489 49156
48492 51804
48522 51825
48562 49263
48566 51857
48569 51901
48586 51858
48597 49237
48603 49303
48628 45740
48629 49301
48652 49342
48657 49353
48658 49367
48659 49340
48660 49341
48666 49379
48676 49387
48679 49400
48690 49415
48691 49439
48692 49385
48693 49386
48694 49411
48700 49339
48707 49442
48726 49465
48732 49472
48733 49473
48742 49455
48745 49412
48746 49459
48750 49409
48757 49502
48765 49418
48766 49419
48768 49512
48772 49516
48774 49522
48784 49520
48787 51986
48789 52013
48796 49559
48799 49545
48813 52017
48818 49487
48844 49596
48857 49631
48860 49635
48865 49583
48866 49636
48876 49646
48891 49656
48911 49644
48957 49707
48978 49740
48994 49676
48995 49680
49013 49768
49021 49843
49022 49714
49034 49733
49047 49826
49054 49848
49056 49833
49057 49836
49086 49871
49091 49851
49103 49812
49104 49813
49129 50018
49132 52318
49143 49992
49154 49862
49157 49874
49162 46761
49187 50054
49197 49929
49210 49920
49220 49967
49232 49942
49255 50026
49262 50074
49264 49948
49316 46760
49317 50055
49324 50045
49331 50146
49332 50058
49352 52361
49357 50077
49370 50229
49391 50256
49409 50252
49414 50049
49421 46874
49427 50123
49447 50202
49456 50174
49464 50110
49474 50231
49475 50237
49495 50137
49496 50138
49501 50280
49503 50255
49515 50278
49522 50270
49542 50296
49558 52490
49573 50244
49582 47231
49597 50361
49604 47116
49613 50368
49616 50296
49623 50371
49641 47159
49647 50334
49648 50335
49661 47198
49667 47389
49703 50554
49715 47289
49718 50553
49735 50482
49746 50491
49755 50498
49762 50551
49769 50510
49813 47529
49852 50628
49859 47580
49883 47610
49900 50713
49905 47667
49907 50587
49919 47486
49920 47487
49925 47662
49927 47664
49958 50753
49960 47572
49968 50737
49971 50625
49998 50774
50004 47621
50032 50814
50036 50731
50044 50746
50045 50747
50048 50740
50077 47857
50113 50801
50121 50797
50126 47898
50130 50802
50134 47687
50152 48001
50153 47794
50161 50923
50164 50821
50167 47820
50178 47982
50183 47909
50204 50980
50234 22867
50241 48018
50242 50961
50243 50910
50246 47921
50250 50985
50253 50822
50262 50900
50265 50983
50292 50941
50293 50851
50298 51010
50299 51011
50311 51045
50326 50897
50331 51002
50337 48068
50341 51066
50354 50943
50355 50944
50364 50948
50393 51110
50406 48028
50407 51014
50408 51015
50414 51129
50416 51021
50422 48176
50429 48069
50430 48070
50431 48083
50437 51046
50438 48090
50450 51038
50456 48168
50472 48280
50475 51064
50477 51181
50490 48193
50509 51176
50517 51198
50525 51102
50533 51200
50534 51201
50541 51211
50560 48309
50592 48296
50601 51140
50636 48264
50654 48295
50846 53151
50861 51453
50867 53225
50868 51398
50875 51481
50877 53188
50881 51416
50882 53195
50897 53204
50899 51528
50910 53214
50911 51535
50914 51519
50920 51540
50921 51545
50923 53215
50926 51529
50929 51594
50930 51491
50931 51492
50932 51548
50935 53227
50943 51500
50944 53281
50945 51542
50951 53247
50952 51510
50956 51556
50959 51554
50965 51585
50971 51601
50976 51664
50981 53309
50987 51603
50990 51599
50991 51600
51000 51690
51010 53291
51019 51654
51035 53324
51044 51683
51057 51684
51073 51721
51086 51727
51087 51735
51088 51700
51092 53379
51097 53375
51098 53376
51109 53346
51113 51754
51124 51821
51125 51817
51130 51767
51135 51778
51138 53448
51140 51783
51147 53459
51149 51776
51158 51816
51160 51819
51176 51824
51181 51843
51201 51812
51208 51829
51210 53457
51213 51864
51215 53422
51218 51876
51220 53465
51224 51866
51234 51841
51241 51883
51245 51887
51246 51851
51247 51850
51265 51888
51275 51917
51298 51934
51301 51937
51315 51914
51318 51962
51328 51969
51343 51929
51345 51959
51348 51976
51363 51948
51366 51973
51368 51975
51370 52000
51375 52008
51383 51995
51384 51996
51388 52021
51391 53541
51405 53560
51407 53546
51413 52016
51414 52017
51418 52049
51419 52050
51424 52055
51426 52059
51437 52044
51438 52061
51445 52086
51453 52102
51455 52132
51475 52075
51480 52122
51485 52088
51493 52170
51503 52093
51510 52153
51511 52113
51515 52187
51516 52186
51520 52189
51527 52196
51528 52199
51533 52142
51537 52184
51539 52204
51540 52205
51554 52151
51557 52226
51562 52228
51570 52238
51577 52243
51582 52248
51584 52251
51592 52261
51593 52262
51596 49836
51597 52263
51598 52180
51599 52267
51610 53812
51611 53795
51618 52247
51622 52283
51623 52284
51640 52290
51645 52296
51646 52275
51661 52206
51722 52350
51754 52352
51783 52377
51797 52375
51799 52433
51805 52436
51806 52437
51812 52431
51823 50209
51840 52428
51852 52371
51901 52469
51905 50375
51919 50393
51921 52488
51922 50279
51928 50326
51939 53947
51943 52504
51948 52502
51969 52477
52009 52557
52023 52602
52048 52536
52049 52537
52051 50592
52078 52593
52102 52681
52109 50654
52118 52631
52137 50700
52138 52721
52157 52629
52166 52732
52169 52714
52204 52695
52215 50691
52216 50774
52228 50826
52231 52717
52240 52766
52242 52787
52248 52780
52249 50814
52254 50841
52256 52799
52268 52744
52269 52745
52272 52808
52274 52754
52291 54175
52300 50793
52317 50775
52318 50776
52328 52741
52331 50817
52338 52847
52339 52848
52355 52867
52367 52879
52374 52887
52394 52884
52395 52885
52400 52850
52408 50951
52431 52894
52432 54259
52436 52906
52440 51022
52454 51093
52457 52914
52462 52874
52471 52890
52473 51030
52478 51013
52506 51171
52528 52978
52550 52986
52560 52988
52584 51194
52749 54425
52765 53183
52766 53184
52768 54432
52769 54440
52776 53196
52779 53208
52780 53209
52784 53193
52785 53194
52786 54453
52789 53252
52795 53213
52801 54439
52802 53232
52805 53234
52810 53246
52817 54465
52824 54484
52830 53250
52833 53275
52835 53259
52844 53267
52854 53287
52858 53313
52874 53319
52875 53320
52887 53333
52888 54536
52893 54521
52904 54578
52907 53389
52913 54549
52914 53370
52917 53336
52932 51790
52935 53424
52941 54546
52942 53423
52950 53401
52952 54566
52959 53399
52960 53400
52962 53388
52970 53434
52977 54598
52996 53439
53008 54611
53009 53466
53014 53454
53023 53462
53036 53490
53041 53497
53042 53475
53043 53502
53048 53509
53063 53525
53064 53496
53071 51913
53075 53501
53080 53504
53085 53547
53099 53524
53100 53526
53103 53583
53106 53559
53109 53579
53115 54697
53124 54699
53125 53565
53126 53595
53127 54700
53128 54701
53141 53599
53143 53643
53148 54694
53149 53617
53152 53621
53164 53687
53165 53613
53171 53656
53173 53620
53186 53637
53188 53646
53191 53638
53192 53685
53193 53686
53205 53665
53214 53674
53227 53688
53229 53611
53230 53728
53235 53695
53237 52162
53238 53765
53239 54791
53240 53752
53241 53777
53253 54800
53261 53721
53267 53739
53275 53820
53282 53840
53283 53841
53300 53826
53305 52319
53341 53836
53346 53873
53352 53845
53353 53868
53365 53858
53366 53859
53371 53873
53377 53866
53393 53886
53417 53902
53422 53909
53424 53951
53427 53911
53439 53946
53440 52440
53447 53954
53460 53968
53461 53913
53475 53925
53481 52518
53487 54000
53493 54922
53497 54007
53504 54014
53508 53969
53520 52585
53521 52526
53528 54074
53534 54063
53551 52524
53553 54035
53556 54085
53558 54092
53559 54087
53564 52541
53568 52647
53573 52561
53579 52572
53598 54105
53614 52652
53624 54136
53627 54146
53630 52642
53633 54158
53639 52742
53640 52743
53648 54123
53659 52704
53660 52699
53678 52723
53679 52735
53683 55063
53691 54159
53700 54187
53708 54191
53717 54234
53730 52870
53748 52864
53759 52841
53768 52840
53775 54253
53778 54233
53782 54260
53784 54241
53785 54242
53788 54268
53805 54294
53810 54288
53815 54313
53825 54324
53835 52991
53840 52967
53841 52968
53861 54314
53996 54427
54004 54432
54006 54431
54012 54436
54013 54437
54016 54451
54017 55270
54019 53224
54025 54454
54034 54460
54038 54468
54043 54481
54051 55293
54057 55295
54060 55281
54061 54492
54063 54512
54064 54515
54090 54539
54093 54525
54094 54535
54101 54524
54104 54554
54109 55348
54115 54573
54117 54612
54127 55355
54128 54591
54137 54589
54146 54597
54148 54604
54150 54603
54161 54602
54180 54628
54200 54659
54236 54690
54241 54698
54250 54709
54257 55440
54259 54706
54266 54725
54270 54717
54277 54732
54279 54723
54282 55458
54287 54729
54295 53710
54297 53700
54319 54810
54323 54803
54333 54786
54337 54815
54338 54788
54343 53742
54344 54801
54352 54811
54386 54825
54420 54864
54434 54868
54435 54865
54442 54882
54450 54911
54453 54892
54459 54866
54466 54871
54472 54908
54483 53996
54490 54921
54491 55615
54499 54893
54509 54937
54510 54938
54532 54939
54533 54081
54539 54942
54546 54952
54551 54096
54552 54978
54555 54971
54556 54058
54562 54989
54564 54991
54565 54992
54572 55000
54577 54121
54593 55663
54595 55045
54615 54210
54626 55057
54627 55053
54628 54201
54648 54185
54649 54186
54652 55089
54658 54232
54659 55085
54667 54200
54675 54199
54687 55082
54689 55064
54703 55114
54706 55072
54709 55079
54717 54264
54725 55101
54736 54295
54747 55150
54749 55151
54757 55126
54764 55146
54774 55144
54786 54293
54887 55243
54894 55242
54896 55785
54898 55253
54899 55257
54902 55255
54904 55262
54905 55271
54911 55266
54915 55793
54920 55277
54931 55314
54942 55309
54946 55318
54956 55321
54958 55331
54963 55357
54964 55339
54966 55343
54967 55340
54985 55861
54989 55365
55009 55380
55017 55412
55021 55394
55027 55400
55034 55416
55040 55896
55042 55432
55043 55437
55047 55900
55050 55449
55053 55434
55056 55453
55057 55464
55060 55455
55066 55468
55068 54742
55089 55480
55091 55472
55094 55475
55095 55492
55098 55477
55101 55497
55105 55512
55111 55515
55131 55517
55134 55525
55176 54873
55184 55565
55185 54883
55190 55571
55204 55569
55205 55592
55212 55601
55229 55634
55231 55637
55241 55619
55246 55642
55247 55643
55250 54980
55253 55646
55254 55647
55255 55648
55259 55653
55277 55016
55285 55666
55295 55668
55306 55669
55308 55694
55309 55053
55310 55020
55311 55699
55347 55047
55357 55104
55364 55698
55372 55737
55463 56148
55468 55820
55470 55811
55482 55824
55485 55827
55496 56158
55501 55843
55503 55842
55504 55846
55506 56165
55507 55860
55529 55884
55553 56197
55562 55906
55566 55921
55605 55968
55620 55974
55650 56000
55656 56011
55664 56022
55665 56017
55667 56026
55669 56032
55672 55627
55677 56040
55683 55667
55724 56067
55735 56080
55738 56334
55751 55735
55789 56148
55791 56140
55793 56136
55796 56147
55798 56150
55800 56154
55810 56167
55811 56159
55812 55847
55817 56174
55824 56182
55832 56192
55843 56202
55847 56217
55849 56223
55851 56229
55852 56230
55887 56257
55894 56264
55902 56445
55905 56287
55906 56288
55912 56299
55915 56284
55920 56053
55923 56050
55933 56085
55934 56326
55936 56325
55943 56074
55949 56329
55989 56499
55992 56370
55994 56506
56001 56379
56003 56512
56004 56386
56005 56387
56012 56521
56014 56394
56019 56398
56023 56401
56026 56404
56030 56417
56037 56418
56040 56424
56041 56421
56074 56438
56083 56447
56090 56290
56100 56316
56103 56330
56118 56327
56148 56497
56155 56501
56156 56504
56157 56505
56160 56508
56163 56509
56165 56516
56166 56389
56167 56513
56170 56519
56171 56520
56175 56526
56176 56601
56178 56529
56180 56605
56188 56412
56190 56538
56198 56547
56200 56444
56232 56584
56236 56588
56237 56659
56241 56595
56248 56665
56249 56599
56262 56615
56263 56614
56305 56701
56309 56708
56311 56661
56330 56685
56335 56688
56336 56638
56337 56639
56347 56707
56350 56712
56356 56670
56357 56671
56363 56740
56367 56719
56371 56722
56380 56732
56385 56738
56389 56742
56392 56717
56393 56720
56403 56753
56411 56756
56414 56758
56415 56760
