1493
739 19006
812 18808
1085 19015
1212 19365
1353 18890
1354 18889
1609 18941
1660 18447
1790 18699
1915 17611
1987 18553
2075 19389
2166 18489
2405 18561
2451 17011
2465 16993
2505 18455
2992 17556
3491 17808
3579 29256
3580 29255
3925 42723
4016 16573
4049 17380
4406 15969
4417 16200
4418 16199
4469 16297
4633 28137
4634 28136
4817 15974
4958 15695
5019 15694
5020 15693
5055 15679
5159 28869
5160 16626
5194 15377
5241 14549
5309 15584
5321 27903
5341 27893
5566 15799
5581 16236
5697 28885
5799 28885
5807 27647
5812 15214
5973 15028
6074 13696
6118 13696
6146 13696
6231 14721
6281 14642
6298 14414
6313 14588
6622 13689
6676 13818
6729 27365
6811 13610
7050 13943
7087 27150
7090 13600
7317 13438
7385 14032
7445 13303
7509 12980
7556 26408
7584 13179
7780 26513
7829 26495
7888 12774
7895 12408
7898 13177
8072 13296
8382 11177
8397 13600
8463 12960
8528 12932
8597 12804
8749 12721
8771 12540
9544 11549
9614 11461
9648 11239
9653 26134
9877 11201
10038 11024
10131 25949
10324 24957
10339 25920
10520 10616
10955 10089
10956 10036
11165 10537
11176 10036
11182 24843
11184 10036
11226 10036
11231 10036
11281 10036
11382 10036
11396 9997
11426 8856
11564 9706
11565 9705
11716 10602
11754 23803
11783 10244
12075 9481
12081 8010
12093 10373
12333 9415
12342 9402
12379 9162
12431 23903
12436 24105
12447 7621
12567 7468
12593 9271
12640 8541
12643 23511
12644 8471
12645 8470
12649 24702
12665 8448
12680 8391
12681 8390
12737 23202
12747 9028
12777 23871
13101 8141
13102 8140
13145 6248
13182 8175
13370 24327
13432 23137
13441 8246
13475 23295
13482 8513
13532 3589
13533 23939
13566 22586
13590 8719
13624 23642
13744 6163
13904 22643
13905 22642
14003 23415
14082 6239
14225 7123
14351 8077
14357 22582
14396 4047
14741 7558
14792 7640
14822 22284
14831 22307
14832 22943
14866 22231
14874 22231
14937 22315
14941 22328
15032 22208
15055 21726
15058 7123
15061 3614
15110 21815
15146 22704
15147 22703
15149 7186
15177 7123
15553 33504
15694 3030
15958 21668
15961 21648
16014 4844
16105 6185
16115 4774
16235 6040
16240 17258
16250 22747
16251 22693
16276 22693
16319 1897
16335 5957
16336 5956
16459 22536
16496 21317
16518 21305
16538 22032
16539 5947
16553 21287
16587 2840
16631 1759
16689 22384
16709 4015
16721 34666
16751 21175
16772 21158
16802 21122
16845 21109
16851 21086
16918 20189
16924 2450
16925 2449
16931 20694
16962 5739
16987 20637
17332 4944
17356 4674
17580 20022
17583 46719
17584 4437
17660 4765
17679 20851
17802 31667
17810 2286
17835 4532
17879 19516
17897 20787
18015 20711
18016 20710
18150 4664
18220 3037
18221 3036
18232 3037
18233 3036
18239 4055
18506 1167
18586 4811
18612 4564
18748 2587
18787 3917
18941 3816
19131 20738
19144 21868
19212 3018
19213 3017
19263 3893
19265 2372
19270 2983
19420 3707
19442 1410
19456 3674
19473 1808
19561 3633
19644 3633
19722 38772
20164 30747
20262 38658
20348 30494
20382 38719
20567 30455
20626 19385
20742 19316
20813 19367
20814 19402
20938 19087
20986 29746
21048 29901
21209 18262
21210 18261
21339 30169
21450 18114
21742 37784
21784 17603
21917 29416
22098 28958
22191 28957
22196 37201
22224 29133
22239 29442
22342 28850
22360 28806
22420 28775
22448 28605
22451 28749
22452 28750
22453 28748
22553 28726
22682 27897
22726 28325
22741 28578
22745 37091
22867 36733
22930 37171
22962 28284
22974 28333
23047 15957
23170 15276
23302 15188
23339 14235
23366 14933
23414 36462
23434 27816
23488 27747
23489 27754
23491 28075
23502 27489
23568 27424
23627 14620
23683 27876
23792 27508
23815 14208
23888 14381
23916 14071
23967 13979
23982 27594
24043 14377
24058 27507
24082 27477
24109 36171
24121 26622
24131 35578
24143 36151
24147 13721
24159 13746
24171 13157
24180 35736
24197 27093
24210 35691
24220 27369
24285 27319
24344 13389
24349 27115
24358 35590
24359 35589
24385 13786
24386 26253
24446 13169
24514 13996
24610 27215
24703 12956
24727 26993
24774 35875
25168 12576
25298 35216
25480 25046
25537 35332
25674 34371
25714 11828
25989 26024
26001 34291
26015 25366
26049 34577
26091 34888
26103 24912
26121 35115
26149 24625
26173 25419
26174 25420
26227 34486
26228 25355
26251 25346
26336 25279
26363 34431
26425 10633
26439 24563
26518 11760
26658 10034
26677 25055
26681 9403
26692 24253
26803 25039
26804 25038
26807 33574
26812 34589
26875 9568
26962 24668
26968 33881
27000 24584
27029 24518
27030 24567
27039 9376
27040 9375
27044 34207
27111 33605
27113 24620
27114 24619
27271 34141
27451 33461
27596 23823
27650 24264
27675 32914
27685 32719
27764 32654
27834 24384
28024 24284
28046 39997
28153 32816
28205 32735
28206 32734
28267 32759
28341 32630
28436 33635
28444 4757
28521 25382
28544 32209
28558 22746
28566 32493
28581 23510
28593 22385
28604 6582
28635 21387
28650 32526
28659 21377
28676 32383
28817 31887
28852 32296
28867 31889
28937 22276
29006 32634
29022 21434
29043 32187
29085 21383
29086 21384
29144 31606
29145 31605
29147 32076
29192 31986
29193 31985
29259 22993
29320 21074
29349 31873
29376 31646
29377 31645
29387 22870
29420 21603
29428 31456
29458 31630
29577 31493
29600 32402
29613 31433
29620 31869
29653 22238
29772 22173
29805 22288
29808 20952
29836 20921
29873 30981
29938 21340
29942 22178
29957 20071
29958 22135
29962 20067
29994 20082
30020 21788
30035 22316
30091 19978
30146 20465
30214 20997
30265 22027
30339 3590
30419 31608
30452 4100
30559 20432
30646 20007
31000 44019
31038 38674
31089 38519
31146 38735
31154 43898
31168 38712
31178 30592
31317 38732
31335 44015
31398 30385
31416 43876
31468 38596
31594 19242
31595 43577
31938 38311
31947 38226
31966 3237
31994 43570
32259 37702
32312 37927
32389 37601
32407 29622
32417 37832
32430 38044
32457 37589
32492 37754
32519 29479
32532 37524
32533 37523
32548 43224
32558 37671
32563 42950
32633 42954
32693 42954
32762 15372
32766 37499
32781 37434
32794 16770
32810 37215
32812 29246
32820 43012
32868 36984
32884 36601
32955 37242
32974 37200
32975 37199
33079 28817
33172 37033
33178 16020
33226 36980
33237 37149
33272 36696
33296 37157
33334 28595
33411 36991
33432 27902
33446 37006
33453 36991
33461 28170
33485 27837
33495 28113
33501 36737
33506 28144
33507 28143
33558 36735
33562 28191
33584 28037
33619 36840
33636 27960
33652 27939
33659 36812
33667 27926
33684 42282
33698 27850
33779 42099
33794 27867
33795 27868
33904 26959
33921 36538
33943 27835
34001 36452
34006 27465
34027 36271
34046 42051
34052 35715
34053 36182
34059 42050
34091 42038
34092 42039
34097 36383
34114 41997
34172 26959
34175 36347
34207 36291
34214 27252
34222 26959
34225 36262
34231 36133
34301 27136
34359 35998
34380 35978
34443 35888
34773 35065
34784 35579
34879 26184
34985 35356
35017 34341
35071 7757
35126 41461
35130 34278
35134 41456
35136 35312
35137 35313
35332 26014
35357 34655
35368 34544
35426 41217
35475 41213
35563 25887
35761 34838
35779 33694
35825 34972
36009 34430
36030 41123
36049 39866
36088 34221
36089 34220
36133 34468
36136 40314
36168 40980
36194 33392
36215 34117
36233 34147
36332 40449
36364 40439
36413 40062
36416 40061
36462 24591
36515 40582
36518 40339
36598 40169
36746 39941
36784 44998
36810 40060
36857 40064
36858 40065
36886 39915
36887 39914
36921 39779
36981 39990
37039 39857
37102 39540
37133 39889
37175 40057
37186 39567
37206 39681
37207 39680
37223 39717
37298 44738
37320 39607
37360 40438
37388 32698
37397 32119
37398 32118
37404 39636
37418 39604
37419 39603
37438 39273
37454 39606
37460 39652
37518 33036
37549 31423
37581 39201
37583 32453
37600 33312
37615 39826
37617 33300
37635 33266
37659 39501
37672 22878
37683 39488
37685 32861
37799 33148
37806 33125
37828 33116
37942 32202
37943 31165
37965 31752
37994 32701
38015 38963
38061 39361
38070 39018
38276 38968
38277 38967
38307 21631
38337 22381
38370 32559
38408 30933
38427 32009
38487 32601
38543 32436
38548 32298
38568 32401
38615 32365
38935 43898
38952 43893
39022 43939
39097 43876
39115 43852
39122 43685
39221 47606
39229 47640
39287 38741
39317 47370
39341 47448
39357 38530
39380 43741
39384 43771
39424 38539
39465 38473
39490 38423
39493 38392
39512 38407
39556 43585
39576 43596
39610 43496
39678 43418
39680 38191
39681 38190
39699 38218
39709 43684
39739 47315
39783 37566
39823 38020
39827 37802
39866 37615
39942 37891
39948 43223
39953 43172
39955 37851
40024 43195
40047 42814
40060 37804
40085 37771
40093 29247
40104 37722
40119 42989
40141 42995
40143 47074
40147 37635
40158 37672
40164 37657
40174 37513
40175 37514
40186 37634
40229 37447
40249 37440
40281 42993
40304 37350
40333 42957
40356 43215
40400 46690
40401 46861
40407 46682
40421 42729
40425 46783
40434 42854
40446 37259
40474 42826
40475 42827
40482 46768
40506 36913
40523 42720
40528 42629
40531 37109
40552 46938
40558 42522
40560 42808
40564 42508
40568 36845
40585 37071
40590 42880
40591 37060
40598 46686
40600 37041
40622 42702
40636 42727
40644 36953
40657 42726
40694 36884
40707 42524
40712 42662
40716 36854
40718 36852
40745 42186
40762 36351
40764 36797
40797 36866
40816 36347
40877 46389
40878 36405
40902 36351
40930 36500
40957 46427
40960 46421
41001 46395
41012 36500
41035 36558
41049 46357
41050 42272
41059 36336
41076 46534
41091 36492
41095 41935
41164 36182
41165 36183
41268 41631
41404 41966
41446 16925
41451 46281
41462 41286
41493 42160
41543 41656
41576 45970
41608 41774
41628 41751
41650 41861
41655 45827
41665 41725
41701 41424
41811 45909
41856 35449
41908 45655
41911 35337
41912 35336
41914 45865
41917 41519
41928 41506
42016 35173
42072 45492
42133 35054
42159 41363
42289 45274
42295 41183
42316 41151
42318 40698
42322 45745
42347 45721
42357 41046
42387 45703
42455 45261
42457 41274
42480 45629
42532 34381
42535 45406
42548 45581
42555 45230
42559 41002
42561 45112
42573 45552
42592 40851
42593 40850
42629 45320
42659 45158
42669 45028
42785 44934
42852 44980
42853 44979
42913 44923
42924 44918
43021 44848
43025 44858
43045 44830
43056 44673
43086 44772
43093 44767
43164 39480
43182 39695
43183 39694
43210 44712
43227 33399
43235 44704
43242 33363
43259 40372
43261 44742
43273 33314
43274 33313
43305 44517
43310 44476
43312 44495
43381 44352
43385 39352
43393 44780
43408 44981
43428 40400
43448 39825
43501 39775
43525 39747
43542 39478
43619 40112
43620 40113
43664 39361
43665 44542
43723 40034
43746 39346
43754 39876
43811 30654
43818 39709
43856 38895
43858 44559
43867 39426
43880 39424
43924 32601
43994 44442
44012 39240
44036 39614
44069 44278
44120 39726
44376 47646
44399 47616
44425 47506
44447 47572
44456 47645
44493 47638
44494 47639
44498 47623
44516 47605
44519 50412
44566 47739
44567 47738
44619 43947
44626 47525
44646 43914
44655 47494
44667 43909
44728 50365
44765 11036
44831 43527
44835 43623
44860 43481
44882 47461
44909 50237
44912 47262
44921 43566
44930 47163
44944 43523
45007 50083
45012 47230
45029 43343
45044 50318
45076 47275
45107 47057
45131 47093
45132 47148
45155 43217
45163 50120
45181 43194
45237 43131
45265 43118
45291 42930
45309 37282
45314 47177
45336 47014
45341 37230
45344 46950
45373 47088
45376 46976
45383 46848
45387 42856
45391 46989
45393 42824
45403 43027
45410 46605
45417 42921
45428 46937
45437 42754
45439 46909
45478 49719
45502 46836
45510 42791
45517 46855
45525 49972
45592 42741
45596 46519
45606 46751
45618 42707
45668 46500
45680 46676
45703 42401
45712 42528
45725 49496
45743 36503
45753 46528
45864 46503
45869 46449
45889 46478
45963 46359
45970 46201
45976 49442
45978 49324
46021 46156
46025 49484
46057 46400
46081 46246
46112 46232
46157 33799
46196 46210
46230 41597
46242 49256
46271 49025
46285 41834
46316 49034
46317 48968
46342 46030
46363 45825
46368 46166
46404 41733
46410 48874
46447 45463
46455 48849
46463 45447
46491 46072
46509 45392
46519 45400
46546 45894
46556 48827
46557 48826
46565 48763
46569 45858
46570 45857
46620 48979
46637 45769
46640 48723
46657 49083
46675 45789
46722 45697
46725 48583
46731 51375
46745 51158
46754 45087
46757 48962
46760 48760
46761 48759
46777 48916
46778 48917
46799 48450
46801 45523
46811 48439
46825 45372
46858 40857
46878 40838
46882 48549
46889 45585
46909 48484
46922 48487
46950 48492
47073 48410
47106 48536
47117 44730
47122 45176
47124 48343
47128 48180
47149 44585
47162 48293
47196 44663
47209 48089
47217 45244
47318 48352
47331 45280
47350 48124
47365 45191
47375 47983
47418 44337
47499 48132
47504 44985
47509 47995
47511 44876
47526 44573
47530 44323
47539 48128
47542 39977
47554 44924
47564 44549
47568 44308
47582 39824
47594 48107
47608 44792
47612 47936
47668 47868
47679 39841
47689 44806
47701 39737
47727 39749
47756 48159
47761 47812
47786 48136
47815 44528
47821 44436
47828 44493
47899 7832
48001 50635
48086 50621
48116 50598
48137 50575
48163 50558
48164 50557
48226 52399
48256 50645
48260 47747
48261 47746
48277 47685
48281 50525
48315 50591
48328 43900
48329 52343
48401 47549
48414 43709
48423 47449
48424 47485
48468 50344
48486 50332
48490 43587
48493 43609
48522 47407
48528 50237
48551 47377
48553 50197
48562 47213
48569 50274
48587 47255
48590 50100
48591 50227
48603 50221
48610 50073
48638 47303
48659 50137
48660 50136
48679 50162
48692 50110
48700 43298
48718 50258
48723 50135
48724 50260
48733 47137
48746 50056
48778 47080
48789 47082
48832 50029
48844 47038
48871 51906
48888 49900
48891 49991
48957 46907
48977 49882
48978 49883
49021 49855
49039 51756
49040 49803
49044 51914
49047 46719
49087 51768
49092 49452
49098 49532
49154 49497
49187 49538
49303 49210
49391 49487
49412 49420
49414 51512
49441 49288
49464 49079
49496 49039
49506 51583
49573 48953
49608 46111
49652 49050
49661 49048
49703 49222
49735 51397
49746 51394
49792 49131
49793 49130
49813 45859
49824 49085
49825 49084
49881 45780
49900 51429
49909 51265
49913 51256
49937 49035
49960 48612
49980 45617
49997 51209
50005 48586
50029 51182
50032 51303
50035 51174
50048 51152
50051 51168
50083 51088
50092 48423
50116 51084
50163 51105
50164 51104
50231 48730
50241 48526
50242 48727
50246 51051
50248 51044
50249 51045
50253 50927
50254 50926
50260 51053
50263 48514
50290 50901
50293 50900
50312 48470
50326 48089
50333 51013
50337 48443
50363 50876
50364 50877
50369 50890
50406 48022
50407 50853
50408 50852
50426 48080
50429 50845
50430 50844
50450 52580
50475 50812
50485 48588
50504 48446
50539 45172
50548 47970
50551 44424
50560 48140
50562 48523
50589 48385
50592 47965
50605 50704
50625 48243
50626 50970
50628 50699
50655 47900
50657 48380
50668 47872
50688 48279
50690 48145
50735 48064
50910 52450
50914 52455
50956 52418
50957 53713
50975 52439
50995 52410
51025 53608
51026 53607
51049 50569
51105 53606
51147 50461
51149 50465
51176 52218
51201 50401
51202 52163
51210 52231
51212 50237
51215 50397
51218 52240
51244 50228
51246 52264
51247 52263
51295 52232
51315 50312
51342 52070
51370 52114
51392 52177
51436 51976
51445 52062
51466 51994
51480 52021
51493 52013
51503 51900
51514 52004
51515 49973
51516 49979
51517 52034
51527 49946
51537 51985
51540 52013
51542 49937
51549 51946
51554 53276
51593 49845
51599 51975
51624 53235
51652 49609
51657 53213
51713 51844
51755 53188
51762 53245
51784 51766
51788 53115
51852 53028
51857 51479
51860 51698
51861 51697
51907 53146
51919 51662
51934 53070
51945 52966
51946 51405
51976 52952
52018 51549
52025 51636
52048 52903
52049 52902
52070 51542
52086 52942
52109 51459
52157 52831
52166 52972
52215 52824
52225 52826
52231 52820
52232 52811
52249 51303
52268 52792
52269 52793
52272 51424
52278 48981
52300 51132
52388 52662
52396 52715
52408 52707
52415 50990
52425 52702
52448 52625
52471 52624
52498 52750
52499 52749
52543 48613
52565 52649
52569 50904
52584 50699
52593 50762
52604 50748
52616 50735
52628 50921
52639 50734
52654 52525
52820 53672
52824 53738
52830 53694
52835 54549
52844 53671
52887 53663
52917 52392
52931 53591
52948 53585
52968 50451
52969 50450
53008 53619
53014 54440
53042 52249
53043 53506
53080 52228
53085 53492
53099 50247
53100 52206
53125 52158
53126 53463
53190 53322
53191 53323
53209 54306
53211 54303
53240 53353
53258 53345
53261 53242
53267 54269
53283 53317
53360 53115
53366 53154
53417 53103
53425 53031
53427 53092
53439 51765
53464 51730
53475 52984
53484 54123
53487 51716
53543 53087
53544 53088
53551 54055
53552 54054
53579 52877
53624 53017
53642 54006
53659 53995
53660 53985
53669 54064
53678 53967
53679 53970
53687 53903
53691 53946
53730 52819
53778 52642
53784 52640
53790 52879
53806 53804
53821 53842
53825 52853
53826 52852
53829 52847
53830 52848
53849 54622
53850 52846
53861 53803
53869 52753
53870 52752
53871 52571
53877 53874
53894 52810
53907 52754
53920 52510
53966 52666
54019 54579
54043 54559
54044 54556
54115 53634
54127 54499
54128 54507
54131 53231
54148 54519
54153 54480
54176 54468
54218 54449
54221 54476
54236 52104
54245 53499
54269 54346
54277 54386
54278 54339
54308 54972
54318 53394
54343 54265
54344 53370
54388 54164
54413 53288
54453 53223
54489 53187
54528 54189
54556 54059
54572 54160
54579 54136
54609 54064
54667 54725
54706 54667
54726 54652
54736 54027
54773 54616
54779 54670
54792 53984
54836 54662
54974 55109
54981 55103
54982 55104
55000 54512
55019 55068
55025 54475
55041 55054
55043 54418
55054 55014
55056 55041
55094 55348
55187 54937
55196 54966
55197 54965
55241 54794
55242 54793
55244 54138
55255 54881
55260 54876
55277 54838
55282 55558
55294 54857
55346 55195
55347 55194
55363 55174
55371 54018
55409 53984
55413 55168
55424 54624
55429 54715
55485 55468
55491 55472
55501 55699
55510 55117
55559 55370
55565 55356
55637 55302
55638 55619
55658 55305
55659 55578
55672 55580
55698 55542
55709 55526
55741 55508
55742 55516
55767 55210
55800 55707
55808 55696
55811 55128
55817 55426
55880 55339
55949 55741
55963 55503
55991 55840
55994 55835
56019 55814
56091 55880
56118 55735
56130 55535
56156 55945
56163 55935
56164 55942
56178 55929
56186 55810
56216 55963
56240 56034
56266 56056
56311 56109
56367 56060
56388 56124
56401 56125
