1449
66 18233
167 29374
168 29373
237 29350
411 29486
544 17794
733 29027
743 17587
750 29347
796 17537
830 16947
887 28984
910 19129
919 17284
945 29189
976 29065
1071 29061
1135 29018
1280 28886
1370 16572
1376 28950
1400 17592
1401 17591
1470 28767
1490 15373
1560 28804
1609 28775
1632 28752
1654 28695
1766 28375
2173 15366
2274 28054
2600 27835
2675 15448
2875 36861
2897 15224
2939 28036
3115 27893
3116 15048
3391 27471
3540 36460
3807 13919
4007 14231
4049 14196
4076 27331
4406 26971
4420 13977
4432 13957
4442 50746
4466 13724
4467 13722
4468 26782
4500 27114
4556 27317
4682 13266
4817 13118
4854 13073
4958 12851
4959 12852
4968 26555
5044 12431
5057 26884
5075 12083
5076 12082
5114 12849
5150 26536
5195 26633
5341 26327
5734 11977
5893 11798
6145 29258
6155 12109
6176 37662
6231 26106
6236 25996
6245 11934
6456 11859
6481 25714
6544 11652
6559 10262
6561 11370
6684 25307
6843 9702
7050 10916
7079 11648
7248 10978
7317 10109
7341 10974
7364 10168
7443 24789
7462 10525
7470 10708
7505 9906
7542 25084
7584 9833
7780 24601
7807 11246
7816 24901
7829 24582
7888 9454
7895 24867
7932 9452
8103 34147
8105 9231
8156 24594
8159 10836
8195 9842
8410 10619
8464 9702
8500 8952
8527 10530
8597 9524
8743 21505
8792 9364
8853 9315
8859 8578
9002 23747
9386 8199
9389 23627
9426 8144
9648 7674
9670 23781
9742 23815
9815 7716
9816 7715
9828 7804
9876 7643
9884 7424
10131 7288
10175 23731
10202 7227
10203 23697
10285 7266
10339 7244
10340 40039
10429 40039
10627 6866
10824 7195
10832 42366
10970 7008
10971 7007
11058 22785
11418 22486
11544 5914
11688 10025
11753 22049
11754 22048
11786 6499
11839 5822
12037 22217
12142 6839
12215 21909
12332 6097
12370 4875
12436 22234
12447 4798
12448 4797
12524 4690
12550 5455
12666 5477
12667 5476
12679 4374
13114 32773
13119 5612
13161 5786
13397 4559
13482 5574
13668 3506
13734 21530
13744 3480
13887 4209
14082 3070
14098 21217
14265 20900
14458 20853
14482 31354
14778 3691
14832 20756
14968 4878
15298 21097
15381 4153
15592 16399
15701 21750
15744 1349
15835 966
15941 35814
16148 19941
16159 3712
16231 923
16437 4051
16480 4034
16496 586
16518 548
16539 3768
16553 509
16639 764
16662 1561
16686 1539
16767 4034
16924 117
17024 21668
17060 2771
17191 1560
17227 3289
17356 19682
17722 216
17811 49
17841 2340
17877 1682
18002 323
18003 322
18150 2436
18440 20738
18523 1933
18586 2691
18819 1735
18836 1491
19078 8792
19265 2009
19473 1785
19477 1251
19561 1824
19631 1628
19722 37781
19816 29570
19982 37629
19998 19384
20022 37803
20034 37639
20041 30319
20048 29377
20100 29253
20133 50746
20166 37499
20190 29147
20230 37533
20262 37522
20348 37467
20389 28937
20459 45400
20471 28769
20472 28768
20520 18975
20533 28796
20585 37311
20636 28515
20868 28480
20888 36936
20932 28397
20943 37130
20978 16060
20982 36877
20994 28353
21030 37044
21116 36977
21172 36731
21173 36732
21184 36962
21298 36888
21409 36759
21515 27675
21578 36638
21606 42282
21628 36509
21643 15757
21651 36481
21707 6367
21854 36248
21917 36486
21974 27174
21975 27457
22046 36089
22098 27196
22102 36252
22266 27293
22310 26940
22311 26939
22333 14806
22341 35760
22356 14181
22420 26912
22448 35940
22452 35997
22453 35996
22483 26860
22517 35854
22550 35670
22593 26369
22632 35862
22725 35698
22726 35699
22776 35530
22961 26409
22962 26408
22966 35176
23017 35079
23086 26123
23139 26250
23173 12131
23194 13219
23284 34863
23306 26325
23330 25881
23353 26178
23434 35189
23439 26067
23444 34975
23488 35143
23489 25839
23490 26024
23491 26023
23495 34933
23541 25592
23542 25631
23683 25834
23736 24992
23773 11125
23792 25646
23794 11094
23815 25696
23887 34641
23929 10838
23932 25234
23982 25584
23998 25297
24063 34479
24109 34403
24121 34306
24131 34146
24143 34411
24180 34270
24181 34271
24258 24890
24285 24920
24349 25026
24358 34138
24359 34137
24456 10838
24461 25473
24466 25065
24566 24617
24633 24412
24642 25059
24654 26325
24727 24881
24733 24042
24751 33725
24774 24373
24788 24234
24820 23933
24844 39914
25082 24195
25083 24194
25119 23831
25122 24145
25157 33397
25268 33457
25295 33236
25441 33415
25518 23710
25526 33414
25531 23633
25537 33490
25641 23079
25719 9923
25880 32939
25895 32893
25937 32866
26021 9649
26031 23176
26075 24592
26090 33014
26111 32697
26149 32720
26172 23321
26307 23268
26336 23234
26358 32784
26363 32842
26364 32843
26661 7934
26668 23955
26676 7782
26692 22386
26775 22873
26802 32417
26803 22964
26930 7757
26931 7758
27001 32525
27044 22242
27113 5231
27114 5230
27271 22163
27327 31940
27596 21760
27897 31474
27898 31473
27944 31455
27959 4122
28024 4819
28303 20594
28330 4769
28444 21097
28510 31121
28593 21100
28594 21099
28626 20046
28635 30807
28650 20257
28659 1091
28781 2964
28808 19896
29086 19824
29147 19791
29153 3728
29154 3729
29184 21715
29204 20272
29259 21465
29339 30448
29387 21333
29420 20022
29506 20265
29522 21221
29808 19537
29988 20663
30156 37662
30272 20551
30375 19662
30546 1116
30849 29636
30851 43207
30899 37931
30915 43248
30930 43298
30988 43112
30989 43178
30999 43146
31007 43231
31024 37734
31039 37627
31072 37793
31086 43182
31088 38009
31099 38403
31132 37701
31133 43153
31137 38372
31146 37609
31154 46936
31215 30154
31225 37887
31397 42934
31409 37395
31468 42958
31497 42904
31567 37053
31578 42748
31595 46678
31612 42859
31767 42664
31780 37020
31932 28071
31933 28070
31938 36895
31940 37346
31947 42648
31996 42576
32005 36893
32064 42533
32089 42371
32160 42283
32176 42270
32223 27489
32237 36604
32240 42314
32288 42406
32393 42108
32416 42241
32417 36418
32429 36910
32430 36908
32457 42206
32492 42263
32532 36204
32548 42137
32616 36235
32732 36677
32733 36676
32757 41820
32812 27732
32820 41906
32954 35819
32955 35818
32986 35775
33063 35716
33098 41545
33114 35514
33147 35642
33162 35458
33180 35600
33237 35615
33309 35583
33345 35560
33350 35537
33374 35494
33392 41619
33401 26242
33411 35461
33416 35422
33428 35414
33455 26152
33458 35409
33461 26104
33465 41297
33473 35421
33487 35361
33496 35370
33516 35324
33523 26323
33533 25850
33565 35315
33591 35269
33619 35212
33649 35196
33652 25926
33659 35188
33667 25921
33697 35154
33698 25803
33700 35156
33756 35103
33808 35077
33914 26561
33952 34519
33953 34928
33963 40943
33997 34781
33998 34786
34007 34831
34012 34773
34040 45506
34089 25706
34114 40955
34116 34587
34129 34708
34207 34708
34214 25222
34216 24181
34225 34538
34231 34225
34262 34491
34301 25060
34359 34106
34363 40774
34445 33725
34636 40529
34756 40462
34775 33957
34784 33769
34785 33768
34789 25317
34879 23811
34903 25090
34954 40287
34971 40301
35137 41531
35175 40216
35410 40059
35475 32912
35563 24369
35569 32599
35578 39867
35585 24031
35747 32844
35773 32543
35810 23945
35825 33596
35839 32852
35859 33563
35869 32818
35996 22431
36007 32511
36050 39470
36133 22847
36194 31897
36215 32314
36233 32366
36258 32275
36382 39650
36475 31507
36505 39255
36506 39254
36518 39252
36682 39083
36783 38977
36908 38946
36917 22678
36942 38949
37048 31097
37223 38750
37303 22199
37343 21804
37419 38645
37444 21820
37454 30617
37487 32026
37491 31917
37600 31925
37617 31907
37627 32026
37641 31815
37659 30460
37709 20303
37799 31732
37828 31709
37919 30466
38071 31359
38328 20227
38351 20561
38370 31225
38458 2055
38461 19564
38467 31026
38551 40039
38567 30612
38615 31154
38636 20406
38656 30557
38746 43216
38764 47142
38782 43304
38786 47141
38815 47082
38816 47091
38822 43112
38827 47106
38848 43176
38855 43123
38862 47077
38863 46966
38865 47076
38870 46985
38882 47069
38896 43205
38918 43166
38919 43165
38923 46952
38935 46936
38955 43301
38978 43108
38979 43115
39026 50093
39033 46917
39115 42916
39219 46713
39221 46786
39229 49970
39242 37821
39247 49890
39278 46669
39303 42662
39342 46686
39343 37662
39344 42626
39350 46589
39380 46681
39384 42737
39451 46633
39458 46500
39470 46604
39488 46610
39490 37319
39514 42633
39556 42558
39561 42523
39604 42799
39610 46480
39619 42513
39678 46439
39680 37043
39681 37042
39697 42431
39739 46421
39750 46289
39751 46288
39808 46263
39812 46230
39829 42309
39881 42306
39886 46339
39887 42240
39900 36546
39901 36545
39919 46234
39939 36478
39942 42572
39952 46158
39994 46127
40024 42058
40083 46178
40086 36680
40104 36603
40143 46141
40169 36223
40174 36202
40175 36203
40209 42098
40219 42032
40221 46046
40228 36131
40249 36149
40264 42062
40281 46108
40283 42049
40321 35976
40322 35975
40328 45945
40333 41831
40334 41830
40367 41805
40372 45865
40382 41957
40392 41668
40399 45845
40402 35917
40403 35916
40407 45838
40418 45877
40434 41744
40463 45894
40474 41705
40475 41706
40482 45884
40498 35597
40506 41671
40507 41670
40508 41726
40509 45801
40523 41610
40531 41760
40546 36050
40553 41637
40582 45902
40585 35499
40589 41696
40590 41695
40591 35479
40622 41577
40639 35373
40642 35389
40657 41617
40673 41615
40678 41553
40694 41590
40746 49030
40764 35180
40891 34955
40946 45530
40957 45526
40960 45507
40975 34854
41001 45485
41007 41238
41017 35022
41049 45457
41076 45496
41088 41174
41089 34623
41095 45414
41140 34510
41141 34509
41161 41157
41190 40781
41228 34955
41251 40692
41447 40410
41451 45158
41473 40793
41535 40475
41559 40291
41560 40317
41576 44932
41585 34438
41593 40258
41628 40479
41652 40676
41655 44875
41701 40246
41707 40542
41725 40597
41834 45000
41856 24608
41873 44665
41878 40016
41980 7911
41997 44771
42016 24149
42019 40032
42022 33904
42043 33659
42075 33621
42107 33022
42133 33723
42134 39623
42135 39622
42159 40146
42238 44463
42305 40168
42322 39797
42356 39806
42357 39805
42361 39969
42476 40077
42480 44508
42483 39376
42495 44619
42548 39650
42592 39617
42593 39616
42644 44176
42659 44167
42661 44166
42663 39160
42691 50697
42811 38977
42852 44021
42861 39239
42924 38949
43086 43844
43087 43843
43102 21844
43150 22251
43174 43693
43182 38722
43227 21741
43230 32313
43235 38674
43237 32005
43274 31937
43328 39464
43337 31822
43349 47511
43351 31803
43393 38789
43408 43966
43428 39400
43468 31723
43622 31825
43638 31802
43639 31801
43642 39164
43695 31706
43786 31418
43898 31309
43924 31283
43947 39144
44036 30863
44046 39003
44188 47102
44197 47063
44199 50151
44202 47097
44214 50199
44225 47004
44239 47095
44242 50178
44243 50179
44248 50171
44249 47086
44255 47052
44263 47410
44282 47396
44283 47395
44319 50112
44376 46882
44381 49967
44387 50008
44411 49982
44418 46856
44425 49938
44447 46792
44450 46787
44456 49981
44460 49954
44498 49956
44516 49939
44521 49890
44534 49932
44556 49838
44566 47045
44567 47044
44568 42727
44579 46687
44590 42733
44593 49871
44594 49887
44646 46951
44654 49842
44655 49841
44756 42810
44761 42857
44766 46512
44778 42815
44803 46683
44859 46438
44860 46437
44876 42704
44896 46414
44912 46354
44930 49571
44944 46581
44959 46233
44985 46265
44987 46319
45076 46460
45087 46049
45107 49445
45118 49440
45131 49474
45162 49396
45190 49354
45221 42061
45263 41996
45267 51452
45291 46064
45292 46072
45294 49246
45302 46162
45303 46161
45315 49235
45325 41925
45344 49338
45351 49209
45361 49231
45376 49351
45391 46013
45410 45769
45431 49141
45478 49091
45489 45885
45495 2374
45501 49244
45502 49243
45510 41591
45520 41899
45528 49051
45596 45643
45601 49023
45605 49022
45626 45789
45643 45781
45655 48931
45664 41008
45668 48990
45687 45430
45712 41449
45735 48887
45753 45476
45789 45446
45795 14155
45796 45559
45797 48763
45803 45301
45821 45411
45827 45534
45847 45236
45864 45367
45889 45346
45897 40708
45968 45048
45976 48641
45996 48547
46014 45340
46021 45069
46039 45055
46075 48565
46097 45080
46196 45170
46199 45552
46203 45173
46225 45117
46228 48454
46271 48322
46284 44720
46285 40884
46290 48293
46307 44664
46317 48253
46359 39838
46364 45337
46368 40754
46387 48357
46391 44769
46404 40783
46421 44639
46455 48159
46460 33723
46534 40519
46539 44487
46546 44768
46565 48072
46569 44713
46620 48129
46657 44606
46669 44944
46745 47854
46754 44102
46757 44468
46776 44449
46777 44428
46778 44427
46801 44417
46940 44646
46950 44036
47013 47730
47026 47737
47093 43853
47106 44025
47124 47656
47145 47559
47146 43799
47158 43746
47162 47620
47177 43724
47178 43786
47208 44314
47220 39485
47244 43707
47292 43901
47314 39368
47318 43891
47331 44374
47362 38898
47481 43991
47511 38858
47527 39357
47579 39320
47673 38987
47679 38964
47692 39047
47757 38239
48004 52001
48014 51994
48015 51993
48046 50383
48050 50118
48051 50117
48054 51973
48061 51975
48068 51983
48070 51989
48075 50368
48077 47371
48079 52000
48085 50088
48086 50096
48106 50110
48107 47114
48108 50013
48123 50035
48128 50082
48147 51913
48152 51926
48163 49988
48164 49987
48205 46993
48226 51902
48256 50157
48260 47065
48261 47064
48301 51855
48315 50046
48323 46852
48329 51826
48330 51825
48334 51817
48338 46829
48360 51801
48364 51792
48391 46806
48397 51764
48408 51712
48409 51711
48423 46508
48445 51675
48459 51668
48490 42635
48491 49696
48562 49592
48569 51660
48596 49610
48597 51568
48599 49434
48603 49561
48615 49516
48638 46487
48659 49466
48660 49465
48687 49470
48692 49422
48700 42383
48723 49429
48726 51558
48768 49398
48772 49403
48775 49254
48837 51494
48840 49369
48852 49139
48854 49346
48857 49311
48860 45973
48866 49276
48871 51349
48888 51396
48891 49277
48895 51324
48905 46142
48977 49169
48978 49170
48996 51336
48997 51282
48999 49121
49039 52776
49054 48939
49057 49050
49073 49006
49093 48799
49098 48835
49210 48673
49235 48626
49262 48830
49268 48732
49302 49073
49303 48540
49306 49070
49322 48672
49353 45307
49404 45594
49414 51005
49441 48482
49453 50963
49466 48661
49474 45471
49506 50982
49522 45408
49541 50883
49544 50934
49545 50935
49573 50862
49597 45296
49612 48343
49613 48342
49648 50809
49661 48272
49736 48341
49825 48201
49830 48422
49840 48157
49867 44807
49871 48493
49927 44638
49937 44626
49960 47906
49998 50697
50048 50606
50051 47816
50113 50584
50129 44744
50159 50552
50164 47741
50194 47702
50220 47701
50246 47661
50366 50467
50367 48068
50414 44253
50474 44351
50485 47937
50523 39399
50562 47889
50584 44295
50625 47523
50657 43999
50707 43921
50836 52072
50875 53324
50883 52006
50891 52010
50899 52011
50914 51976
50925 53273
50955 50173
50956 51955
50957 51945
50959 52020
50979 53231
50984 51904
51019 53227
51025 53178
51063 53145
51084 53127
51092 53164
51109 51914
51114 51770
51137 53123
51139 53081
51146 53126
51157 53117
51158 53102
51197 51657
51201 49824
51231 53020
51261 51623
51285 51542
51296 52989
51309 51604
51328 51597
51340 49319
51345 51537
51348 51566
51370 51545
51379 51448
51384 51507
51406 52935
51409 51451
51412 49528
51445 51479
51455 49292
51475 51331
51480 51412
51503 51303
51509 51307
51527 51393
51537 51366
51540 51376
51560 51223
51562 51352
51568 52804
51584 49184
51592 51327
51597 49069
51599 51313
51607 51288
51610 51252
51624 52773
51652 51219
51747 51113
51754 52696
51762 51151
51841 32152
51852 50980
51860 51060
51861 51059
51872 48661
51907 52622
51934 52601
51939 50859
51945 52528
52048 52478
52049 52477
52106 48515
52123 50966
52124 50965
52125 48546
52137 48311
52156 50888
52157 52407
52159 48296
52162 52412
52215 50640
52216 50697
52232 52365
52272 48226
52278 48224
52300 50577
52305 50534
52328 50521
52339 50825
52359 50500
52415 50468
52426 44493
52430 50768
52474 52227
52536 50481
52564 44237
52591 47784
52768 53323
52779 53321
52784 54219
52802 53282
52805 54209
52806 54205
52812 53281
52813 53280
52835 54186
52844 53228
52871 53170
52874 54169
52887 54162
52917 53261
52920 54133
52951 54093
52952 54092
52978 51813
53031 54027
53046 51679
53070 54010
53126 52971
53129 53949
53134 51527
53149 52952
53151 51501
53172 52894
53190 52850
53209 53884
53267 53839
53316 53774
53359 52662
53368 51191
53376 52655
53408 53717
53409 53715
53425 52605
53458 51207
53460 51214
53461 52551
53465 48815
53475 52549
53484 53671
53486 52600
53500 53700
53508 53653
53551 52486
53554 52584
53555 53627
53590 52460
53600 52421
53624 52539
53640 50852
53660 53558
53678 52364
53805 50709
53815 52449
53825 52435
53826 52434
53829 52426
53836 50657
53853 50699
53892 52360
53894 52395
53907 50564
53966 52233
53993 54252
54019 54227
54043 54804
54048 54808
54061 54799
54078 54221
54115 54138
54127 54771
54128 54108
54132 53212
54170 54745
54176 54057
54193 54724
54211 54707
54217 54716
54236 54008
54241 54004
54250 53993
54266 53986
54278 53921
54282 54012
54317 54618
54319 53919
54413 52853
54450 53735
54459 53681
54466 54517
54489 52747
54538 52584
54565 52596
54572 53692
54581 52569
54647 54403
54652 52497
54765 52446
54776 52433
54792 53577
54904 54826
54981 55131
55009 55115
55017 54717
55018 55117
55019 55118
55043 54689
55050 54687
55054 55090
55056 54680
55057 53992
55066 53958
55229 54561
55233 54485
55308 53664
55311 53654
55347 54377
55409 53577
55429 53517
55472 55163
55485 55383
55501 55378
55504 55135
55506 55377
55511 55541
55658 54584
55675 54538
55697 55228
55699 54928
55800 55552
55808 55547
55811 55158
55817 55364
55973 54918
55991 55683
55994 55677
55995 55403
56003 55539
56004 55668
56005 55667
56006 55659
56019 55530
56148 55761
56156 55678
56163 55663
56164 55672
56166 55755
56178 55654
56184 55649
56185 55734
56232 55826
56238 55822
56266 55794
56307 55828
56311 55851
56363 55845
56369 55867
