1199
74 37520
145 29313
218 29254
237 37357
290 37355
507 29232
628 28709
746 29088
826 28765
834 29045
864 29007
1151 28777
1161 28786
1349 2156
1392 16475
1393 16474
1435 16295
1436 16451
1500 28954
1549 17176
1812 28417
1838 18295
1859 28029
1943 15908
2019 28235
2033 28307
2039 28247
2087 28270
2473 27737
2474 27736
2572 28040
2652 15294
2775 15086
2882 27788
2949 15915
3003 27646
3167 10872
3212 27607
3230 14700
3262 27592
3341 14212
3352 27362
3385 14518
3393 27184
3438 27359
3508 27494
3550 27415
3740 40243
3741 27326
3815 14148
4350 26996
4870 13306
4978 26613
5205 26368
5430 12381
5501 12283
5618 26289
5725 12158
5776 12036
5855 25878
6152 11808
6230 11728
6501 25152
6506 25660
6542 34964
6600 11359
6601 11358
6606 11265
6673 10938
6697 25655
6724 25292
6786 10568
6904 10474
7020 10868
7021 10869
7022 10867
7132 10945
7136 10463
7147 10496
7167 10389
7168 10388
7252 10955
7253 10954
7274 10237
7275 10236
7313 10274
7394 34467
7626 10288
7627 10287
8249 9179
8303 24528
8361 11501
8411 9649
8412 9648
8650 9336
8957 9127
8958 9128
9035 8734
9047 8468
9099 8994
9111 23887
9112 23886
9151 8556
9162 9147
9277 9147
9291 9019
9298 24283
9308 8994
9385 33140
9512 8858
9522 23653
9772 7415
9898 8583
10306 6895
10451 6215
10520 23156
10666 7779
10712 22410
10757 6408
10838 5673
10839 5672
10842 6420
10884 6198
10892 6187
10955 5686
10977 6251
10992 6175
11110 6047
11133 8034
11202 5781
11498 5691
11638 7850
11740 29206
11860 6576
11861 6577
12084 6444
12184 6259
12286 21628
12316 5161
13037 4596
13077 5902
13244 25267
13417 7328
13615 7049
13616 7048
14094 3256
14930 2333
15056 4230
15120 2107
15336 20410
15452 19627
15518 1237
15540 20135
15791 3934
16005 2183
16043 1500
16044 1336
16208 1500
16239 3806
16378 3289
16389 19651
17555 1440
17713 1037
17944 1886
18236 1903
18276 556
18277 555
18542 19493
18605 617
18951 556
19097 1753
19133 1180
19554 1621
19788 37529
19997 37296
20008 29240
20030 37286
20051 37435
20078 29497
20107 29479
20158 37100
20166 37240
20225 29117
20226 29037
20289 21236
20315 30095
20339 37108
20415 37176
20448 18751
20553 37092
20556 16475
20567 37040
20653 18485
20684 36996
20685 36995
20782 29705
20837 36854
20983 36651
21015 28281
21076 36669
21083 36614
21205 36598
21287 36547
21303 27952
21325 27922
21338 27901
21370 36423
21371 27814
21372 27823
21391 36472
21392 36473
21408 36395
21417 27776
21426 36383
21480 36327
21575 42099
21592 36185
21593 36184
21596 27361
21597 27360
21655 27551
21656 27550
21667 36136
21684 36312
21821 42083
22037 35825
22225 35902
22239 35589
22356 35507
22396 14607
22477 35761
22527 26615
22744 12246
22841 41348
22865 35387
22883 12341
22908 35332
22983 35097
23161 35159
23246 35067
23278 35036
23350 34949
23366 34947
23435 34987
23452 12911
23485 34837
23487 25598
23505 25790
23512 25523
23516 25157
23517 34660
23534 24993
23562 11230
23714 34645
23780 34653
23830 11335
23846 25188
23875 25326
23891 34580
23912 25303
23927 12132
23978 34019
23988 34400
23989 34401
24015 34019
24024 34420
24041 34373
24187 25000
24265 24920
24337 34367
24343 9689
24366 24790
24432 34126
24586 10086
24602 24516
24634 19991
24645 10225
24712 33741
24737 34064
24751 33681
24835 23895
24842 24289
24854 33647
25051 24358
25091 23648
25092 23647
25108 33445
25196 24203
25207 24035
25218 33779
25463 32982
25629 23753
25658 9050
25672 33420
25673 33419
25713 23025
25809 22861
25810 22860
25841 7540
25846 23180
26132 23287
26158 7983
26225 5508
26293 21918
26496 8492
26547 21948
26616 8324
26695 22610
27153 43582
27317 21055
27321 7049
27322 7048
27335 20855
27350 31371
27367 31535
27399 31515
27540 6609
27551 6708
27561 20852
27911 5547
27918 20397
28041 5428
28393 5695
28557 2772
28700 20097
28705 1297
28762 19748
28893 20524
28936 22039
28937 22040
29551 20157
29595 20117
29716 2821
29730 3316
29748 3278
29899 20444
30011 2150
30066 104
30336 20373
30364 20334
30381 1644
30436 20294
30464 1557
30515 4905
30580 20172
30655 1574
30833 42906
30915 37487
30974 42859
31034 42804
31062 42898
31109 37227
31157 37471
31181 37604
31224 42664
31241 29979
31264 37936
31324 42717
31344 42707
31347 37040
31380 42651
31461 36881
31502 36966
31593 42538
31604 42519
31605 42520
31651 42503
31719 36721
31729 42437
31730 42235
31731 42234
31766 42244
31802 42221
31803 42220
31822 36598
31878 36649
31887 42396
31888 42395
31889 36427
31921 42327
31976 42290
32087 42063
32093 36411
32119 42105
32255 42048
32269 42072
32276 42083
32317 35977
32554 26963
32563 35904
32574 35576
32596 27764
32657 41650
32674 36454
32754 27625
32814 18284
32830 45835
32831 35423
32879 41721
32919 35750
32937 41616
32977 35558
32995 41483
33028 41561
33179 35384
33191 36037
33200 41411
33395 41302
33409 41295
33415 35194
33416 35193
33471 35141
33478 41372
33519 41260
33520 41261
33527 12954
33565 40971
33658 41191
33659 41192
33660 34396
33783 40846
33881 34754
33886 40879
33955 34161
33977 40978
34049 34788
34099 40520
34115 34424
34153 34376
34166 34203
34185 34415
34337 34716
34397 25148
34414 34083
34415 34082
34447 33727
34448 33726
34455 24751
34476 24693
34498 34906
34533 24595
34536 33954
34549 33959
34553 9188
34586 34213
34651 34098
34655 24490
34674 24485
34675 24504
34677 24503
34706 24465
34730 25330
34747 33998
34752 34004
34803 24330
34804 24328
34811 24275
34814 40219
34834 25207
34857 33926
34891 33900
34900 33356
34901 33881
34945 33892
34969 33853
34970 33854
35017 33831
35034 39967
35147 40029
35191 24312
35194 40012
35235 39710
35295 39689
35393 39854
35444 23777
35464 23412
35481 33225
35523 39535
35568 32694
35570 33083
35688 33079
35760 23426
36299 33333
36424 23211
36543 43865
36553 23062
36666 33028
36673 31208
36734 38721
36781 22678
36823 30951
36916 31549
36930 22437
36980 21359
36981 21358
37121 31310
37189 22400
37247 38546
37255 38824
37288 31209
37328 38544
37333 21289
37347 31129
37574 21312
37683 29240
37776 21853
37841 30994
37875 21789
37956 21053
37990 21593
38633 31163
38638 20223
38644 31139
38659 31092
38818 31045
38831 30992
38855 30970
38980 43039
38998 46971
39003 43206
39023 43089
39034 42952
39038 43171
39042 46878
39043 42947
39051 43018
39056 43162
39062 42866
39182 46833
39212 46748
39260 46712
39295 46679
39327 46611
39361 46544
39369 42684
39490 46614
39497 42387
39520 46579
39538 42410
39544 42351
39545 42350
39552 46568
39567 49470
39578 46399
39586 46456
39612 42262
39615 46483
39623 46475
39654 37252
39655 42425
39697 42642
39708 42233
39720 46421
39721 46420
39738 42325
39750 42358
39802 42279
39868 46254
39887 46313
39895 46303
39896 46302
39906 25332
39930 46273
40198 46084
40221 46069
40234 46055
40235 41632
40239 46062
40286 36393
40317 45841
40368 45970
40385 35750
40572 41326
40582 41560
40613 45804
40655 41461
40685 41877
40688 41429
40738 35441
40747 45422
40749 41378
40755 41356
40759 45703
40761 41260
40762 41261
40832 35728
40833 35729
40885 26617
40910 41491
41005 45373
41007 45427
41017 45367
41061 41009
41113 35305
41127 40892
41140 34967
41165 26051
41176 34907
41205 40775
41206 41033
41257 40843
41303 40854
41304 41085
41305 41084
41314 34326
41361 40722
41376 34267
41387 40684
41388 40685
41395 40704
41396 40703
41438 45224
41441 40494
41451 40752
41452 40751
41457 45238
41468 34082
41475 44988
41479 34291
41484 40644
41504 45041
41522 40592
41528 40654
41548 40673
41549 40674
41558 34170
41574 40667
41578 40374
41586 34127
41590 40354
41597 40618
41600 34130
41611 34108
41613 11733
41629 40641
41634 40594
41637 34040
41644 44895
41655 40531
41656 40591
41681 34033
41688 34039
41692 40509
41712 33962
41713 33961
41717 33966
41745 33900
41766 33886
41777 33892
41805 44810
41816 44785
41824 44858
41825 44857
41852 39963
41864 34361
41906 44960
41915 40028
41932 33657
41937 40262
41943 33960
41994 33417
42007 39914
42032 33232
42054 33288
42067 44711
42069 33342
42109 33288
42131 40078
42148 33255
42188 33187
42189 33186
42190 40033
42191 33221
42200 33253
42227 33232
42272 33144
42305 44364
42474 39418
42633 39707
42661 32523
42662 32522
42670 33318
42678 44169
42690 33382
42719 32391
42822 23185
42827 38767
42841 33112
42904 23058
42924 22884
42950 38834
42996 33003
43013 32899
43085 32633
43166 43831
43396 39444
43411 13885
43438 38775
43499 38643
43548 31452
43631 31302
43838 31938
44117 31165
44182 31050
44209 20223
44315 31045
44316 31046
44351 29083
44424 43039
44428 49786
44482 46841
44492 46914
44501 46945
44503 49777
44531 47018
44541 49711
44551 46854
44588 47186
44617 47161
44618 47160
44632 47148
44665 49629
44687 46735
44695 49613
44716 49611
44754 46680
44788 49458
44796 49494
44856 49401
44858 49502
44860 49468
44861 46376
44872 49478
44881 49483
44934 49424
44958 49444
44967 49370
44974 46806
44994 46366
44997 46370
45010 49362
45040 46332
45042 46288
45091 49303
45140 49249
45153 46188
45159 49267
45165 42541
45171 46224
45172 46223
45175 49233
45213 46192
45249 46133
45271 49160
45288 36485
45296 45886
45326 46030
45380 42087
45494 41946
45535 48912
45546 48804
45550 48887
45558 48944
45560 45799
45577 46145
45622 45672
45628 48894
45634 45456
45641 41380
45644 46085
45669 48850
45670 48851
45687 45617
45695 45597
45703 48732
45722 45622
45723 45626
45738 48802
45749 41536
45791 45346
45804 48629
45824 48700
45835 48569
45866 45610
45878 41196
45935 41273
45966 41223
45997 48465
46030 45277
46038 45351
46058 48577
46118 48580
46120 41044
46133 40765
46165 45288
46181 45310
46182 45311
46223 45154
46228 45165
46255 48240
46262 48240
46293 45142
46341 45155
46347 48484
46350 45118
46379 45060
46404 44858
46442 48141
46443 48142
46486 48183
46557 47996
46642 47924
46650 40009
46707 44366
46709 44989
46711 47884
46725 39997
46771 47899
46778 45109
46837 44340
46846 44330
46866 44317
46894 44142
46940 44985
46965 40285
47018 47646
47021 47667
47028 39665
47032 40155
47041 40144
47062 40136
47069 44870
47076 40107
47079 44864
47089 44863
47108 47542
47170 43949
47184 39930
47198 47661
47221 39888
47241 47536
47405 44546
47474 43876
47500 47396
47658 39080
47694 43845
47695 43844
47722 39350
47778 43970
47799 43951
47800 43952
47815 38782
47816 38783
47875 39364
47876 39365
47878 39032
47908 39342
47998 44028
48238 38690
48393 49778
48410 51613
48414 46921
48415 46920
48419 51569
48421 51588
48434 49701
48447 53025
48464 51546
48502 46760
48503 51564
48519 51544
48556 51538
48611 52865
48615 52910
48621 52895
48640 51423
48646 51406
48666 51445
48704 51366
48708 51422
48736 49415
48743 49360
48761 49430
48775 49411
48785 51286
48786 51285
48825 51341
48846 51312
48854 51303
48895 51247
48915 46570
48934 51256
48951 49201
48971 49192
48972 49191
48976 51193
48998 51187
49022 51165
49026 49112
49089 51039
49105 48998
49108 51068
49135 51010
49159 51086
49231 48904
49237 50923
49258 46046
49263 48833
49275 46034
49276 49122
49277 50947
49294 41742
49303 48796
49371 50835
49384 45701
49401 45679
49411 45706
49414 50803
49442 48706
49460 48692
49511 45357
49524 48662
49551 48643
49556 45501
49557 45570
49596 45509
49606 48450
49618 48434
49621 48531
49626 50756
49635 45263
49654 50626
49664 48483
49674 48518
49697 48153
49753 45374
49774 50580
49786 48213
49797 45273
49836 48321
49947 40397
50049 50393
50074 48101
50095 47782
50102 45084
50110 50350
50135 45036
50138 50329
50149 50289
50160 47703
50194 47912
50198 50299
50202 44978
50203 44977
50300 47796
50308 50250
50309 50249
50314 50250
50315 50249
50330 44850
50332 48249
50367 47714
50368 47713
50372 47706
50398 44756
50438 44743
50491 47579
50499 44595
50500 44609
50512 44582
50633 44436
50653 43961
50710 47687
50725 39558
50748 44448
50827 44318
50849 44307
50861 44302
50864 44295
50877 44111
50915 38964
50984 44162
51011 44160
51093 47510
51283 51681
51335 51566
51374 52947
51398 51736
51418 51590
51421 53812
51435 52904
51442 49866
51443 49865
51444 52909
51449 52907
51465 52868
51466 52903
51481 52850
51489 52845
51516 52839
51519 51356
51528 51395
51533 52826
51539 51331
51540 52819
51564 52769
51594 52788
51600 52743
51629 52738
51721 51170
51756 52639
51777 52558
51778 51068
51783 52598
51784 52612
51850 51207
51851 51206
51887 50996
51901 48841
51927 52504
51996 50849
52000 50889
52008 50877
52014 52386
52086 50839
52088 48827
52132 48538
52134 50780
52139 48537
52184 50733
52196 50737
52248 50737
52261 48313
52267 50656
52284 48255
52352 52126
52353 52125
52371 50370
52385 50349
52431 50522
52458 48312
52459 48311
52472 50250
52516 50306
52524 51938
52525 51937
52536 50191
52537 50190
52541 51931
52556 50211
52608 48002
52673 50243
52695 50100
52704 51861
52742 50258
52743 50259
52764 47599
52879 47577
53032 53885
53055 53864
53074 54387
53087 52994
53123 53853
53136 53832
53145 53830
53188 52858
53234 53761
53267 53734
53275 53746
53319 53712
53320 53713
53379 52665
53388 53641
53403 52603
53441 52602
53457 52563
53466 49009
53471 52565
53496 51160
53501 52676
53530 53584
53535 52512
53559 51070
53595 52445
53603 51002
53617 50844
53621 52422
53630 51013
53670 52400
53671 52401
53690 52379
53696 50604
53734 50862
53739 52250
53741 53433
53812 50547
53895 50743
53947 51991
53951 50494
53961 53393
53968 50636
53990 48226
54038 51922
54109 50445
54136 50283
54294 50185
54313 51930
54324 50172
54325 50171
54336 53929
54354 54394
54364 54387
54391 53020
54424 54358
54425 54357
54428 54347
54454 53775
54470 53756
54471 53755
54473 53749
54481 54300
54492 54293
54513 52761
54533 54278
54572 54262
54573 54263
54591 54252
54642 53625
54651 54217
54674 53592
54690 53571
54697 53564
54698 54195
54739 52398
54871 54042
54882 52343
55065 52097
55114 52032
55147 50219
55152 50219
55197 54420
55243 54340
55259 54345
55262 54734
55263 54746
55289 54705
55293 54714
55340 54692
55341 54693
55342 54271
55388 3518
55394 54646
55395 54647
55398 54217
55409 54203
55426 54195
55437 54191
55453 54179
55457 53611
55458 53612
55460 54175
55505 54140
55507 54133
55513 53473
55770 54956
55810 54927
55830 54703
55833 54915
55846 54910
55894 54250
55896 54631
56005 54122
56011 54118
56014 54110
56021 54103
56135 54783
56165 54907
56227 55025
56298 54558
56374 55069
56379 55064
56386 55166
56387 55167
56491 55267
56497 55262
56506 55176
56509 55163
56518 55250
56524 55154
56529 55152
56588 55301
56600 55247
56605 55244
56628 55134
56655 55303
56711 55359
56712 55339
56742 55332
56747 55382
