1252
1248 30713
1345 19319
1346 19318
1405 30646
1757 18992
1785 19114
1938 30482
2086 30216
2406 18636
2478 18651
2483 18598
2726 17782
3083 17691
3086 18165
3128 16986
3427 17257
3723 16852
3724 16851
3810 16780
3843 51652
4022 17180
4032 16553
4087 17118
4148 28809
4353 16267
4365 16254
4429 28626
4520 28919
4532 16779
4606 16100
4607 16099
4882 15744
4942 28937
4967 16141
5454 16208
5584 15726
5653 28046
6090 15286
6271 27898
6272 27897
6695 48960
7078 14726
7088 14784
7105 52225
7301 27327
7387 14529
7396 13624
7463 27204
7534 13572
7596 13571
7667 14242
7740 12745
8208 13369
8285 27318
8548 27130
8562 27128
8653 11651
8660 14252
8703 13324
8727 13292
8849 12640
8862 41667
9077 12735
9170 26909
9281 12349
9297 26156
9415 12506
9618 12366
9619 12365
9621 12016
9639 26103
9752 12595
9753 12594
9894 25650
9960 12672
9984 11963
10175 12280
10224 26256
10278 11292
10346 26256
10376 11791
10419 26318
10421 20830
10544 2564
10617 12672
10655 11236
10656 11235
10999 11664
11018 25662
11021 9659
11026 10173
11386 8559
11525 25181
11867 9426
11945 9814
12309 9228
12318 24136
12706 8722
12817 8181
12982 24443
13016 24423
13139 8597
13153 24109
13259 8124
13262 23494
13311 23461
13312 23462
13384 6597
13475 24446
13544 7915
13545 7914
13660 23524
13921 24220
14050 8173
14267 7817
14393 23968
14547 23242
14577 5299
14670 23815
14809 23397
14822 7801
14823 23793
14834 23086
15093 23843
15160 23292
15361 23491
15443 23439
15587 23354
15595 5891
15604 22215
15616 23354
15655 22976
15656 22975
15668 6726
15743 23296
15765 22067
15790 23439
15859 22520
15893 23439
15923 5205
15932 22632
16009 22483
16280 4073
16359 22508
16401 6251
16457 32445
16483 22193
16624 5874
16908 21410
17415 21917
17416 21916
17508 22488
17677 20828
17872 3753
17889 5072
18036 21646
18115 4883
18147 21030
18168 31947
18243 21042
18248 21298
18444 31388
18454 3157
18615 21728
18692 21210
18693 21209
18777 20282
18867 21067
18875 21091
18908 1618
18917 22073
19146 1408
19273 20382
19370 4235
19453 4148
19481 20093
19555 19849
19567 31184
19612 19763
19649 19747
19751 19777
19803 3347
19841 21707
19913 19872
20103 20885
20282 19803
21056 38622
21211 30739
21212 30738
21325 19540
21371 19615
21398 19456
21399 30724
21410 30531
21416 38484
21422 19134
21433 19356
21522 19228
21523 19227
21530 30582
21563 19153
21592 19117
21623 30496
21626 19048
21641 30482
21758 18876
21819 30337
21895 30211
21902 29994
21906 18652
21910 18541
22013 18524
22067 30271
22174 39077
22181 30011
22182 30010
22279 18112
22293 37965
22305 17953
22470 17787
22481 17843
22505 29761
22594 17673
22629 37399
22706 17407
22809 29192
22872 17144
22939 17152
22940 29454
23011 16881
23144 28923
23356 37141
23437 16582
23558 28510
23563 11750
23625 28939
23734 15970
23932 15610
23973 15558
24433 27588
24562 28163
24731 27962
24872 36290
25168 28346
25276 36181
25313 13485
25495 27114
25525 27030
25677 27036
25725 26070
25758 26111
25771 36002
25813 26871
25890 25952
25965 26845
26002 12578
26030 26748
26038 26610
26117 12486
26237 35204
26399 26365
26412 25333
26446 34871
26622 11907
26640 41406
26693 44350
26720 44336
26926 34909
26927 34908
26937 11311
26938 11310
27080 11109
27132 34326
27164 26000
27342 34203
27407 10375
27425 34113
27563 34040
27866 34393
27949 24931
27990 34160
27991 34159
28075 24586
28096 33919
28145 34280
28167 24731
28264 24394
28293 34214
28345 24285
28501 17027
28575 34003
28620 33933
28644 24349
28744 33533
28757 33598
28805 40420
28813 24183
28835 22840
28838 32890
28876 33727
28907 24285
28936 34123
28937 33746
28938 33744
28958 33933
28962 32898
29016 23698
29098 22525
29127 33599
29184 32620
29215 33517
29245 23447
29272 33461
29320 33459
29321 33458
29327 33455
29344 23353
29359 33425
29429 23228
29452 33369
29468 22931
29469 22930
29536 23173
29537 33234
29586 22453
29629 39743
29718 32548
29771 32781
29772 32780
29773 39948
29858 32415
29869 39992
29889 33104
30151 22474
30353 32312
30371 32288
30426 31897
30563 22547
30585 5026
30597 22499
30598 31883
30732 5327
30745 39384
30755 31423
30789 31397
30860 31720
30865 31938
30900 21805
30911 31498
30931 20472
30935 31777
31010 4302
31097 31468
31112 31178
31134 31394
31145 20071
31214 31370
31270 31334
31271 31335
31291 31054
31310 19742
31322 38818
31337 31029
31360 31024
31502 31134
31600 39194
31677 19933
31708 30994
31842 38781
32155 15982
32485 38669
32496 38658
32497 38657
32528 38622
32767 30466
32836 38458
32847 38256
32848 30494
32849 30493
32860 38276
32861 38277
32865 30464
32915 30299
32979 30275
32988 30174
33019 30181
33031 38273
33107 38074
33231 29980
33266 29916
33280 29909
33287 38150
33316 29884
33403 43334
33440 29729
33666 37454
33786 37644
33792 37617
33802 29223
33875 43093
33905 43081
33983 43060
34025 28993
34098 36907
34238 37167
34308 15872
34375 28634
34377 15708
34434 28624
34435 28623
34505 28434
34506 28433
34646 42644
34680 42627
34830 36855
34845 28228
34937 42500
35005 36050
35083 42535
35131 36546
35193 42593
35605 35642
35760 27040
35820 26977
35843 36023
35848 41880
35921 35880
35922 26809
35946 35855
36158 41928
36205 26476
36233 28346
36302 41439
36427 35603
36458 41628
36530 34948
36850 25781
36907 34091
37158 34232
37271 40696
37333 33499
37364 34262
37388 34225
37403 33961
37528 34128
37568 40463
37602 40976
37619 40425
37692 34073
37698 33272
37762 33861
37789 40218
37815 33564
37826 40191
37854 40523
37898 33972
37901 33953
37935 40810
37951 33468
37960 33698
37965 33392
37969 40569
37970 40568
37994 33337
38020 40503
38036 33681
38054 40763
38055 40764
38062 33934
38106 32690
38111 40561
38121 32668
38129 33584
38137 33591
38160 39990
38184 39944
38192 33542
38204 40494
38226 33487
38227 33223
38240 40119
38248 33453
38262 33416
38285 40600
38296 40610
38302 40602
38309 33374
38315 40585
38332 40281
38333 33393
38364 33289
38369 33345
38388 33251
38392 40498
38396 33237
38424 40453
38470 39821
38476 40024
38624 33296
38646 39866
38651 39633
38660 32257
38674 39560
38677 39978
38710 39816
38722 39583
38773 39678
38785 39936
38814 32848
38829 33019
38837 39890
38860 32679
38873 39511
38970 39778
39031 44766
39043 31718
39126 22897
39201 22548
39216 31536
39231 31525
39302 32120
39321 39367
39341 22667
39404 39115
39439 31933
39447 39766
39465 40138
39475 22510
39513 32749
39525 22396
39526 39229
39602 31167
39611 31165
39628 32406
39639 38928
39659 38925
39677 39204
39678 39203
39697 31101
39714 39011
39751 32353
39860 30886
39921 38827
40007 21265
40370 44066
40429 44095
40466 44067
40519 43978
40551 43961
40552 43960
40629 38447
40640 44012
40665 43994
40731 38333
40765 47605
40782 38303
40814 43649
40859 38208
40898 43636
40913 38161
40995 43542
40996 38082
41029 38023
41043 37979
41046 37968
41062 37997
41088 37921
41089 37922
41122 37905
41158 1086
41163 37913
41175 37876
41193 47177
41365 37552
41369 37605
41373 47162
41455 37529
41512 43041
41768 28624
41769 28623
41819 36978
41821 36974
41873 42660
42034 46825
42105 36619
42118 14004
42146 42378
42160 42668
42207 42573
42303 42547
42349 42532
42379 42387
42384 46480
42415 42347
42431 46614
42471 46333
42472 46332
42518 41937
42584 42278
42616 42227
42620 42251
42636 41914
42678 42129
42725 41834
42739 35834
42871 42016
42926 45978
42937 41959
42953 45954
42977 41986
42988 46021
42989 46016
42996 35573
43013 41458
43046 46097
43055 45970
43131 35388
43166 41549
43199 35148
43283 41024
43393 41552
43416 41537
43427 45848
43457 45827
43498 45601
43516 45589
43520 45762
43567 41018
43585 41058
43586 34070
43699 45531
43726 40564
43751 49102
43764 45476
43769 45487
43859 40979
43867 45211
43890 45177
43898 45502
43924 45489
44024 40763
44060 40923
44066 45007
44070 45406
44082 45510
44100 45507
44103 40673
44104 44983
44110 44975
44129 45387
44150 45463
44159 40387
44162 45292
44163 45118
44184 40590
44193 40591
44263 45168
44290 44947
44371 45033
44383 44956
44387 44767
44397 44952
44435 40127
44438 33365
44440 40383
44451 45270
44464 40305
44466 45258
44472 33150
44475 45264
44476 45263
44481 45247
44492 39611
44512 44744
44519 40325
44552 40285
44682 39338
44687 44766
44714 44663
44723 40058
44764 40254
44768 44854
44770 44579
44815 44483
44865 44594
44866 44450
44884 44443
44902 44405
44923 44387
44977 32812
44979 44516
44980 44456
44981 32804
44982 32805
44987 44376
45056 44494
45069 32686
45074 44268
45128 38938
45163 44197
45164 44196
45189 38848
45213 44319
45214 44228
45229 44295
45236 44202
45247 39681
45264 44215
45281 39628
45293 44280
45302 44214
45360 44209
45380 44429
45399 39120
45478 39356
45645 47805
45738 47887
45740 47905
45813 47824
45847 44034
45871 47859
45875 47735
45881 38477
45897 8346
45920 43938
45922 43927
45936 47859
45940 43922
45941 50668
45957 43887
45958 43888
45961 47668
45965 43878
46011 47612
46014 43829
46020 47679
46021 47561
46024 50603
46025 50602
46028 50599
46045 47574
46074 47509
46116 47526
46120 50437
46149 50406
46157 47601
46211 47275
46223 47523
46224 43609
46277 47520
46278 47519
46280 47469
46287 47476
46307 43504
46308 43505
46309 43530
46317 43513
46343 47140
46355 43461
46384 43436
46424 43366
46460 47362
46461 47363
46470 43315
46514 43320
46575 37396
46634 50149
46749 50030
46808 42961
46844 50087
46846 49960
46909 49909
46993 46853
47030 42729
47069 36489
47070 46764
47130 49821
47153 49663
47189 46730
47190 46729
47301 46569
47340 46546
47363 49714
47366 49546
47378 49530
47379 49523
47380 46256
47398 46244
47399 42197
47621 49412
47652 49373
47657 45976
47764 41688
47788 46014
47859 41668
47936 49105
47983 49081
47986 49075
48074 51671
48199 45712
48222 45191
48223 45190
48236 49008
48260 48876
48263 41091
48264 41090
48270 45483
48271 45439
48276 45105
48278 48866
48290 45659
48316 48857
48357 45512
48418 45592
48444 45308
48478 45131
48482 48807
48513 48462
48533 48591
48548 48562
48570 45340
48582 45323
48586 48495
48590 45297
48591 45296
48594 45270
48604 45273
48605 45272
48616 45310
48617 45309
48619 45300
48620 45299
48628 45268
48636 45266
48641 45234
48652 44728
48658 40326
48663 48373
48670 45181
48682 45194
48683 45193
48690 40249
48734 40194
48754 40146
48765 45199
48775 44635
48777 48350
48781 48289
48827 48365
48828 44590
48832 48334
48849 44961
48875 44655
48882 48301
48914 44411
48920 48164
48921 48163
48927 48226
48934 44399
48943 44407
48978 48302
48992 48466
49023 48083
49029 48238
49030 48178
49043 48050
49058 48052
49077 48040
49080 48414
49092 47993
49098 47989
49099 47967
49124 48071
49125 48072
49128 48006
49129 48005
49139 48081
49168 48079
49211 48057
49245 47954
49438 47711
49502 47884
49508 47868
49512 47867
49526 47880
49567 50697
49598 50735
49622 47748
49630 50639
49635 50710
49643 47704
49644 47703
49657 50679
49665 50689
49666 47709
49671 50592
49676 47684
49731 50490
49736 50626
49738 50625
49745 50430
49746 50429
49748 50416
49754 47567
49765 50408
49766 50407
49785 47536
49787 47582
49794 50563
49799 50363
49800 50364
49812 50354
49817 43576
49823 50534
49824 50533
49834 47470
49840 47449
49850 50494
49854 47428
49865 47413
49866 47412
49877 47397
49882 47399
49884 47391
49925 50333
49964 50379
49982 47250
50009 47213
50010 47212
50082 47106
50085 50231
50100 47119
50136 50206
50150 50175
50228 50129
50339 50039
50380 46821
50390 49980
50427 49929
50444 49908
50459 49896
50489 49669
50496 49859
50519 52109
50601 46641
50640 46553
50652 49703
50769 46393
50806 51860
50821 46325
50896 49391
50904 41758
50937 49331
51078 30255
51096 51607
51097 51606
51107 49073
51266 51546
51306 51528
51373 51368
51404 48590
51409 51418
51415 51455
51426 48561
51454 51240
51472 51202
51493 51236
51515 51197
51518 48783
51527 51244
51552 48483
51576 51220
51606 51140
51619 51085
51664 45304
51666 45161
51711 48634
51725 51146
51728 51098
51729 51097
51746 50991
51753 48684
51757 45083
51764 45184
51806 48137
51810 50957
51811 50956
51826 48118
51853 50914
51856 50910
51884 52762
51892 52810
51906 50903
51907 50898
51908 50883
51934 50920
51938 50877
51943 44803
51954 50858
51977 50976
52001 50836
52140 50734
52215 47867
52244 52637
52245 52665
52246 52664
52260 52604
52268 52602
52287 53888
52317 52591
52327 52569
52395 47496
52398 50569
52400 52538
52405 52536
52458 50414
52486 52457
52506 52431
52564 50231
52606 50201
52613 52232
52646 53660
52665 50154
52672 52157
52678 50129
52685 53642
52704 50086
52745 52254
52780 52049
52781 52048
52791 53552
52792 53551
52847 49904
52858 49884
52896 53499
53011 53478
53047 51825
53126 51812
53161 49282
53165 51774
53172 53261
53282 51509
53284 51503
53299 51475
53318 51459
53344 51437
53366 51599
53455 51506
53485 53031
53486 53032
53488 51418
53531 53085
53565 54171
53566 54170
53581 52999
53584 48913
53600 52951
53630 52919
53637 51317
53639 51414
53641 51413
53691 51068
53708 52885
53710 52974
53743 52913
53745 52854
53756 50991
53773 51275
53785 52874
53786 52875
53788 52830
53791 51233
53799 48680
53823 52805
53832 52783
53847 51138
53856 51136
53857 52762
53860 52936
53881 50875
53893 54029
53896 51173
53910 52769
53945 52748
53947 51109
54059 53941
54060 53948
54072 52707
54084 52681
54092 53920
54111 1229
54137 53863
54153 53894
54170 53877
54233 53843
54266 54675
54295 53779
54327 50273
54338 53691
54340 52363
54365 47075
54399 52272
54404 52256
54412 52237
54425 53655
54442 52193
54445 53640
54448 54577
54519 54551
54536 53559
54545 53540
54592 53417
54604 53393
54624 53525
54630 54450
54640 53429
54660 53460
54678 51865
54756 53223
54758 53222
54759 53221
54800 53190
54801 53191
54805 53186
54817 53173
54828 53275
54829 54275
54840 54337
54847 53145
54863 53238
54866 53116
54892 53215
54900 54277
54934 54250
54954 53115
54955 54236
54956 54210
54957 54236
54968 54193
54975 54173
54976 54172
54979 54228
54981 54181
55002 54135
55026 54116
55033 54144
55038 54108
55043 53109
55053 53088
55060 53079
55073 54102
55102 53098
55113 53009
55114 54086
55115 54085
55119 53071
55125 54028
55132 52802
55141 54019
55148 54016
55188 53999
55200 53996
55293 54864
55303 54853
55319 53939
55333 54829
55349 54836
55356 54803
55362 54814
55393 52564
55398 53858
55423 54760
55470 55310
55552 54539
55556 53648
55616 55244
55646 55189
55672 53525
55779 55120
55784 55111
55811 54344
55821 55071
55838 54277
55844 55060
55850 54266
55865 55043
55869 54241
55873 55057
55880 55011
55912 54137
55947 54113
55948 54061
55999 54117
56001 54904
56006 54899
56011 54998
56012 54997
56096 55445
56120 55417
56168 55347
56208 54687
56232 54646
56245 55311
56251 54625
56313 55226
56318 55229
56353 55620
56395 55080
56401 55565
56414 55559
56443 55583
56454 55022
56463 55050
56486 55018
56493 54255
56511 55503
56515 55501
56525 55474
56531 55485
56545 55472
56552 55000
56666 55708
56687 55345
56850 55053
56854 55808
56863 55541
56872 55028
56875 55800
56893 55510
56957 55737
56972 55722
57067 56016
57082 55808
57096 55826
57099 55991
57159 55954
57230 56180
57237 56019
57252 56003
57256 56238
57262 55994
57263 56012
57265 56156
57350 56258
57377 56232
57431 56311
57436 56307
57463 56278
57484 56350
57525 56395
57542 56402
57544 56414
