2857
32 1744
48 1916
49 1917
87 1827
92 21211
97 1450
125 1914
128 829
180 1485
224 2194
240 2367
267 2718
277 2208
323 2302
352 21419
353 21391
372 2195
383 2050
396 21371
417 2209
421 1680
427 20800
432 21177
433 21178
482 2409
502 2929
531 2429
532 21562
557 2363
563 2377
564 2378
634 2609
635 2610
726 21577
747 2154
748 2155
789 21625
790 21626
863 2682
867 2568
889 21980
935 21412
998 2445
1005 21733
1106 3100
1110 3136
1111 3185
1114 3100
1130 3135
1177 21706
1195 3542
1217 22022
1263 22050
1264 3314
1282 3119
1335 3786
1396 3358
1403 3170
1405 21825
1441 22291
1484 22348
1564 22205
1575 22154
1600 3962
1637 22251
1675 22271
1713 3616
1746 3817
1829 3545
1834 3900
1850 3554
1861 22361
1895 4006
1938 3990
1945 3938
1950 4328
1953 4082
1978 3968
1987 22481
2017 22566
2030 3735
2066 22530
2084 3514
2109 22588
2120 3469
2137 22720
2189 22545
2261 4196
2266 4349
2278 4576
2321 22605
2322 22606
2385 22717
2399 4462
2452 22372
2489 4514
2490 4515
2496 4579
2500 3766
2541 4604
2614 4662
2615 4663
2632 22916
2659 23196
2662 3959
2691 22958
2699 22969
2743 23204
2752 4873
2784 33931
2841 23057
2850 50100
2866 22724
2870 23244
2888 22752
2898 4459
2945 23149
2948 4503
2955 5108
2985 22811
2999 5106
3022 22826
3042 5174
3048 5163
3055 5382
3066 22888
3113 5107
3167 4634
3191 23270
3238 5303
3286 23496
3312 5456
3370 5569
3415 5883
3419 6073
3428 23099
3477 23460
3519 4975
3530 6187
3531 6188
3586 6235
3655 5091
3656 5092
3659 5103
3662 6043
3676 5403
3688 5967
3711 5304
3712 5305
3720 6366
3722 6647
3724 5178
3729 23662
3738 23670
3802 6465
3803 6466
3810 5256
3843 23869
3852 23282
3860 23764
3922 6255
3944 24081
3952 4853
4105 6467
4169 5761
4176 23475
4215 24015
4264 24056
4285 24067
4333 6725
4348 5458
4365 5963
4394 24152
4398 5755
4399 5756
4416 5762
4421 6818
4422 24171
4443 5981
4474 7328
4589 6220
4599 24286
4607 6233
4620 7221
4727 6071
4732 24379
4794 24180
4798 6824
4857 6540
4877 7321
4960 24267
4961 6629
4964 7420
5037 24323
5047 7804
5072 7589
5125 24397
5126 24398
5143 7650
5202 6771
5241 7907
5310 6901
5338 7858
5354 8139
5372 7864
5392 7905
5454 8296
5461 7083
5472 8280
5508 25121
5531 25036
5571 25178
5578 25062
5651 24848
5686 25258
5763 24495
5828 8298
5829 8299
5836 7126
5880 25318
5919 8837
5963 25374
5998 8479
6007 8968
6021 8506
6066 8274
6070 9203
6071 9204
6072 8642
6078 8549
6079 8550
6082 25461
6152 8898
6158 25620
6159 25674
6218 25620
6241 24591
6259 25424
6263 8688
6276 8719
6321 8702
6382 8809
6383 8810
6406 9465
6416 8851
6429 8040
6432 8877
6458 25654
6499 9511
6543 9489
6595 8874
6622 9226
6627 9666
6713 13456
6739 9806
6740 9807
6780 9894
6781 9895
6785 9762
6786 9763
6961 10134
6984 10040
7004 10060
7072 26028
7110 10219
7301 9006
7387 10477
7458 26264
7494 10576
7501 10577
7580 10682
7586 8923
7596 9803
7633 9954
7652 10953
7674 10793
7739 9964
7748 9100
7838 10170
7870 10205
7878 9471
7882 10213
7900 10727
8104 10489
8191 10464
8227 10520
8233 26756
8300 11458
8332 11490
8365 11119
8370 11534
8389 10811
8528 11261
8589 26843
8590 26844
8703 11921
8740 10345
8757 11485
8758 11486
8830 10580
8831 10581
8835 10573
8836 10574
8942 27070
8982 10730
8992 11041
8997 7114
9011 11955
9028 11551
9167 10901
9200 11255
9235 12196
9259 11803
9300 26723
9301 26724
9371 11878
9489 12412
9668 11603
9695 12216
9721 12239
9722 12240
9847 12702
9856 12757
9859 11953
9888 12429
9889 12430
9930 27043
9944 12792
10099 12089
10162 11828
10197 12890
10428 12875
10478 12220
10484 12518
10505 12944
10573 12186
10645 12515
10781 12448
10793 13324
10856 13294
10974 13420
10995 13417
10996 13418
11016 13433
11172 13596
11213 13234
11238 12744
11274 13631
11289 13666
11300 13654
11316 13767
11353 13769
11525 13815
11554 13938
11565 14027
11616 13442
11796 14208
12022 14342
12314 13739
12471 14941
12515 14996
12583 15037
12646 15238
12813 15033
13078 15528
13096 14552
13309 15353
13401 28363
13475 15865
13567 16422
13612 15053
13648 29403
13792 16149
13797 15327
13836 17012
13920 16077
14239 16422
14269 16121
14287 16421
14347 16019
14437 16297
14500 15584
14522 17012
14662 15952
14780 16946
14803 17037
14807 16997
14811 16559
14973 17104
14997 16927
15287 17299
15296 17448
15361 17460
15384 16766
15411 17527
15435 17083
15439 16722
15443 17842
15574 639
15583 17263
15606 17270
15655 17355
15656 17356
15790 17842
15809 17610
15810 17611
15999 17301
16100 17587
16101 17588
16150 17481
16237 18255
16357 18254
16470 17880
16527 17777
16539 17948
16601 17655
16652 18090
16660 18100
16831 18162
16833 18659
16834 18660
16957 18761
16971 18781
16972 18780
17037 18831
17039 18622
17051 18295
17302 18516
17556 19275
17816 18940
17818 18727
17872 19561
17892 19089
17893 19090
17965 19533
17987 19464
18018 19944
18037 19250
18071 19228
18147 19263
18202 19636
18203 31711
18258 20007
18280 31508
18321 19398
18341 20016
18345 19894
18396 19971
18425 19287
18429 19889
18438 19577
18500 20067
18514 19461
18515 19462
18576 20156
18637 20220
18642 20199
18646 20201
18667 19956
18671 19798
18693 12953
18699 19659
18708 20240
18831 20052
18864 20033
18959 20091
19025 19959
19293 31748
19531 32612
20601 20952
20644 32473
20679 21366
20702 21583
20706 32755
20711 32382
20728 21415
20735 32427
20744 32649
20752 32477
20761 32478
20772 32442
20773 32443
20780 32668
20781 21155
20825 21175
20871 21258
20908 21258
20938 32787
20939 32789
20943 21315
20963 32756
20966 32842
20973 32841
20975 32850
20994 21611
20997 32887
21012 21428
21023 32915
21024 21671
21025 21672
21035 22019
21069 21480
21074 32717
21088 33140
21119 32873
21127 21862
21140 21900
21164 21548
21165 21549
21175 21919
21186 2880
21193 22141
21194 22142
21201 21973
21204 21696
21211 21597
21212 21598
21216 21617
21226 22194
21251 22223
21276 22270
21285 22027
21324 21952
21326 32930
21341 22374
21342 22278
21366 22087
21367 22088
21377 22002
21393 33138
21398 22353
21410 21817
21425 22385
21451 22214
21468 22428
21478 22319
21482 33195
21529 33395
21547 22170
21564 22553
21585 33474
21592 33416
21609 33391
21611 33488
21640 22456
21641 3990
21642 33472
21666 33492
21701 33510
21705 33460
21706 33461
21724 22317
21735 46059
21736 33503
21756 22167
21835 22715
21842 33597
21849 33621
21865 33471
21886 22760
21912 33590
21954 22842
21957 33681
21970 22732
22009 2499
22051 33763
22061 34005
22063 22932
22138 33805
22194 23117
22215 23352
22220 22800
22224 33871
22231 22747
22277 22830
22281 22820
22288 23447
22291 23141
22292 22848
22293 33696
22366 34181
22379 23306
22418 23598
22419 23599
22437 23591
22463 23018
22529 22773
22560 23683
22597 23814
22619 34212
22620 34213
22627 23843
22628 33881
22661 23897
22664 23889
22673 23355
22684 23904
22760 23294
22761 23295
22884 23390
22891 6428
22904 34629
22944 34095
22987 23654
22990 24022
22998 23509
23011 34522
23028 34272
23095 34014
23113 24427
23144 23639
23150 34244
23173 24527
23182 24516
23197 22634
23209 34305
23229 23944
23274 24339
23282 24490
23289 24665
23312 24405
23362 24016
23368 23932
23378 23962
23416 24036
23436 24061
23448 34554
23449 34555
23450 23893
23458 34715
23478 24352
23487 24621
23582 24297
23645 35066
23670 8262
23696 35254
23697 35255
23721 25041
23722 35280
23731 35309
23743 24433
23753 25218
23754 8119
23833 24988
23859 24782
23894 25022
23907 25031
23931 24607
23932 8485
23965 25372
23986 25406
24012 25552
24013 25553
24020 25563
24037 25019
24050 25200
24056 25158
24060 25655
24067 25186
24068 25674
24165 25322
24167 25649
24196 25324
24256 25695
24362 25539
24382 26002
24393 25943
24415 25897
24502 26013
24504 25182
24665 26162
24685 25228
24828 36187
24831 26047
24887 26040
24897 26018
24958 25648
24963 35694
25066 10849
25095 25761
25127 26701
25165 26732
25169 10489
25192 26756
25292 26740
25427 26468
25446 26128
25519 27116
25622 26911
25708 26576
25709 26577
25742 27022
25810 26735
25932 26904
25955 12496
25973 27247
26054 12633
26096 12345
26131 27144
26169 27082
26170 27083
26186 27220
26204 12635
26236 27482
26237 12056
26257 27204
26263 27036
26275 12118
26284 36625
26305 27528
26310 27561
26342 27545
26403 27125
26419 27572
26455 27722
26457 13167
26528 27222
26667 13193
26697 13179
26707 27575
26718 27817
26719 27818
26774 13490
26806 12701
26817 13430
26839 27993
26862 27739
26881 27769
26971 13715
26994 28078
26995 28079
27019 13681
27021 27888
27058 28181
27086 28147
27098 28233
27161 28277
27185 28287
27301 28401
27407 14318
27428 27911
27433 28484
27449 28010
27490 28064
27563 28129
27579 28646
27589 14630
27632 28673
27680 28733
27714 28268
27775 28813
27789 29112
27794 28346
27964 15446
28223 29370
28241 29576
28277 29553
28278 29554
28288 29442
28294 15261
28302 29033
28304 16090
28338 29251
28531 29684
28543 16439
28577 38519
28589 29759
28618 29235
28625 15909
28643 29706
28663 29507
28664 29508
28689 15826
28754 29913
28793 16415
28794 16414
28796 29269
28803 29417
28827 16416
28832 16432
28834 38498
28844 16010
28876 30040
28889 29983
28892 29771
28911 16599
28916 29811
28925 16132
28941 17033
28961 29826
28978 29855
28993 29883
29016 16004
29019 29662
29040 17542
29050 29647
29052 29795
29059 29937
29063 17085
29085 29593
29090 17290
29092 17292
29094 29547
29096 17209
29097 17210
29098 29620
29130 16964
29153 30041
29156 17411
29220 30151
29229 29945
29272 30416
29273 17603
29316 30051
29317 30052
29321 30459
29327 17691
29360 30486
29402 30268
29444 30137
29446 30110
29452 30548
29458 17877
29501 17925
29519 17966
29527 17981
29536 30601
29537 17982
29562 17685
29571 29553
29572 29554
29587 17544
29624 17928
29648 30334
29652 30483
29675 18243
29705 18146
29716 17843
29718 30424
29812 30462
29813 30463
29884 30656
30004 30958
30015 18671
30032 30883
30034 18723
30053 18599
30074 31017
30126 31074
30151 31086
30181 18468
30185 31116
30204 18807
30237 31045
30283 19146
30304 31216
30312 19185
30353 19059
30371 19087
30383 18808
30412 31309
30417 31198
30426 31067
30445 31266
30480 19766
30485 19355
30493 31080
30514 31425
30533 31416
30534 31417
30563 31494
30569 19590
30576 31415
30579 19153
30582 19567
30583 19568
30590 19624
30592 19696
30599 31262
30602 31519
30618 31473
30637 19730
30638 19166
30661 19762
30682 19795
30683 19796
30685 19797
30715 31553
30763 31307
30801 31613
30840 31668
30845 20046
30848 31478
30865 20097
30867 31700
30869 31737
30886 31381
30888 39891
30912 31534
30915 19738
30926 20194
30941 31750
30969 20244
31097 20137
31131 31679
31160 20232
31166 1951
31222 31713
31239 31715
31310 31765
31540 5851
32083 40517
32085 32338
32097 32560
32101 40441
32107 21225
32108 32558
32109 32559
32122 40548
32124 32688
32133 32689
32134 32690
32139 32599
32152 32655
32162 32410
32184 32668
32186 40583
32194 40596
32209 32695
32214 32703
32215 21563
32256 40641
32265 40361
32293 40564
32318 40557
32332 32652
32335 40691
32340 40586
32356 32898
32368 32433
32415 45739
32423 32731
32453 40857
32474 32956
32485 32833
32494 2943
32514 40741
32537 33155
32549 22004
32552 32650
32558 40786
32566 32946
32600 32997
32620 32993
32667 33194
32747 33272
32776 33472
32790 33135
32796 41067
32807 33505
32811 33653
32813 33507
32833 33487
32836 41247
32838 41130
32839 33531
32843 41121
32847 22124
32851 41138
32861 33254
32878 33519
32887 41145
32891 41172
32909 33571
32921 33523
32944 41200
32959 33239
32973 41233
32979 33812
32982 33260
32983 41148
32988 41149
32993 41065
32994 33343
32995 33344
32997 41258
33034 33734
33045 33742
33091 33797
33133 41356
33135 33770
33147 41363
33173 33676
33197 41468
33222 41280
33238 41401
33265 34100
33302 33579
33319 33772
33321 34237
33339 34062
33360 33828
33384 33760
33403 33729
33405 33839
33420 41563
33432 41700
33461 34159
33499 41407
33502 34255
33504 34247
33511 34357
33522 34267
33524 23735
33531 34282
33532 34283
33604 41746
33755 41863
33780 41617
33786 34582
33791 34645
33802 34655
33818 34887
33821 34287
33857 34373
33875 41678
33918 34627
33954 34440
33957 34664
33958 34706
33974 41963
33975 41735
33983 34513
33985 34868
33994 34880
34008 34499
34027 34506
34035 34729
34036 34932
34052 34939
34107 34385
34116 34616
34121 35011
34167 34688
34187 42188
34188 42189
34193 35204
34197 24773
34205 35025
34212 35099
34214 35230
34231 35262
34246 34799
34276 35135
34310 35181
34319 34866
34355 35236
34358 34925
34376 35290
34377 35291
34387 35200
34393 35316
34423 35275
34434 35364
34435 35365
34462 35394
34472 35334
34505 35390
34507 42306
34545 35403
34565 42023
34590 42032
34594 34999
34612 35593
34650 35518
34675 35677
34676 42560
34680 35167
34681 35168
34725 35082
34752 42590
34804 35849
34819 42691
34830 35913
35000 36009
35083 35794
35105 42364
35145 35866
35148 36176
35149 36177
35175 35923
35183 35948
35233 35982
35237 35959
35358 42873
35371 36233
35390 35768
35403 36099
35444 36296
35447 36421
35448 42908
35461 36182
35487 36172
35498 36322
35500 35887
35513 36352
35601 36493
35637 36383
35688 36592
35689 36115
35760 36549
35791 26843
35842 36618
35871 23971
35914 36864
35915 36423
35919 43074
35927 36769
35929 36872
35953 36573
35956 36805
35974 36616
35996 36665
36014 36574
36024 36584
36027 43237
36029 36965
36031 36969
36032 36970
36035 36591
36037 27378
36039 36975
36052 36891
36056 43272
36081 27151
36095 27514
36101 36586
36107 43185
36117 36966
36120 36625
36141 36818
36148 36782
36149 36634
36201 36803
36256 36885
36302 36804
36303 27665
36315 37122
36323 36829
36369 37215
36390 37141
36430 37213
36440 27896
36458 37240
36494 37275
36537 37303
36576 37351
36588 37311
36589 37373
36625 28193
36648 37450
36729 28357
36798 37600
36820 27911
36822 37773
36823 37774
36852 37255
36853 37256
36869 37291
36880 28012
36906 37314
36908 37316
36944 37334
36948 37346
36964 37838
37008 37881
37019 37420
37038 28737
37040 37908
37064 37994
37097 37898
37188 37664
37262 38087
37328 38215
37337 38228
37378 38278
37471 38400
37478 29479
37493 29501
37506 29532
37539 38109
37569 38456
37599 29653
37600 29654
37603 38486
37618 29479
37651 38514
37654 29532
37661 29241
37680 29781
37681 29782
37684 29976
37693 29999
37705 30016
37723 38513
37756 38442
37763 29874
37774 29901
37800 38302
37810 29655
37812 29556
37815 29666
37831 29399
37882 38456
37902 38612
37912 29479
37943 38574
37965 38576
37969 38570
37975 38567
37994 29849
38010 38443
38018 38608
38020 38609
38023 38456
38058 38417
38070 38648
38073 38490
38080 30226
38092 29586
38099 38738
38104 38881
38105 38882
38106 38429
38111 38723
38115 38484
38116 38485
38123 38732
38137 30305
38151 30075
38153 38457
38160 38496
38175 38540
38183 38573
38184 38515
38192 30379
38199 38534
38204 38794
38205 38795
38208 30380
38217 38798
38219 38546
38222 30401
38233 30419
38248 30431
38269 38838
38278 30474
38282 30475
38285 39026
38293 30431
38304 39041
38305 38858
38309 30506
38310 38905
38316 39016
38318 38804
38332 30322
38341 38912
38349 38906
38364 30560
38375 39109
38388 30586
38396 30612
38400 38893
38412 38867
38428 30617
38434 38994
38436 38895
38449 38872
38450 38873
38459 39174
38462 39138
38476 38991
38477 39196
38524 38931
38525 38932
38547 30645
38562 39162
38578 38963
38605 39130
38628 39098
38634 39205
38643 39231
38647 30615
38660 39099
38661 30822
38664 30838
38679 39156
38681 39149
38682 39150
38711 39166
38717 30882
38793 30985
38804 39289
38805 31013
38811 30911
38814 39456
38816 30915
38817 30916
38837 39387
38903 39536
38918 31035
38919 39563
38929 39511
38967 39556
38970 31089
38971 31169
38988 31189
39014 39583
39041 31380
39047 39580
39055 31327
39072 31486
39074 31199
39088 31220
39090 31402
39095 39487
39135 39711
39141 31361
39142 39691
39150 39438
39193 39782
39195 31501
39248 31509
39264 39535
39269 31463
39283 39659
39316 39712
39318 31344
39321 39703
39326 31574
39329 31602
39333 31578
39336 31625
39362 39669
39385 39886
39390 31675
39398 31681
39404 39660
39419 39922
39433 31471
39475 31773
39476 31791
39477 31560
39485 31766
39498 45053
39503 39779
39586 31548
39596 39969
39601 31670
39602 31665
39604 31656
39617 39841
39639 39925
39659 39924
39695 39970
40154 40514
40157 40252
40162 40250
40163 40251
40177 45584
40178 45585
40180 40554
40191 40579
40194 40309
40201 40587
40212 40325
40217 45656
40218 40469
40220 40647
40243 40493
40244 40494
40254 40521
40273 40685
40276 40564
40285 45565
40290 45710
40291 45711
40295 40553
40299 45678
40307 40546
40310 45607
40316 45606
40326 40723
40363 45672
40365 32715
40372 40813
40385 45679
40388 40936
40389 40937
40392 45670
40396 45684
40397 45662
40403 9047
40414 13444
40425 45835
40434 40996
40451 40752
40456 45746
40460 40856
40461 41036
40466 40772
40467 40773
40478 45864
40523 41150
40538 40842
40545 45910
40553 40871
40575 45945
40605 45857
40606 45930
40608 45971
40612 40908
40615 40870
40621 41013
40624 41133
40627 45985
40629 45947
40640 45993
40656 45957
40665 41122
40667 41138
40670 41152
40687 46064
40696 41178
40711 41021
40712 41022
40713 46074
40717 41298
40726 40992
40731 41107
40737 41082
40741 33301
40743 45953
40758 33812
40761 41265
40765 41042
40782 41283
40785 46116
40801 41082
40802 41083
40808 46126
40812 46140
40814 41068
40815 41069
40827 41155
40832 46205
40869 41192
40872 33499
40880 41077
40891 46236
40893 46096
40902 41346
40913 41442
40917 41192
40923 41367
40938 41467
40939 41468
40940 41254
40944 46223
40962 41280
40971 46107
40979 41473
40990 41293
40995 41314
41009 46289
41029 46321
41042 46311
41046 46323
41062 41655
41082 41644
41083 46220
41095 41326
41101 46349
41119 41598
41124 46488
41133 41607
41141 41626
41191 46466
41206 41809
41217 46588
41242 46222
41244 41819
41255 41813
41269 41429
41270 41430
41286 41776
41292 41908
41299 41789
41306 46507
41308 41573
41331 41810
41332 41811
41358 46660
41361 41806
41372 41706
41373 41641
41376 41581
41380 41862
41384 46627
41406 41895
41411 41970
41450 42019
41451 46499
41471 41731
41477 34865
41484 41861
41547 42021
41569 41824
41597 42071
41605 42182
41634 35071
41637 41764
41655 42135
41697 42085
41700 42163
41722 42224
41741 46854
41751 42147
41769 35365
41777 42505
41821 42320
41822 46902
41856 42124
41872 42152
41881 42483
41996 42626
42048 42349
42137 42354
42147 42364
42168 47226
42175 42640
42176 42665
42189 42393
42194 42770
42207 42782
42248 42923
42285 42902
42299 42985
42348 42995
42364 42915
42379 42958
42415 42980
42447 43055
42465 42825
42466 42826
42507 43098
42515 43096
42518 42821
42533 47353
42560 43133
42598 43081
42613 42960
42614 42961
42619 43008
42620 43198
42624 36618
42659 43232
42678 36821
42688 43074
42698 43177
42750 43334
42751 43056
42752 43066
42768 43072
42863 43227
42871 43363
42898 43181
42915 43321
42924 43394
42926 43217
42937 43407
42938 43408
43004 43488
43006 43471
43007 43493
43010 43476
43024 43534
43028 43520
43029 43521
43054 37268
43055 43440
43056 43441
43058 43525
43111 43607
43122 43582
43124 43590
43164 37443
43171 43679
43190 43664
43199 43671
43206 43668
43249 47759
43259 37209
43290 43502
43330 43755
43365 37711
43379 43589
43477 43955
43498 37560
43510 43914
43511 43915
43520 43872
43536 38063
43613 44000
43648 38162
43699 43946
43719 37991
43726 37971
43753 38111
43764 44026
43782 44003
43803 44020
43818 38514
43821 44197
43824 44110
43842 44118
43888 38447
43924 44253
43945 44278
43974 38587
44039 44358
44044 44221
44066 44239
44067 44240
44071 44282
44080 44248
44083 44311
44103 38920
44110 44283
44111 44332
44138 44501
44139 44502
44140 44298
44150 44530
44162 44447
44167 44523
44177 44391
44178 44392
44184 39021
44189 44395
44193 39040
44199 44399
44200 44400
44202 39016
44221 48409
44225 44408
44240 44438
44243 44576
44245 44435
44252 44453
44264 38839
44271 44476
44281 44549
44282 44550
44294 39117
44311 44647
44352 39162
44373 39265
44375 39266
44422 44603
44429 39326
44450 39333
44457 44770
44466 39370
44472 39368
44477 39378
44483 39376
44495 39147
44498 39412
44507 39424
44512 44664
44520 31020
44531 39306
44534 44847
44538 39391
44577 39527
44596 39460
44601 39550
44606 39559
44607 39560
44640 39597
44643 48780
44677 44958
44682 44721
44685 48818
44703 39718
44728 39682
44735 39759
44743 39674
44753 44982
44755 39711
44775 48771
44778 39740
44785 44988
44788 44919
44797 45006
44801 45009
44803 45064
44815 39505
44830 45016
44835 39800
44846 39833
44893 44941
44896 39885
44898 39819
44901 45090
44909 45091
44916 45131
44932 45004
44936 45114
44949 45150
44950 45151
44977 45183
44979 45085
44982 39973
45000 39808
45041 39954
45080 45149
45087 45112
45113 45104
45528 45555
45554 49228
45558 45523
45566 45636
45572 45590
45574 45520
45580 49258
45583 45529
45599 45433
45619 40644
45629 45588
45630 45589
45631 49302
45633 49295
45634 49296
45635 45663
45643 45592
45649 45706
45705 49300
45714 49393
45718 45774
45734 45850
45740 40753
45748 45733
45754 45801
45767 49343
45768 45755
45787 45984
45797 49445
45798 49447
45824 49359
45825 45928
45831 49368
45861 45825
45864 45997
45873 45846
45874 45847
45878 49513
45890 45917
45892 49395
45909 49431
45919 49540
45922 46020
45928 46002
45940 49565
45941 45903
45946 46030
45961 45942
45991 49606
45996 45972
45997 46118
46008 46110
46020 49640
46021 45968
46024 49510
46025 49511
46028 45979
46064 46068
46072 49678
46094 46194
46106 46102
46157 46242
46168 46238
46170 46265
46190 46166
46203 41222
46204 41223
46205 49853
46206 46301
46218 49792
46224 46322
46241 46444
46243 46467
46274 46409
46275 46441
46276 49883
46277 49879
46278 49880
46282 41471
46287 49876
46307 46449
46311 49857
46312 49858
46343 46189
46345 46548
46353 46492
46360 49919
46368 49965
46382 46608
46391 46621
46405 41822
46419 46557
46420 46558
46426 41504
46456 50021
46457 50022
46470 46609
46487 50003
46491 46635
46496 46638
46508 46652
46509 50029
46575 42028
46576 50047
46606 46604
46610 46610
46611 46744
46626 46611
46630 46814
46631 46637
46643 46824
46665 49986
46668 50048
46678 46674
46694 46780
46717 50102
46728 50274
46736 46728
46743 50131
46745 46874
46749 50064
46751 42323
46772 50185
46796 46925
46797 46926
46846 46812
46875 47097
46921 47069
46998 47219
47030 47254
47057 47226
47066 47042
47094 42713
47140 47331
47146 47348
47156 47125
47174 47400
47180 42835
47185 22548
47186 47389
47188 43049
47189 47441
47190 47442
47220 47474
47239 43054
47259 47511
47260 47512
47347 47564
47356 47554
47379 47413
47380 47376
47395 47612
47398 47391
47399 47622
47408 47583
47415 47477
47418 47425
47452 47541
47453 47542
47456 47665
47486 47546
47513 47600
47623 43492
47652 47803
47672 43539
47691 47840
47703 47867
47714 47863
47739 47901
47758 47962
47759 43729
47762 47920
47788 43692
47796 43465
47802 43717
47804 43482
47810 52261
47825 47791
47829 48025
47844 43781
47853 48057
47855 43865
47896 43781
47906 43865
47942 47924
47958 48069
48090 44171
48104 44108
48113 48296
48118 48176
48165 44182
48183 44259
48187 48258
48199 44294
48220 44148
48221 44149
48223 44066
48227 48351
48228 48209
48236 48358
48254 44194
48260 44274
48268 51352
48270 44308
48332 48380
48340 48390
48341 48391
48345 48290
48351 48339
48357 44481
48358 48427
48369 44412
48381 44508
48382 44509
48383 44510
48387 48378
48400 48383
48403 48463
48404 48464
48456 44563
48464 48501
48477 48507
48478 44526
48482 44629
48487 48560
48501 48594
48502 44518
48526 48538
48533 48539
48559 44708
48591 44752
48601 44773
48612 48616
48616 48686
48617 48687
48618 48690
48631 48704
48638 44830
48658 44842
48670 44859
48672 44868
48678 44852
48690 44878
48697 48748
48703 48740
48704 44892
48714 48744
48717 48795
48718 48695
48720 48674
48727 48773
48734 44916
48755 44928
48757 44896
48762 48798
48763 48799
48772 48700
48776 44944
48779 48811
48780 48812
48782 44924
48812 48729
48819 45008
48827 48770
48828 44828
48829 48697
48832 44875
48845 48754
48850 48793
48856 45057
48859 45056
48871 45036
48882 44946
48900 48838
48902 48788
48915 48833
48924 48883
48925 48923
48928 48861
48934 48832
48943 44967
48945 48874
48946 39688
48947 48943
48949 45160
48967 45162
48973 48868
48978 48951
48986 48887
49002 48905
49020 48939
49023 48915
49032 48925
49043 48933
49058 45159
49067 48921
49323 51963
49350 49203
49372 51965
49382 51975
49397 49243
49407 49250
49418 51998
49431 52020
49444 49304
49447 49352
49450 49315
49452 49317
49455 49371
49456 49372
49458 52104
49460 49324
49470 49461
49472 49419
49505 49438
49508 49422
49520 49415
49535 52095
49539 49437
49553 45847
49558 49526
49567 52113
49568 52181
49578 49527
49585 49553
49598 49551
49613 52235
49621 49529
49623 49589
49630 49482
49634 49599
49636 49598
49643 49634
49644 49635
49646 49490
49650 49492
49652 52246
49657 49652
49663 52265
49671 49522
49672 49523
49677 49355
49686 49677
49690 49679
49691 52297
49707 49695
49719 52282
49727 52294
49728 52255
49738 49723
49748 52217
49779 52268
49786 49823
49787 49824
49799 49615
49800 49616
49821 52370
49825 49867
49854 49860
49878 46487
49880 49896
49883 49895
49886 52441
49887 52442
49901 49784
49905 52307
49925 49840
49936 52376
49955 52348
49963 50029
49991 50026
50007 52520
50008 52521
50048 52460
50049 52461
50052 49979
50067 50095
50082 50099
50085 50112
50094 50172
50096 50171
50103 50133
50110 50014
50117 52583
50118 50025
50120 52504
50122 50030
50128 50169
50129 50170
50130 50127
50136 50216
50142 50139
50148 50166
50158 50070
50162 50249
50181 50214
50198 50058
50200 50248
50213 50311
50233 50104
50252 50350
50253 50351
50279 52699
50338 52796
50339 50419
50390 50451
50402 50444
50439 50483
50451 47306
50466 50513
50484 50544
50489 50344
50492 50529
50519 50537
50521 52747
50568 50578
50576 50610
50578 50625
50588 50478
50592 50644
50593 50645
50622 50672
50640 47520
50652 50682
50674 52987
50692 50711
50703 50595
50705 50701
50706 50621
50708 50616
50723 50708
50752 43338
50756 50740
50778 53032
50806 50797
50810 50806
50821 47752
50830 47792
50831 47793
50832 47785
50835 50822
50849 50841
50850 50842
50856 50832
50857 50833
50868 50831
50896 47871
50916 50881
50935 318
50937 50905
50967 50940
50979 47944
50986 48006
50997 50942
51007 51013
51018 51020
51051 51012
51054 51010
51055 51011
51071 50912
51096 51042
51107 51063
51108 50969
51144 48175
51160 48198
51182 51061
51227 51233
51239 48168
51248 51156
51249 48264
51289 51277
51301 51242
51316 51161
51350 51189
51362 48447
51371 44449
51375 51322
51397 48482
51404 51252
51415 51424
51425 51310
51427 51290
51434 51335
51438 48413
51441 51348
51445 51389
51449 51336
51458 51387
51459 51388
51474 48545
51480 51487
51494 48588
51495 48589
51507 48582
51525 51508
51527 51460
51530 48617
51532 48575
51533 48571
51541 51444
51542 51445
51552 51455
51560 48630
51563 48547
51574 48652
51576 51515
51582 48672
51595 51569
51601 51534
51619 51543
51621 51598
51637 51557
51657 51637
51660 51570
51666 48775
51667 48776
51668 48777
51671 48776
51672 48777
51685 51659
51686 51660
51687 51665
51711 51710
51713 48808
51723 51737
51728 51656
51729 51657
51733 51708
51739 48888
51744 51658
51749 48894
51753 51712
51763 48819
51778 51681
51779 51747
51781 48907
51782 51735
51796 48949
51799 51673
51801 48919
51805 51690
51806 51694
51809 51692
51810 51693
51811 51698
51820 51733
51827 51740
51828 51741
51849 48912
51853 51746
51856 51752
52065 53773
52067 51969
52079 51938
52085 51976
52086 53842
52089 51942
52093 53810
52096 51881
52097 51882
52104 51953
52115 51901
52123 53793
52129 51975
52133 53801
52139 53808
52141 51930
52143 52040
52146 51989
52157 53816
52160 52012
52162 53820
52166 52013
52170 52015
52192 52083
52208 53870
52210 53885
52224 52097
52228 52087
52229 52088
52233 52096
52234 52142
52235 52193
52240 52204
52246 53921
52249 53909
52250 52250
52254 52129
52258 52225
52259 52218
52260 52144
52263 52146
52264 53930
52265 52165
52266 52183
52273 53938
52275 52231
52282 52166
52287 52176
52288 52177
52314 53971
52316 53965
52317 53970
52327 52241
52328 52242
52336 52289
52337 52282
52342 52255
52347 52310
52348 52311
52357 53961
52359 52217
52363 52328
52367 52330
52378 52271
52381 52343
52383 54014
52398 54053
52400 52370
52402 54066
52408 52387
52416 52385
52421 54051
52422 54088
52432 54085
52434 54056
52438 54001
52458 52432
52463 52372
52476 52458
52486 52454
52490 52480
52501 52513
52504 52493
52509 52523
52510 52524
52514 49983
52520 52509
52525 52445
52533 52429
52549 52544
52550 52548
52561 52539
52565 52438
52578 52652
52594 52598
52608 52527
52611 54184
52613 52522
52633 52632
52641 52649
52646 52557
52661 54221
52671 54230
52672 52543
52681 52724
52691 52742
52694 52755
52712 52765
52733 52613
52744 52792
52745 52793
52751 52759
52766 52808
52770 52773
52778 52826
52779 52827
52792 52680
52798 54210
52824 50513
52849 52879
52868 52782
52895 50610
52912 52980
52915 54407
52916 54408
52935 52887
52940 52918
52961 52923
52972 53008
53005 52955
53012 54432
53029 53020
53044 53063
53074 53102
53086 53075
53126 53147
53154 53083
53161 53207
53169 53220
53173 53179
53174 53180
53180 53226
53182 50942
53187 53226
53198 54513
53211 53228
53215 53223
53225 53139
53226 53140
53242 51010
53274 53269
53284 53197
53306 51115
53344 53259
53345 53260
53366 51222
53426 51238
53438 51321
53460 53355
53463 51234
53473 53389
53474 53390
53478 53404
53487 53429
53491 51301
53495 51424
53531 53471
53539 51470
53557 53489
53559 53490
53566 53473
53567 53500
53573 51498
53584 51501
53585 51502
53598 51521
53604 51480
53613 53497
53631 51545
53638 51569
53668 53546
53669 51605
53673 51607
53679 51628
53681 51643
53686 51675
53692 51676
53696 53596
53697 53606
53706 53567
53716 51617
53722 51688
53732 53645
53751 53619
53764 51734
53781 53644
53785 53612
53788 53594
53793 51744
53799 51758
53800 53654
53810 53627
53811 51726
53823 53626
53999 53780
54011 55087
54013 55026
54014 55029
54019 52036
54021 53837
54025 53838
54029 55082
54034 53828
54039 53831
54040 53884
54051 55074
54059 53851
54060 53854
54077 55129
54081 53868
54087 55139
54092 53883
54100 53926
54108 53951
54118 53943
54120 52239
54137 53907
54140 53964
54141 53965
54148 55194
54151 55188
54160 53997
54167 55202
54186 55226
54194 53948
54196 54030
54203 55225
54208 53985
54209 54061
54232 54078
54235 54092
54236 55269
54263 55292
54281 54110
54310 54064
54332 54145
54335 55324
54338 54111
54339 54112
54359 54206
54389 54148
54396 54252
54399 54259
54404 54274
54432 52676
54442 54260
54445 54311
54461 52872
54473 54242
54514 52952
54515 54312
54517 54381
54518 54382
54519 54400
54520 54401
54523 52934
54524 54393
54533 54426
54536 54424
54537 54423
54543 53002
54545 54422
54579 55453
54587 54465
54599 54399
54604 54410
54625 54482
54630 54485
54646 54512
54660 54515
54678 53159
54705 54567
54719 54593
54726 54506
54749 54588
54751 54538
54756 53150
54758 54541
54759 54542
54770 54553
54771 54554
54782 54569
54794 54577
54795 54578
54800 54572
54801 54573
54802 54574
54816 53218
54817 54601
54829 54600
54843 54621
54862 53385
54892 53416
54900 53388
54934 54731
54942 53459
54949 53431
54951 54730
54952 54718
54954 53444
54955 53448
54956 54745
54957 53448
54968 53437
54971 53481
54975 54756
54976 54757
54981 54762
54984 54766
54987 53502
54993 53462
54996 53506
55016 53491
55022 53507
55023 53508
55028 54813
55032 53526
55034 53554
55037 54824
55042 54835
55050 54815
55055 54821
55058 54820
55073 54831
55076 53589
55092 54893
55094 53629
55096 54892
55106 53600
55111 53651
55113 53656
55117 54879
55119 54908
55132 54887
55135 54889
55141 53642
55148 53649
55244 54959
55267 55035
55275 55842
55276 55107
55280 55834
55285 55049
55286 55050
55292 55061
55293 55062
55295 55119
55306 55113
55312 53869
55313 55104
55317 55853
55322 55099
55328 55142
55340 55148
55346 55152
55356 55132
55359 55167
55360 55143
55390 55210
55401 55246
55418 55939
55432 55286
55435 55268
55449 55955
55459 55302
55498 55961
55500 55958
55514 55354
55552 55349
55601 55459
55616 55450
55617 55464
55628 54409
55632 55480
55685 55515
55687 55514
55702 55532
55708 54536
55709 54527
55713 55540
55714 55535
55728 54599
55733 54579
55734 54580
55741 54606
55748 55586
55759 55574
55769 54637
55787 55631
55817 54654
55824 54737
55844 55649
55869 55664
55890 54780
55896 54785
55898 55676
55912 55683
55920 54802
55926 54847
55940 55730
55941 54848
55947 55737
55950 55726
55955 54906
55956 55720
55957 54900
55962 55736
55967 55738
55969 55739
55970 55728
55989 54907
56075 55804
56076 55805
56086 55849
56092 55832
56098 56342
56100 55846
56106 55855
56108 55867
56121 55881
56122 56366
56126 55880
56134 55885
56157 55925
56160 55924
56165 55932
56191 55923
56195 55955
56196 55956
56245 56022
56262 56458
56263 56005
56281 56045
56306 56081
56308 56084
56311 56086
56316 56061
56326 56066
56327 56067
56350 56102
56369 55534
56372 56122
56379 55549
56385 56142
56393 55565
56394 56129
56395 56130
56399 56133
56401 56128
56413 56144
56415 56141
56429 56160
56465 56210
56470 56205
56471 56206
56473 56216
56486 55673
56490 56225
56493 55694
56494 56223
56495 56227
56502 56238
56507 56229
56511 56234
56515 55701
56517 55722
56519 55730
56521 56251
56522 56251
56527 55741
56531 55736
56599 56649
56603 56333
56606 56344
56631 56392
56632 56393
56633 56391
56651 56404
56655 56403
56689 56427
56720 56468
56757 56495
56764 56516
56792 56153
56795 56539
56835 56571
56846 56582
56847 56230
56850 56231
56854 56583
56861 56235
56862 56592
56866 56247
56875 56255
56913 56847
56914 56645
56918 56845
56934 56671
56939 56673
56940 56674
56942 56668
56948 56665
56957 56879
56973 56706
56987 56721
57015 56753
57020 56507
57028 56762
57029 56509
57030 56510
57043 56768
57071 56791
57081 56585
57082 56583
57084 56597
57087 56813
57097 56810
57098 56812
57136 56851
57137 56987
57144 56991
57147 56853
57151 56862
57152 56863
57158 57002
57159 56878
57161 56865
57162 56866
57163 56874
57166 57007
57194 56902
57203 56910
57210 56915
57236 56949
57237 56795
57244 56796
57245 56797
57249 56948
57252 56804
57254 56954
57256 56955
57265 56960
57282 57067
57292 56992
57293 56993
57307 56876
57309 57004
57324 57101
57350 57035
57370 56958
57397 57081
57400 57142
57401 57143
57415 57020
57445 57172
57458 57154
57464 57097
57482 57165
57507 57189
57514 57208
57517 57198
57519 57199
57536 57201
57542 57210
57551 57229
