2846
60 1395
66 20539
74 2112
99 1645
133 1584
134 2036
166 2216
170 1694
202 20322
203 20323
204 1676
227 1433
234 1664
246 21001
249 20962
251 20340
260 2877
266 20936
285 1672
301 3107
332 21217
364 21141
365 21142
378 1772
402 20512
478 2803
484 21167
512 3144
528 1926
568 3111
600 3105
601 3106
662 20972
666 2334
667 2197
668 2198
696 21253
705 20663
740 21048
762 2300
775 20724
787 21433
802 2343
915 21591
936 21497
1036 20906
1037 21534
1084 2691
1112 3663
1146 3845
1165 3508
1210 2855
1219 3795
1259 21747
1260 21748
1280 2931
1281 2932
1297 21505
1303 2896
1373 21543
1411 21161
1441 32051
1482 3158
1483 3159
1499 21760
1506 21632
1521 21228
1544 3182
1545 3173
1556 3219
1591 3833
1634 3285
1659 21699
1696 4057
1698 3334
1704 3365
1733 3453
1771 22033
1777 3447
1794 4534
1836 21446
1848 4537
1886 21097
1903 4153
1905 4072
1938 21538
1990 3662
1992 22181
2003 21525
2018 21955
2019 21956
2046 4851
2069 3856
2078 3768
2087 4749
2120 4464
2121 4465
2134 4491
2164 4141
2182 4446
2196 4535
2220 22345
2234 3964
2262 4870
2290 22301
2360 22401
2386 22242
2420 21849
2482 4239
2491 4798
2603 5230
2733 5125
2779 5087
2806 5673
2882 4829
2983 22771
2984 22772
3020 22920
3045 5401
3086 5425
3202 5612
3210 22873
3242 5661
3256 22708
3289 5542
3349 22709
3412 22963
3436 5855
3467 23007
3471 23314
3499 5847
3502 5904
3540 23090
3541 23091
3550 5999
3559 5891
3598 6493
3726 6514
3727 6515
3728 23272
3736 6866
3767 6218
3798 6210
3848 6992
4045 7288
4061 7275
4097 6889
4206 7012
4207 7013
4212 23804
4244 23772
4306 7631
4338 7674
4471 23166
4515 7124
4596 7880
4607 39564
4720 8046
4776 7751
4782 24113
4839 24145
4842 8144
4877 8092
4909 8146
4919 8145
4955 8208
5003 8488
5084 8755
5120 6932
5161 8813
5246 47846
5288 8579
5609 9231
5691 24618
5750 24276
5912 24749
5916 10433
5924 9161
5945 8718
5972 9086
5993 9119
6058 9303
6074 24826
6080 9350
6081 9351
6109 9367
6143 24856
6149 24562
6160 9453
6161 9454
6173 9446
6174 9447
6175 9452
6215 8889
6313 8962
6314 8961
6330 8188
6361 9587
6406 9364
6425 9535
6426 9536
6432 24716
6471 9111
6475 9704
6560 8407
6575 9846
6605 9834
6612 9833
6627 9830
6638 9373
6658 10025
6686 9913
6708 8503
6751 9988
6786 9596
6798 10034
6804 9885
6808 25064
6817 9899
6848 24863
6895 10109
6913 10007
6925 9722
6949 9838
6950 9839
6972 10484
7016 10103
7024 9640
7048 8817
7090 24608
7099 10177
7114 9986
7124 10888
7127 9937
7130 25150
7131 25151
7166 9894
7216 10698
7225 9846
7288 10127
7291 10332
7292 10333
7342 10143
7384 10396
7415 10272
7436 9227
7437 10434
7474 9177
7578 10132
7738 10497
7755 10507
7780 10534
7820 10536
7822 9578
7873 10590
7896 10698
7985 10402
8007 9993
8032 10704
8037 10811
8042 10338
8074 10794
8075 10795
8239 10809
8256 10906
8272 10916
8336 10083
8491 11166
8566 11328
8576 11421
8696 11418
8697 11419
8716 26067
8722 11564
8724 25979
8813 11583
8838 11448
8851 11628
8991 11721
9018 9993
9021 11934
9117 11911
9150 12021
9151 12022
9179 11972
9216 12085
9554 12431
9570 12383
9603 12422
9696 20383
9758 12530
9763 12604
9832 12176
9956 12425
9978 12761
10061 12850
10075 12894
10077 12870
10094 12672
10250 13073
10255 12845
10322 13098
10388 13190
10440 13072
10462 13264
10463 13266
10506 13312
10568 13315
10574 13301
10646 13320
10742 13436
10800 13143
10820 13281
10824 13584
10856 26727
10867 13722
10868 13723
10869 13724
10919 13731
10945 14196
10959 13771
10960 13745
10961 13746
10991 14231
11050 13815
11144 13938
11199 13981
11206 14004
11211 14439
11248 14067
11249 14068
11264 14123
11346 14589
11358 14613
11374 14210
11393 14307
11394 14308
11538 14301
11595 13775
11837 14710
11932 14871
12035 15004
12115 14891
12158 15048
12247 15240
12274 15109
12324 14611
12353 15131
12358 15185
12381 15224
12440 15294
12458 15212
12459 15186
12498 15354
12517 15448
12617 15371
12677 15623
12697 15647
12719 15443
12896 38300
12899 15766
12973 15366
12980 15362
12999 15629
13057 15766
13068 15796
13142 15766
13175 15747
13579 16142
13717 15464
13722 16157
13939 16476
13985 16530
14015 16430
14020 16559
14079 16536
14141 16668
14144 15667
14228 16642
14277 16810
14301 16808
14409 16921
14441 16945
14523 17051
14524 17052
14589 17086
14602 17480
14695 17177
14703 17203
14719 17225
14817 17309
14824 16579
14852 17327
14864 17572
15034 17430
15053 17500
15086 17972
15207 17581
15310 17675
15346 17739
15349 17652
15392 17795
15497 18232
15513 18377
15517 17886
15574 17426
15922 18144
15923 18145
16115 18343
16123 18372
16161 18524
16231 29917
16237 29917
16297 18506
16435 18447
16451 18720
16460 18999
16499 19059
16504 29833
16526 18535
16572 19119
16573 19120
16598 18634
16601 18788
16629 19125
16634 18831
16767 18946
17043 18930
17103 8595
17257 19238
17353 19207
17414 19375
17481 19372
17628 19403
18151 18948
18165 19122
18537 39094
19383 20722
19394 30995
19410 20311
19428 31017
19441 31045
19496 20359
19497 20360
19526 21100
19533 21136
19539 31167
19542 31156
19543 31157
19561 21096
19563 20890
19571 19636
19581 31198
19594 31154
19595 31155
19615 20551
19619 20564
19624 2055
19632 31236
19636 21149
19637 21150
19643 31186
19651 21018
19657 31535
19658 31536
19665 21282
19671 20603
19720 31318
19732 31294
19733 31295
19736 31758
19781 21330
19871 31402
19901 31465
19911 31479
19920 31477
19941 31943
19948 20965
19955 31764
19965 21697
19976 21675
19983 20760
19994 21034
20011 31989
20012 21656
20021 21563
20027 21059
20029 21683
20037 21084
20038 21085
20040 21495
20050 21089
20091 20873
20092 21101
20099 31594
20116 31603
20117 21841
20131 31464
20135 31940
20151 31914
20162 31644
20172 31660
20182 20975
20203 31675
20248 21312
20254 21321
20264 21480
20276 21333
20280 31746
20281 31747
20294 3856
20305 21369
20312 32201
20321 32209
20334 21418
20355 21520
20356 31822
20373 21465
20378 21533
20384 3557
20386 21837
20388 21793
20389 21555
20405 31885
20411 3644
20437 21905
20458 32143
20463 3800
20472 3697
20486 32367
20492 22048
20493 22049
20499 32183
20524 32366
20526 21668
20606 22061
20621 22125
20662 22320
20670 22323
20706 22203
20724 22234
20760 32417
20792 22374
20832 32480
20853 22449
20873 22386
20920 32533
20971 5346
21055 32755
21071 22672
21187 22710
21223 22719
21233 32990
21234 32991
21240 33003
21289 32796
21306 32786
21309 32842
21312 22767
21320 32861
21327 23204
21342 22847
21343 33106
21349 32804
21358 33021
21359 33022
21380 23160
21410 23333
21521 23304
21530 23125
21537 23147
21659 33269
21660 33445
21661 33446
21720 33490
21721 33491
21722 23734
21816 23107
21848 33397
21853 22822
21895 33094
21943 33579
21944 33580
21985 23880
21989 23919
22032 33371
22066 24258
22095 23679
22258 24477
22272 7489
22311 24529
22341 23976
22427 24103
22494 34066
22501 33542
22518 24545
22605 24622
22606 24623
22612 24333
22640 33966
22650 24386
22678 23945
22690 24162
22692 24714
22699 24445
22708 7875
22709 24466
22719 33666
22721 34180
22729 24487
22750 34180
22762 24767
22765 24506
22830 24605
22835 24839
22846 34155
22860 34302
22865 24860
22866 24861
22884 24149
22911 24890
22922 24901
23003 24227
23019 24719
23040 25008
23066 25049
23075 9140
23078 24306
23081 24857
23094 24920
23097 9203
23108 25087
23109 24867
23117 24922
23149 24351
23156 9906
23162 25128
23181 24992
23205 25065
23225 24966
23230 24429
23261 24885
23263 25105
23292 25133
23324 9501
23336 25164
23340 25180
23347 25083
23360 25121
23374 25931
23396 25248
23412 25222
23482 25072
23500 25071
23528 25274
23555 25553
23557 34662
23565 25287
23644 9824
23647 25368
23648 25369
23655 25395
23671 25523
23704 25448
23731 25584
23764 34127
23827 25512
23873 24985
23895 25631
23911 24992
23926 25645
23967 25649
23986 34963
24002 25097
24054 25802
24055 25803
24063 25784
24065 25785
24090 25713
24102 25763
24128 11198
24176 25892
24191 25807
24193 25909
24195 25838
24196 25839
24197 11038
24229 25881
24238 25948
24247 25921
24250 25848
24269 25986
24275 25971
24289 25916
24301 25861
24330 26007
24360 26031
24380 25769
24490 26166
24491 26171
24499 26166
24503 26152
24528 26119
24545 26164
24549 26191
24566 11826
24606 25824
24680 26376
24693 26386
24700 12131
24708 26354
24714 26356
24715 26355
24735 35596
24790 26408
24791 26409
24804 26463
24805 26464
24813 25976
24896 12184
24911 12209
24913 26388
24941 26565
24967 26578
24968 26579
25000 26614
25046 26673
25062 26699
25070 26725
25103 26619
25104 26620
25110 26744
25133 26671
25158 26791
25170 26332
25188 26823
25204 26808
25208 26801
25230 26857
25292 26971
25330 35628
25399 26497
25400 26598
25519 27114
25523 13430
25524 13431
25577 27166
25598 27198
25637 27251
25639 26732
25660 27253
25678 26957
25688 27299
25731 13831
25845 27421
25853 27457
25878 27548
25892 27303
25945 13558
25972 27374
26046 14477
26089 13903
26289 14843
26397 27943
26421 15125
26429 15136
26529 28087
26544 15220
26554 28283
26582 27698
26613 28156
26615 28211
26617 27732
26618 36642
26624 28286
26625 28287
26656 15525
26657 15526
26668 15988
26671 27758
26675 28054
26716 28079
26731 27799
26734 28100
26860 28411
26865 27920
26878 15859
26963 28478
26964 28479
26971 28023
26996 16018
27005 28027
27064 16120
27107 28828
27130 28514
27151 28605
27163 16130
27173 16428
27238 28672
27280 28670
27281 28671
27288 16518
27324 16572
27327 28797
27347 16694
27359 28767
27362 16618
27426 28816
27427 28817
27495 16828
27507 16882
27508 16883
27515 28950
27522 16856
27533 37492
27538 16881
27592 16988
27641 17088
27646 29010
27700 17165
27701 17166
27723 29143
27736 17110
27756 28747
27764 28807
27801 17353
27823 17805
27887 17486
27922 29347
27937 18030
27951 29375
27952 29377
27975 29349
27988 17720
27997 17697
28002 17637
28005 17704
28015 29394
28027 17744
28029 29373
28037 29428
28112 29773
28128 16870
28180 17962
28189 29572
28190 29573
28198 29550
28208 29594
28270 18084
28272 29619
28290 29643
28306 18156
28307 18157
28309 29370
28315 29673
28330 18178
28353 29687
28388 18246
28389 18247
28390 18248
28391 18255
28392 18254
28411 17904
28417 18315
28474 18410
28475 29791
28489 18391
28523 18525
28544 29365
28564 18581
28565 29888
28572 29784
28595 30047
28596 18626
28633 18199
28654 30163
28670 29992
28672 29676
28675 18951
28676 30179
28677 30180
28679 18357
28709 18211
28711 18333
28724 18824
28731 18231
28735 30026
28775 18898
28786 18906
28792 30093
28801 30274
28908 29977
28993 19226
28999 30234
29033 18983
29045 19299
29073 30286
29074 30287
29086 30285
29110 18480
29260 30274
29286 30274
29369 29966
29413 30274
29554 30194
29697 30308
29705 30319
30398 39083
30414 38939
30416 31070
30472 39147
30475 31147
30493 31470
30497 39253
30512 39240
30522 31225
30531 38986
30533 39278
30538 31483
30588 31259
30589 31260
30596 39293
30610 39302
30654 39101
30661 31394
30690 39315
30691 31418
30697 31403
30715 31449
30758 31904
30769 39201
30772 20991
30793 31367
30808 31811
30817 31872
30840 39244
30844 31987
30874 31915
30940 39445
30941 31659
30970 31709
30973 31696
30974 31697
30982 31723
30986 39616
30989 32008
30990 31730
30992 31732
30993 32172
30994 32173
30999 31761
31016 31766
31017 31767
31023 31641
31037 39660
31050 31803
31053 31815
31066 32090
31089 32118
31092 31874
31103 31853
31104 31854
31110 31861
31117 31899
31130 39744
31137 39632
31138 39633
31139 31907
31147 39737
31153 31802
31161 39651
31162 31924
31163 31925
31165 31917
31169 31825
31171 32192
31174 31951
31178 31977
31179 39465
31182 32199
31271 39836
31377 39856
31382 32640
31409 32599
31417 32612
31431 32609
31436 32717
31454 39959
31455 39960
31469 39959
31478 39894
31479 39895
31529 40059
31534 32579
31535 32702
31540 40003
31541 40070
31549 32812
31566 32637
31578 32844
31632 32622
31633 32788
31637 32893
31652 32728
31689 32753
31701 40049
31778 32880
31795 33121
31799 40149
31804 32912
31903 40188
31904 33020
31976 33414
31998 33318
31999 33319
32034 33129
32037 33127
32040 33136
32060 33322
32094 33216
32112 33582
32113 33583
32118 40164
32168 40204
32189 33210
32208 33002
32245 33126
32276 33405
32282 33355
32365 23628
32458 45170
32460 33869
32593 33710
32694 34225
32738 33874
32772 40912
32818 33967
32832 34188
32833 34189
32838 33999
32904 34277
32921 33797
32956 40714
32959 24594
32982 34137
32996 34403
33033 34169
33043 34411
33077 34213
33079 34338
33086 25129
33088 7830
33089 34220
33092 34479
33097 34350
33104 33935
33114 34369
33129 34383
33130 34384
33131 34409
33143 34432
33153 34573
33164 34306
33172 34012
33186 34490
33187 34491
33195 34477
33221 34510
33225 34538
33234 34928
33237 34521
33238 34522
33259 34400
33282 34143
33308 34635
33315 34623
33323 34591
33350 34678
33355 34928
33356 34834
33365 34695
33366 34697
33372 34217
33393 34533
33394 34534
33398 34583
33422 34854
33439 40996
33441 34928
33454 24818
33496 34928
33508 34853
33509 34854
33518 34854
33536 34312
33559 34845
33623 34967
33650 34928
33657 34375
33659 34667
33662 34854
33681 34933
33682 35014
33702 34990
33717 34587
33722 34917
33726 34975
33727 34976
33730 34438
33736 35012
33738 35043
33739 35044
33754 34928
33766 35015
33767 35016
33773 35077
33775 35040
33781 34493
33783 35169
33788 34541
33789 34542
33805 34372
33817 25241
33868 35149
33874 35055
33886 35180
33897 25850
33900 35196
33901 35167
33902 35169
33914 35223
33915 35224
33954 35205
33957 35243
33961 35266
33963 35021
33964 35022
33967 25894
33998 35324
34018 35282
34033 35315
34035 35351
34040 35355
34057 35361
34063 35331
34096 35422
34100 35372
34106 35389
34108 35404
34119 35437
34121 35377
34127 35450
34138 35431
34139 35432
34141 35321
34146 35430
34152 35379
34160 35492
34169 35493
34170 35494
34174 35464
34175 35477
34183 35499
34188 35458
34207 35469
34212 35537
34214 35513
34234 35514
34258 35548
34274 35561
34286 35570
34291 35626
34326 35600
34336 35294
34400 35698
34401 35699
34424 35716
34467 26605
34505 26609
34506 35836
34514 35818
34537 35849
34545 35863
34555 35904
34559 26637
34579 35908
34597 26280
34606 35938
34607 35939
34639 26843
34653 35996
34677 26909
34686 35821
34690 36021
34716 35811
34763 35671
34772 35906
34812 26983
34837 36153
34848 35980
34906 35800
34939 36068
34940 36067
34947 36252
34948 36253
34949 27196
34964 27220
34986 36108
35002 36265
35023 36149
35038 36341
35047 36166
35067 27331
35071 27040
35073 36202
35074 36203
35088 36223
35127 36387
35145 36286
35156 36433
35157 36434
35159 27441
35160 27442
35172 27473
35193 36486
35194 36487
35211 36201
35219 36362
35241 36461
35249 27562
35271 36559
35272 36560
35326 27683
35363 36440
35385 36636
35386 36637
35387 36638
35412 27818
35437 36736
35455 36748
35487 27848
35502 36754
35536 36816
35558 36895
35591 27980
35604 36888
35617 36537
35618 36861
35636 36871
35637 36872
35652 28044
35658 42740
35661 36939
35673 36907
35680 36991
35683 42740
35693 36632
35705 36653
35709 28155
35716 37057
35728 36677
35750 37085
35772 28248
35790 37026
35794 28206
35800 28483
35833 37058
35834 37059
35853 37093
35854 37094
35881 37036
35904 37130
35922 27963
35942 28432
35944 37033
35962 28447
35992 28334
36027 36916
36029 28447
36037 36910
36061 37276
36084 37310
36103 37258
36104 37259
36105 28773
36144 37043
36203 37420
36237 28849
36243 37442
36281 28846
36282 28847
36307 28886
36320 37490
36327 37467
36331 28911
36339 28980
36383 37507
36395 37522
36405 37499
36409 37486
36411 37701
36418 37533
36423 29036
36435 29315
36443 29046
36444 29047
36446 29048
36454 37346
36458 29056
36466 29087
36472 29148
36473 29149
36480 29390
36521 17351
36525 37659
36526 37660
36527 29215
36545 37682
36546 29253
36547 29254
36566 29273
36567 37715
36568 37706
36574 29502
36575 29503
36591 29509
36608 29570
36614 37734
36621 37749
36622 37777
36624 37763
36649 37795
36658 37802
36659 37803
36679 37827
36688 37970
36707 37867
36738 29530
36772 29761
36892 29674
36905 29707
36907 29672
36936 29719
36940 38054
36970 29952
36971 29790
36979 38080
37027 38113
37047 29805
37052 38075
37053 38076
37066 38070
37084 38292
37085 38293
37092 38205
37105 38148
37108 29878
37109 38217
37191 38280
37227 38370
37240 38253
37241 19087
37248 30218
37264 38283
37274 38313
37348 43401
37349 38444
37643 38290
38225 43943
38233 39070
38256 39139
38257 39140
38268 39095
38271 39159
38277 44174
38287 44145
38288 47905
38298 43999
38303 39021
38325 39003
38395 39280
38418 39145
38425 39312
38431 39154
38438 39170
38446 31721
38484 39413
38485 39414
38491 14721
38506 44156
38514 39468
38521 44305
38522 39402
38538 44322
38543 44195
38563 39436
38569 44417
38572 39273
38578 39599
38583 39458
38597 39317
38603 44457
38626 44396
38630 39594
38643 44488
38675 44508
38688 39708
38694 39622
38695 39623
38736 44571
38738 39618
38757 44483
38767 44748
38775 39789
38810 39762
38824 39882
38834 44639
38844 39780
38854 44655
38855 44656
38867 44470
38875 39867
38929 44713
38958 39838
38976 39845
38992 39939
38993 39940
39002 39961
39030 40000
39031 40001
39032 44646
39060 40029
39121 40245
39122 40246
39128 40256
39130 44859
39163 44946
39164 44947
39179 44820
39184 40303
39185 44717
39186 44718
39223 40342
39226 44851
39227 44852
39328 40218
39379 40258
39391 40279
39394 40475
39420 40301
39424 45028
39433 40456
39448 45105
39452 40431
39457 45060
39475 40268
39501 40484
39502 40485
39536 40453
39540 45072
39638 40514
39665 45173
39701 45333
39706 45224
39707 40702
39713 45424
39721 45241
39729 45058
39790 40878
39813 40793
39834 40919
39854 40953
39894 40681
39914 40913
39915 40682
39918 45547
39933 41012
39957 40944
39963 45414
39969 41071
39976 45565
39977 45428
39993 40783
40005 40954
40013 40955
40019 40971
40021 40959
40028 41137
40038 40998
40050 41002
40051 41003
40053 45511
40072 41024
40074 45526
40078 45556
40084 41099
40090 33705
40105 41061
40107 45366
40130 41150
40136 34080
40137 40885
40143 40898
40144 40884
40155 40891
40161 34143
40175 41176
40213 41158
40218 41314
40219 41228
40220 41229
40285 41014
40317 41264
40345 41298
40370 41066
40382 41417
40388 41224
40389 41344
40392 41359
40409 41400
40445 41414
40454 41447
40473 41438
40491 41194
40499 41443
40510 41496
40513 41473
40526 45845
40532 41492
40540 41502
40576 41549
40580 41553
40591 41615
40592 41577
40613 41570
40621 41649
40623 41610
40641 35373
40647 45917
40654 41609
40657 41637
40659 41636
40665 41597
40667 41695
40668 41696
40674 41617
40693 41660
40703 41670
40704 41671
40713 41676
40722 41705
40723 41706
40731 41528
40732 41529
40735 35543
40752 41699
40762 41744
40765 41726
40772 41690
40774 41719
40779 35495
40805 35589
40822 41766
40823 41767
40829 41755
40846 41757
40847 41759
40879 46052
40897 35727
40921 41867
40931 35702
40962 41901
40973 41895
40978 41914
40979 41906
41000 41948
41004 41943
41009 41958
41018 35850
41029 41927
41041 41962
41046 42011
41077 42047
41106 35659
41122 35917
41123 42067
41148 41977
41156 36158
41160 41981
41163 41842
41168 41991
41190 42015
41191 42129
41192 42128
41195 36183
41197 46190
41204 36235
41209 42036
41259 42193
41272 42097
41273 42098
41274 42218
41277 36129
41295 42206
41326 42287
41330 42122
41342 42134
41355 42165
41359 36380
41372 36418
41373 42284
41406 42291
41407 36437
41442 42257
41447 42369
41456 36577
41461 36548
41514 42475
41523 42310
41526 42283
41559 36606
41563 36774
41596 42498
41656 42595
41689 42633
41708 36862
41714 42510
41721 42648
41726 42678
41742 46460
41760 42702
41785 42711
41791 37012
41794 42722
41795 42723
41806 42672
41807 42673
41839 37055
41840 37056
41860 42789
41867 37087
41876 42795
41877 42572
41908 37177
41953 36873
41962 37368
41965 42859
41967 42839
41982 42986
41991 42887
42016 37301
42018 42899
42048 37387
42058 42947
42066 37389
42072 42958
42096 42975
42120 37447
42122 37414
42132 37482
42136 37445
42164 37470
42175 37531
42205 43061
42216 37533
42229 37558
42239 37598
42259 43077
42266 37632
42271 43052
42274 43053
42279 37649
42280 43116
42314 37681
42332 43187
42335 43128
42337 37726
42338 37692
42340 43187
42346 42996
42354 43146
42362 37732
42364 37753
42377 43205
42385 37768
42386 43230
42387 37719
42395 37792
42396 37793
42397 37780
42402 37975
42407 37799
42419 43231
42425 37978
42443 43351
42445 37841
42469 37892
42474 43264
42509 43310
42520 37931
42568 43089
42570 43353
42600 43376
42626 43301
42634 38153
42635 38154
42648 43416
42663 38131
42686 38097
42707 38211
42710 43515
42711 43516
42721 43437
42752 38250
42768 38257
42783 43520
42801 38307
42804 43485
42823 38316
42824 38186
42836 47373
42847 38354
42857 38363
42866 43554
42875 38397
42877 43624
42878 38342
42903 43575
42972 38421
43561 47839
43563 44118
43566 47721
43583 47847
43584 47804
43598 44117
43605 43970
43626 44209
43631 43993
43659 47906
43692 39280
43697 47849
43698 44304
43758 44183
43760 44202
43771 47987
43787 47998
43805 48014
43810 47936
43811 47937
43836 48099
43844 44468
43845 44469
43852 47967
43860 44277
43872 44306
43876 48129
43895 47980
43901 44554
43926 48201
43927 48202
43949 44513
43957 44420
43984 48152
43986 48159
44019 44698
44041 44699
44064 44773
44080 44728
44092 44692
44093 44693
44100 48293
44145 48429
44194 44807
44201 48453
44225 48469
44269 44932
44270 44933
44271 48458
44275 48558
44294 44891
44312 48395
44316 48524
44338 48619
44339 40291
44352 45069
44366 40317
44376 40338
44381 48590
44384 44976
44396 48456
44425 40410
44429 44893
44437 45023
44441 45263
44518 45346
44519 45347
44526 51789
44556 45175
44560 48566
44564 45399
44653 45406
44654 45311
44672 45323
44673 45301
44684 45451
44694 45268
44707 48760
44710 45474
44711 45476
44720 45295
44729 45491
44730 45492
44731 45496
44743 45213
44755 41054
44759 45551
44785 45457
44791 48895
44792 48926
44800 48934
44802 45605
44811 45485
44814 45502
44815 45503
44820 45629
44829 45531
44840 45507
44858 45591
44861 45555
44864 45377
44870 45379
44872 45587
44873 45598
44882 45649
44888 45589
44899 45408
44904 40915
44913 45442
44928 45622
44941 45471
44955 41013
44977 45546
44978 45547
44985 45552
44986 45731
44990 45560
44995 49091
44997 49118
45018 49162
45028 49134
45029 45710
45038 45741
45052 49141
45054 40897
45059 45780
45060 45781
45072 40915
45078 41403
45114 45659
45118 45823
45121 45877
45122 45831
45129 45838
45136 41507
45139 45836
45155 41591
45158 45902
45163 45888
45165 45903
45169 45911
45193 45934
45201 45894
45202 45914
45206 45939
45215 45959
45220 45968
45239 45918
45256 45984
45274 45993
45277 45996
45311 46006
45327 46007
45343 46034
45351 46064
45357 46072
45372 41830
45421 46127
45426 46128
45427 46129
45454 46153
45460 46131
45461 46151
45466 46156
45494 49514
45498 46234
45510 41876
45571 46305
45596 46303
45622 46334
45626 42192
45632 46336
45640 46207
45652 46142
45672 46354
45689 46280
45698 46416
45699 46417
45700 42314
45733 46383
45756 46434
45757 46296
45763 46441
45783 46439
45836 46480
45840 46406
45874 46551
45883 46537
45884 42523
45907 42589
45915 46547
45935 42576
45959 42605
45963 46606
45970 42619
45980 42639
45994 46463
46009 42439
46010 46469
46028 46589
46043 42627
46054 42721
46062 42737
46066 46511
46069 46681
46082 42714
46084 42749
46087 46696
46088 42752
46089 42753
46099 46756
46105 46687
46124 42893
46131 42811
46133 46744
46145 46581
46166 46713
46185 42843
46188 46786
46192 42962
46193 42963
46241 37382
46254 42916
46268 46904
46271 42980
46272 42991
46274 42978
46280 43072
46289 46925
46306 43093
46315 46928
46317 46930
46328 46917
46366 43185
46388 43115
46393 43127
46405 43135
46421 43153
46422 43140
46432 47026
46456 47082
46462 47069
46468 43191
46483 43214
46502 47075
46509 43216
46514 43352
46516 43236
46520 47202
46535 47104
46559 43277
46570 46951
46571 43298
46579 47142
46591 43315
46598 43311
46614 43326
46618 50188
46630 47185
46635 47200
46637 47203
46647 43356
46657 43364
46659 43384
46669 43374
46712 47223
46713 47224
46715 47268
46729 43429
46734 47283
46746 43463
46747 47263
46748 47264
46753 43503
46762 43483
46779 43513
46794 47276
46796 43538
46797 43497
46807 38310
46818 50361
46828 47416
46833 43558
46867 43600
46877 47415
46878 47383
46881 47398
46886 47433
46900 47421
46912 47418
46926 43583
47016 47337
47057 47395
47058 47396
47066 47410
47295 47718
47311 47732
47325 47743
47336 50564
47337 50640
47338 47886
47342 47764
47343 47765
47349 47884
47384 50697
47392 50675
47415 47995
47426 47889
47440 50727
47455 48000
47456 50657
47461 47926
47473 47936
47474 47937
47486 47942
47495 47965
47496 50679
47502 47981
47504 48126
47519 48062
47525 47984
47530 48110
47533 48157
47535 48071
47561 48122
47572 50839
47573 50839
47579 50806
47582 48217
47597 50858
47626 48243
47658 48266
47661 48272
47665 48290
47706 48337
47707 48338
47713 48342
47715 48346
47716 48347
47727 50901
47729 50917
47730 50918
47732 48454
47759 48384
47765 48482
47768 48485
47774 50936
47780 48470
47794 48491
47796 51059
47797 51060
47803 48458
47808 50950
47858 21950
47888 44976
47899 48641
47905 48532
47912 48672
47916 48571
47919 48466
47921 45023
47924 48540
47932 48515
47935 48514
47996 45133
47998 48546
48039 48821
48042 45448
48064 48781
48065 48781
48073 45426
48101 48830
48104 45176
48121 48939
48137 48942
48141 48860
48142 48861
48161 48731
48167 48887
48170 48999
48183 48987
48207 48955
48219 48808
48224 48945
48225 48946
48251 49013
48259 48850
48263 48844
48278 48994
48281 49117
48284 49004
48290 48878
48313 51327
48321 49050
48327 49051
48345 49115
48358 49113
48369 49082
48386 51349
48389 49142
48394 48980
48414 45768
48417 49169
48418 49170
48434 49196
48444 49223
48446 51414
48448 45851
48468 49229
48473 51412
48474 45678
48483 49243
48484 49225
48495 45856
48508 49267
48509 49240
48518 49253
48531 49281
48537 49289
48538 49292
48560 49312
48568 49335
48573 49311
48577 49338
48580 49351
48584 45962
48587 49344
48619 49340
48629 49354
48633 49383
48652 49398
48662 46076
48669 49388
48678 49418
48680 49421
48681 49422
48686 49425
48692 49429
48695 3726
48700 49440
48713 49434
48732 49511
48746 46189
48747 49443
48748 49444
48751 49476
48756 46233
48760 49517
48781 49518
48795 46095
48796 49561
48797 49562
48798 49522
48804 49557
48807 46265
48809 49573
48833 49592
48841 51660
48845 46323
48850 49612
48887 49645
48892 46338
48893 49656
48894 46414
48904 49667
48911 49676
48912 46421
48918 46418
48930 46482
48944 46453
48994 51760
48995 46518
49041 46608
49060 49674
49073 49834
49085 49813
49101 46627
49111 49841
49120 46486
49122 49736
49125 49858
49160 49875
49177 46663
49187 49912
49215 49939
49220 46781
49221 49982
49233 49956
49235 46755
49241 46798
49242 46810
49249 49981
49255 50024
49257 49940
49264 49987
49265 49988
49269 46804
49271 46918
49282 49991
49284 46851
49286 49997
49294 50039
49299 46896
49302 46776
49307 49943
49323 46894
49335 50015
49336 50016
49342 46929
49343 50051
49360 50088
49362 46948
49368 50099
49369 50093
49376 46936
49377 50104
49378 50095
49382 50112
49387 50090
49399 46989
49411 47086
49430 47095
49440 47004
49447 47032
49451 47035
49453 47128
49461 47062
49467 47052
49472 50162
49473 50163
49474 47070
49478 50165
49494 47102
49495 50183
49499 47097
49502 47106
49536 50285
49553 47164
49574 50260
49587 50279
49600 50287
49605 50236
49611 47256
49616 50157
49632 50289
49642 50290
49669 47322
49688 47299
49712 47365
49719 50344
49731 50365
49751 47405
49865 50368
49866 50369
49879 50383
50043 52358
50049 52317
50056 52321
50057 52376
50099 52422
50106 50669
50113 52374
50115 52407
50119 50715
50121 50690
50144 52395
50149 50748
50167 52426
50168 52427
50171 52434
50172 52435
50179 52442
50183 50701
50185 50709
50190 52477
50191 52478
50192 52488
50215 52509
50233 50816
50243 50858
50249 50823
50250 50824
50259 50852
50260 52497
50269 50827
50275 52535
50280 50863
50283 52539
50285 52528
50289 50897
50298 48192
50302 50904
50306 50910
50307 50912
50313 50882
50314 50911
50317 50908
50321 52584
50329 50920
50330 50921
50332 52606
50343 51001
50344 50968
50345 50965
50346 50966
50349 50944
50354 51036
50355 51037
50360 52628
50379 51059
50380 51060
50386 52605
50432 52702
50438 51113
50445 51038
50449 52664
50455 51073
50456 51074
50459 51151
50485 51133
50517 51225
50522 51157
50547 51252
50556 51234
50557 51235
50562 52763
50565 51168
50566 51219
50568 48685
50581 51266
50626 49028
50627 49029
50634 51271
50636 51214
50638 51215
50640 51288
50643 51282
50656 51313
50657 51321
50687 51352
50721 48976
50725 51278
50733 51366
50737 51393
50754 52893
50770 51438
50776 51403
50780 51411
50789 51419
50798 51439
50804 51471
50815 51451
50844 52952
50849 51507
50876 51513
50878 51537
50889 51545
50902 51558
50906 51561
50930 51576
50931 51577
50935 51582
50936 51589
50972 49571
50986 49568
51003 51587
51008 51667
51016 51683
51030 51687
51048 49681
51054 51702
51055 51711
51056 51712
51092 51733
51096 53081
51101 49745
51110 51776
51114 49802
51145 51792
51160 51731
51165 51817
51193 51855
51198 51827
51239 51896
51247 51902
51253 51887
51255 49950
51259 49939
51264 49945
51303 51949
51309 51953
51323 51965
51333 50067
51340 50081
51341 50082
51349 52003
51350 52004
51356 51976
51358 50104
51367 50112
51371 50117
51381 51989
51382 51947
51393 52007
51395 52011
51422 50179
51425 52025
51433 50206
51439 50203
51440 52039
51447 50204
51476 52071
51488 50251
51491 52085
51519 52110
51524 52113
51542 50321
51543 50322
51564 50337
51566 50350
51574 50351
51580 52073
51590 52152
51593 52093
51605 52169
51611 50390
51633 52184
51861 52392
51866 52397
51874 52403
51885 53603
51889 53563
51891 52459
51897 52402
51899 53568
51909 53572
51911 52460
51912 53619
51919 53577
51921 52470
51928 52432
51930 52449
51933 53626
51935 53626
51936 52483
51937 52485
51938 52486
51958 52512
51962 52498
51983 53653
52006 53674
52011 52550
52014 52556
52026 52549
52033 53694
52034 52569
52041 53692
52064 52639
52067 52642
52070 52642
52076 53726
52092 52659
52096 52637
52109 52656
52115 52655
52125 52695
52126 52696
52132 52662
52167 52698
52217 53876
52240 52778
52249 52773
52253 53845
52254 52722
52258 52725
52263 53888
52286 52804
52289 52826
52300 52816
52309 52783
52323 52794
52325 52792
52330 52860
52343 52811
52355 52822
52362 52894
52372 52836
52379 51395
52398 52920
52400 52921
52401 52922
52431 52939
52445 52971
52482 53007
52486 54018
52515 53039
52526 53045
52534 51670
52541 51613
52563 53078
52564 53023
52575 53097
52583 51718
52587 53102
52590 53044
52603 53115
52609 53088
52612 53123
52623 51751
52624 51752
52628 51758
52639 51764
52640 53103
52644 51769
52659 53156
52660 53157
52665 53164
52668 51801
52676 53106
52710 53170
52711 53171
52712 51754
52719 53183
52734 51878
52738 53210
52755 53247
52762 51907
52769 51926
52770 51927
52774 51928
52777 51950
52785 53294
52788 51980
52789 51960
52795 53282
52801 53279
52813 53261
52823 51988
52839 51998
52845 52006
52849 52010
52850 53324
52907 52069
52909 52072
52910 52067
52915 52079
52916 52080
52925 52090
52926 52101
52949 52125
52955 52129
52958 53367
52959 53368
52961 52122
52974 53366
52980 53402
52989 52161
52992 53380
52993 52158
52995 53407
53002 53413
53007 52176
53020 54325
53023 53405
53026 52177
53030 53415
53031 53416
53176 53517
53191 53535
53203 53544
53209 53554
53225 54458
53230 53616
53236 53595
53238 53646
53240 53630
53257 53650
53259 54501
53264 53666
53266 54519
53272 53671
53275 53670
53278 53654
53310 53681
53311 53722
53318 52626
53324 54540
53334 53723
53335 53717
53342 54565
53343 53733
53348 53730
53352 54562
53353 54563
53356 53769
53357 53737
53358 53718
53366 52679
53395 53766
53399 53782
53405 54587
53407 53789
53434 54617
53447 53882
53463 53904
53466 53909
53469 53914
53473 53907
53475 53915
53477 53905
53479 53919
53480 53920
53483 52855
53486 53916
53499 53930
53508 53952
53540 53979
53541 53982
53542 53983
53552 23877
53571 54008
53589 54033
53591 54715
53602 54734
53612 54012
53613 54048
53615 54015
53623 54064
53634 53073
53638 53070
53642 54087
53643 54092
53652 53122
53653 54110
53654 54114
53680 53150
53683 53096
53692 53175
53712 54169
53713 54170
53720 54167
53725 53218
53730 53168
53734 53228
53761 54209
53766 54214
53771 54227
53775 54226
53780 54201
53788 53267
53799 54244
53808 54252
53810 53338
53816 53354
53832 53361
53844 53376
53853 53391
53872 53413
53873 53394
53997 54470
54003 55260
54010 54484
54026 54504
54042 54517
54049 53716
54071 54533
54127 55065
54145 54629
54151 55060
54171 54668
54179 54680
54184 54681
54193 54693
54194 54003
54203 54707
54204 54708
54217 54724
54219 54042
54228 54735
54229 54723
54234 54061
54240 54743
54242 54092
54244 54088
54252 54108
54253 54771
54254 54772
54263 54138
54275 54787
54293 54799
54294 54160
54299 54186
54300 54804
54320 54222
54327 54232
54334 54833
54347 54844
54378 54860
54387 54299
54460 55238
54477 54960
54486 55256
54515 54991
54527 55000
54539 55301
54541 55301
54577 55059
54599 55063
54606 55078
54611 55074
54615 55088
54619 55092
54655 55115
54656 55117
54659 55118
54663 54730
54685 55131
54686 55132
54688 55138
54692 55141
54697 55128
54701 54780
54703 55152
54706 54813
54713 54818
54718 55162
54722 54805
54732 54233
54734 54826
54759 55188
54767 54862
54770 54863
54780 54874
54821 55240
54838 55271
54839 55272
54843 55478
54846 55279
54881 55343
54890 55357
54892 55349
54893 55350
54897 55364
54905 55372
54907 55377
54909 55378
54915 55146
54918 55383
54938 55412
54948 55185
54956 55199
54996 55609
55000 55469
55006 55479
55032 55502
55033 55503
55040 55332
55041 55515
55042 55516
55045 55519
55047 55526
55056 55535
55058 55538
55062 55364
55064 55666
55069 55547
55079 55562
55093 55425
55118 55611
55134 55630
55142 55643
55146 55522
55152 55654
55154 55533
55158 55665
55167 55667
55169 55672
55176 55677
55180 55552
55182 55683
55184 55558
55187 55568
55188 55565
55216 55718
55226 55721
55229 55724
55235 55733
55236 55734
55241 55738
55248 55752
55258 55681
55262 55761
55265 55690
55280 55795
55282 55804
55288 55814
55292 55818
55294 55745
55295 55819
55300 55822
55301 55825
55302 55826
55303 55828
55335 55845
55339 55847
55341 55851
55344 55855
55351 55875
55357 55878
55359 55880
55360 55852
55364 55860
55373 55895
55374 55896
55378 55900
55379 55901
55389 55908
