1554
137 19331
156 19489
260 19917
276 19219
362 19664
437 19050
506 19664
507 19663
525 19432
536 31117
688 19561
696 30074
735 19080
873 30006
883 30687
887 29956
1007 19139
1165 30283
1215 19875
1216 38788
1281 19805
1336 18419
1398 18500
1499 18419
1500 18418
1622 19377
1674 19421
1705 19273
1756 38113
1777 19189
1836 19150
1837 19149
1851 19119
1861 16441
1903 18727
1928 19109
1929 19110
2055 19026
2069 19013
2081 17683
2134 18437
2144 17542
2225 19421
2334 18870
2384 18832
2451 17587
2486 17554
2487 17553
2528 17659
2557 15394
2764 16821
2772 17485
2823 15955
2935 16394
3076 16394
3116 16321
3247 18307
3303 16380
3341 17371
3383 15489
3459 28711
3695 16086
3767 16721
3810 15934
3832 27985
3844 27986
3947 15388
4126 28474
4206 28195
4207 28194
4223 16029
4376 28675
4408 15364
4409 15363
4468 14868
4643 28388
4827 14648
4877 14560
4878 14559
4973 28183
5038 14565
5074 16188
5094 12719
5212 27561
5297 14167
5298 14166
5390 27989
5606 13848
5607 26756
5691 13840
5865 27188
5913 28328
6074 13487
6105 13418
6173 13403
6174 13402
6175 13329
6251 13304
6391 13092
6408 13132
6442 18449
6560 14787
6635 12067
6751 12818
6806 14615
6843 14566
6954 14489
7016 26243
7235 10942
7236 10941
7292 10897
7384 10963
7410 12142
7411 12141
7461 26096
7615 25868
7702 9784
7925 9903
7945 11187
7953 11187
8032 9417
8231 9961
8248 25207
8269 9133
8344 25939
8345 25938
9039 24639
9294 25192
9439 9405
9447 34458
9555 24832
9570 9698
9578 10971
9617 11923
9732 9823
9758 7680
9759 7679
9789 10208
9791 24279
9794 9734
10061 9330
10240 7427
10313 9241
10314 9240
10322 7368
10366 24051
10369 8775
10389 9129
10464 9114
10496 9169
10542 9048
10568 24766
10696 8739
10834 8280
10959 24825
11048 24144
11049 24143
11100 8413
11200 7766
11305 23234
11361 8917
11436 8420
11539 24286
11595 23149
11597 9806
11621 8776
11629 8036
11683 7983
11969 5275
11992 6822
12035 8058
12127 7089
12190 16307
12346 7028
12368 7530
12420 6690
12421 6691
12433 6853
12458 6957
12519 42327
12608 6883
12697 7470
12716 6770
12719 6775
12737 7405
12798 7398
12852 22167
13070 22234
13111 23543
13451 5906
13740 5155
13975 6349
14063 2849
14158 3491
14219 5723
14309 3940
14310 3939
14371 4856
14378 3848
14441 4746
14458 4530
14597 4270
14721 21048
14734 2102
14817 3817
14968 3810
15042 3724
15294 5728
15300 2965
15301 2964
15633 3541
15639 1307
15756 3904
15978 3123
15991 6056
16451 21554
16473 2779
16527 20411
16532 22747
16598 20432
16633 2437
16651 21105
16724 441
16771 20285
16796 21435
16943 75
17094 2175
17129 2134
17157 2098
17412 1833
17785 1853
17835 4424
18478 3205
18604 1007
18644 1512
19493 31186
19513 30827
19521 31180
19533 31160
19545 31151
19546 31150
19557 31160
19558 30937
19567 38538
19610 30498
19651 30720
19748 38447
19764 38033
19807 30029
19888 19133
19918 31181
19948 31218
19949 31219
20011 30694
20012 30654
20029 30636
20052 30325
20172 30987
20203 30943
20222 19361
20223 19299
20236 30946
20237 30945
20271 30912
20296 38091
20312 30284
20377 37722
20384 19092
20417 18242
20421 19018
20443 18988
20468 30755
20485 18921
20486 30133
20489 30733
20526 19377
20597 30003
20662 37804
20670 29672
20707 18368
20812 30093
20943 29533
21025 29445
21080 17760
21116 17699
21187 36947
21254 29209
21350 28899
21400 37017
21420 37339
21424 28516
21470 29204
21543 36737
21565 36755
21568 37151
21590 36991
21613 36640
21614 36641
21628 36789
21662 36616
21690 17454
21723 36879
22100 36289
22115 28316
22124 28094
22149 28266
22175 36221
22258 14552
22298 36798
22328 28086
22329 28085
22399 28048
22497 27949
22624 15282
22634 15282
22669 27829
22692 27791
22737 15314
22747 11936
22865 27557
22866 27556
22873 27065
22911 27538
22988 27444
23002 42799
23003 28437
23012 26900
23019 26953
23040 27416
23062 14826
23066 27340
23074 26845
23097 26803
23149 14721
23162 27296
23192 28299
23242 35637
23318 27052
23347 26958
23412 13317
23539 13219
23611 6738
23650 13066
23653 26573
23751 28590
23966 26246
23967 26245
24011 34767
24102 34686
24152 12510
24193 34908
24196 26502
24197 26730
24260 34625
24268 12013
24269 12012
24275 12047
24283 11490
24299 25187
24329 26764
24429 11507
24509 11772
24555 26345
24566 10396
24594 11550
24693 26407
24717 34340
24731 26018
24780 24465
24882 34646
24907 24802
24946 11726
24988 25548
25111 9717
25135 25367
25145 9566
25173 10385
25188 25411
25202 9452
25292 34336
25305 34321
25328 25172
25386 33949
25429 33899
25519 25008
25536 23884
25560 34356
25577 25031
25601 24668
25637 24866
25648 33581
25662 34346
25683 24919
25688 8688
25829 9496
25853 25038
25878 24004
25897 33550
25934 24758
25945 33410
25991 33462
26001 23901
26010 8181
26030 33353
26216 9357
26317 33936
26319 7327
26414 22677
26485 32969
26507 24128
26549 22389
26556 22361
26691 32690
26741 33121
26924 32509
26997 23307
27015 5596
27107 24001
27110 23347
27523 22582
27572 5829
27582 5434
27592 22528
27607 22425
27689 22197
27703 6216
27725 22242
27797 5409
27833 28858
27894 21941
28015 21676
28093 22257
28097 23076
28108 31564
28143 21727
28180 21861
28214 21338
28315 3776
28353 32276
28411 5834
28421 21598
28422 21269
28451 21799
28486 4661
28523 21710
28663 32229
28736 13961
29076 4822
29087 4302
29160 22614
29193 21016
29254 20196
29260 21793
29315 4082
29428 4314
29477 20769
29555 1147
29731 3509
29764 21930
29785 21193
29855 3083
29908 3320
29925 20226
30126 21522
30171 603
30478 38754
30511 38844
30516 44026
30526 38498
30574 43996
30638 38721
30644 43796
30672 30902
30694 37991
30700 43987
30717 38346
30723 43894
30728 43646
30769 38912
30844 30601
30872 44185
30951 43590
30971 38756
30974 30891
30987 38301
30990 38728
30992 38727
30993 38360
31017 30852
31019 30853
31038 37987
31045 38676
31046 38675
31053 30810
31063 38654
31066 38015
31089 38006
31090 38005
31092 30781
31139 38571
31163 30727
31212 30086
31436 37630
31438 37889
31456 28696
31464 37702
31509 37785
31525 30134
31535 37508
31549 37748
31569 37187
31606 43006
31632 17670
31647 37438
31655 37425
31661 37452
31699 43266
31760 43064
31799 37412
31804 37391
31849 37330
31884 29045
31896 42607
31922 28966
31929 42801
31961 37174
32004 37117
32029 37223
32037 36833
32054 42838
32061 42854
32065 36679
32089 36515
32179 29367
32261 43104
32356 39680
32364 36338
32365 36337
32393 36277
32460 36824
32556 37393
32557 37394
32625 28827
32708 27917
32814 42107
32856 36456
32870 27641
32904 36385
32965 36024
33031 36310
33043 36267
33104 28354
33143 27723
33163 42198
33168 49520
33171 28243
33172 28242
33188 35817
33212 27709
33213 27708
33330 27534
33446 35052
33475 34961
33497 27313
33555 27579
33672 27127
33688 34818
33702 27139
33727 41913
33796 36048
33826 12372
33853 26920
33854 26921
33874 41660
33898 41400
33910 35676
33912 34687
33998 11912
34004 26712
34005 26711
34011 41594
34033 26732
34039 26740
34096 26585
34100 26668
34108 26611
34125 45917
34126 35285
34132 35272
34139 26599
34151 26561
34158 25919
34188 35204
34217 35167
34282 35099
34401 34911
34417 35066
34442 41063
34467 34665
34506 34951
34507 34950
34523 34983
34581 34810
34612 41681
34618 41399
34653 34786
34736 34565
34766 40846
34837 34447
34891 34320
34895 25329
34948 34389
34949 24669
34987 24874
35071 35152
35105 40886
35129 40833
35174 33511
35178 33412
35221 34357
35234 33810
35308 40702
35332 24153
35363 25392
35377 34424
35401 25372
35409 24742
35412 33643
35456 24727
35559 40253
35610 25148
35618 33770
35636 33757
35637 33756
35677 33731
35692 34332
35716 34398
35725 25025
35750 24678
35772 33723
35875 40008
35931 24098
35992 21882
36111 24223
36112 24222
36196 23815
36197 23816
36220 33166
36327 32660
36382 33623
36395 32594
36472 22339
36476 23054
36517 23383
36519 39622
36568 32731
36574 5857
36593 32490
36601 33584
36607 23285
36608 23147
36612 23175
36614 21518
36648 33073
36649 33072
36717 32619
36722 22967
36728 31714
36814 32178
36892 21568
36995 32284
37052 39213
37053 39214
37062 32122
37092 32298
37191 39463
37233 32027
37241 32079
37311 32778
37320 32053
37351 39048
37366 32919
37370 31901
37461 22316
37550 31910
37607 31839
37628 31679
37711 31600
37712 31601
37758 31439
37784 31736
37859 32467
37990 31490
38090 20292
38091 31365
38222 44020
38237 44104
38271 44059
38287 44209
38485 43634
38501 43801
38527 44000
38532 48070
38546 43869
38563 43834
38594 44143
38610 38685
38614 44130
38615 44129
38626 47736
38630 43450
38643 43855
38665 38759
38675 43809
38689 47682
38714 43600
38738 43522
38770 43706
38800 43510
38824 37976
38834 47541
38843 38119
38875 43357
38930 43773
38943 43762
38954 43303
38990 42977
39032 43697
39073 43266
39126 43274
39130 47299
39152 43305
39184 43178
39213 37733
39391 46979
39415 47059
39418 42992
39426 46895
39427 46894
39448 42943
39452 42583
39453 43391
39478 42562
39490 43104
39535 42544
39539 42912
39592 37242
39593 37241
39604 42415
39608 42394
39635 42376
39679 46697
39682 46753
39684 46711
39710 42377
39790 42664
39867 42340
39886 46669
39915 43004
39963 46642
39969 42472
39976 42473
40005 46620
40012 42437
40032 42712
40107 42829
40108 42309
40130 36418
40199 42229
40302 46187
40303 46186
40354 42057
40360 42312
40361 42315
40381 41858
40499 46275
40513 41421
40538 46061
40540 35832
40543 41385
40594 35742
40608 41843
40622 42069
40623 41832
40648 35521
40649 35520
40651 35521
40652 35520
40657 41897
40660 34553
40666 41789
40727 30551
40737 35167
40752 41904
40762 41814
40764 35635
40765 35426
40779 35466
40836 41487
40876 41245
40892 41607
40893 41608
40917 35797
40931 41381
40964 41171
40973 40949
40979 41453
41004 46058
41024 45631
41052 41361
41097 40738
41099 41722
41109 41263
41156 41541
41211 41258
41215 45941
41218 35264
41242 41802
41251 45683
41295 41181
41325 45886
41326 45702
41337 40770
41484 40409
41499 40937
41532 41289
41538 34451
41559 45330
41616 45596
41617 45595
41636 40807
41707 40917
41714 40168
41726 40925
41757 34506
41786 40673
41839 40670
41840 40669
41866 34071
41876 45004
41925 44959
41959 33942
42048 40246
42120 44891
42122 39973
42175 33381
42195 39595
42220 39541
42234 44669
42266 45128
42290 33456
42303 39867
42314 40140
42326 33377
42387 39328
42410 39518
42416 33294
42425 33325
42439 32307
42474 39705
42506 40015
42519 32469
42588 44813
42631 44775
42694 39805
42695 39806
42707 39693
42708 39692
42712 39795
42717 39668
42738 39773
42783 39464
42804 38973
42820 31593
42823 39407
42853 39531
42856 40283
42897 39375
42898 39376
42937 40156
42951 32087
42970 44602
42981 39457
43021 39052
43120 39268
43134 31614
43206 32610
43231 32367
43408 21575
43434 39053
43540 16081
43626 48001
43751 50677
43778 48050
43790 47825
43805 47770
43810 48019
43811 48018
43820 47800
43831 47695
43852 44101
43860 47964
43869 44083
43872 44078
43876 47743
43912 47597
43913 47596
43976 44031
44003 50391
44075 47319
44099 43741
44142 47182
44169 47336
44253 43461
44269 47144
44278 50168
44284 50125
44290 50113
44307 43589
44317 47195
44337 47236
44340 47168
44364 46955
44366 46956
44376 42650
44415 46887
44424 46910
44425 42584
44429 43410
44431 50019
44511 47358
44526 48924
44527 47190
44529 46903
44544 42809
44545 50082
44565 47007
44572 42769
44614 42885
44626 46934
44653 42646
44673 46632
44709 46892
44710 46891
44711 46881
44720 46507
44725 49910
44730 46879
44731 46860
44732 36490
44736 46547
44743 47174
44744 47173
44759 46826
44779 49873
44785 46621
44792 49734
44820 46733
44831 49667
44840 46575
44845 42502
44853 46581
44856 42845
44858 46650
44870 47056
44879 49811
44899 42762
44928 49553
44995 46202
44999 49525
45028 42285
45035 49478
45052 49479
45057 49460
45065 46132
45070 46126
45139 49562
45142 42061
45145 46030
45158 46393
45178 46211
45181 46127
45192 46443
45193 46380
45201 46183
45220 42131
45224 46407
45233 46466
45239 46145
45277 46280
45300 45881
45304 45940
45315 46013
45329 41900
45355 45882
45421 45745
45454 46116
45460 46338
45487 46034
45494 41638
45498 45880
45501 46366
45509 41864
45519 46044
45539 45578
45557 46054
45561 49101
45570 41813
45583 45583
45584 49075
45682 45878
45696 45800
45698 45677
45699 45676
45700 45659
45767 45666
45771 45608
45815 49076
45840 45304
45959 45591
45961 45761
45997 40961
46030 49052
46055 45501
46062 49068
46064 45014
46069 45492
46102 44985
46137 48653
46178 41068
46179 41067
46192 40828
46211 45403
46223 40577
46224 40576
46231 44824
46248 45415
46254 45027
46274 45271
46283 45161
46315 45231
46344 45204
46388 45323
46399 48355
46421 45054
46460 40321
46481 40465
46485 44785
46487 40462
46488 40461
46520 40377
46529 44800
46541 48488
46573 44801
46575 45259
46579 44856
46585 40325
46614 44819
46635 44982
46656 44749
46661 44796
46697 45398
46746 44773
46747 48227
46748 48228
46796 39593
46807 39543
46833 39396
46867 44704
46886 44667
46912 40197
46966 44631
46977 40003
46979 44596
47018 40049
47048 40028
47091 39688
47113 39663
47167 39295
47225 39696
47315 52640
47352 50893
47392 52649
47396 50804
47415 50666
47440 52626
47461 50966
47473 48019
47474 48018
47479 47986
47483 50801
47495 50921
47517 48005
47525 47935
47528 47743
47530 50529
47572 50713
47573 50713
47582 47718
47655 50376
47667 50420
47681 50344
47696 52373
47697 50325
47703 52377
47706 47431
47715 52360
47716 52359
47754 50725
47788 52300
47795 47516
47796 50426
47797 50425
47808 50617
47858 50537
47873 52292
47905 50081
47924 50065
47932 47413
47986 49966
47995 50011
47998 47374
48064 50201
48065 50201
48073 46931
48087 50064
48098 49793
48099 49792
48114 50312
48132 50052
48137 50049
48153 49772
48183 46779
48191 47098
48207 46926
48251 46877
48260 46871
48284 49601
48304 50013
48313 50018
48327 51966
48328 51965
48366 51944
48369 49531
48380 49519
48386 49510
48387 46694
48389 49483
48430 49473
48437 46640
48439 49434
48444 49886
48483 49761
48523 46849
48538 46557
48577 49619
48580 46370
48584 49445
48629 51822
48633 51917
48652 46307
48656 49298
48680 49489
48681 49488
48707 46088
48732 49322
48797 49417
48804 49129
48833 49377
48840 49207
48918 51593
48921 41500
48950 49257
48972 49457
49111 49085
49112 49084
49128 49102
49161 45972
49222 48959
49249 48818
49261 48939
49265 48657
49271 45597
49284 48917
49298 44926
49302 40966
49360 44841
49362 48788
49376 51180
49387 51171
49389 48752
49399 48740
49424 48666
49425 48779
49453 45404
49466 44952
49467 44953
49472 48691
49473 48690
49474 48436
49487 48670
49504 48517
49509 48498
49552 48627
49587 48619
49651 45341
49669 48198
49689 48471
49701 44470
49713 48808
49744 48400
49747 44715
49764 48366
49777 48362
49802 45141
49808 48738
49903 44356
49960 44878
49964 44871
50086 54006
50115 53975
50145 52621
50149 52540
50161 52741
50162 52740
50168 52735
50191 53901
50228 53859
50235 50495
50253 52449
50269 50744
50280 50387
50287 52497
50289 52398
50307 52373
50314 52374
50317 50652
50335 52346
50350 52335
50370 53735
50374 52566
50380 50425
50393 52291
50428 53669
50438 52324
50446 52436
50464 50452
50554 50171
50562 53599
50626 52042
50627 52041
50640 52172
50712 53450
50770 49858
50839 49728
50849 51947
50876 51814
50877 49623
50878 51909
50884 53347
50889 51967
50930 51872
50931 51873
50972 51773
51053 49567
51055 53202
51056 53201
51057 49533
51058 49532
51071 53264
51086 51772
51087 51766
51093 49355
51094 49356
51165 51639
51194 51377
51197 53118
51247 53150
51275 51586
51286 51251
51303 53158
51338 51425
51343 48938
51345 51561
51346 51560
51384 51442
51393 51417
51422 51393
51439 51408
51445 51272
51453 51489
51454 51488
51491 51283
51524 51196
51566 48324
51590 48813
51611 51212
51629 51467
51630 51404
51665 48510
51673 48358
51681 51396
51760 51269
51773 48334
51872 53987
51891 53926
51911 53961
51917 53925
51928 52743
51930 54032
51934 53887
51937 54847
51956 54823
51958 54814
51972 54778
51979 54827
51991 53814
52001 54762
52012 53795
52014 54757
52017 53757
52019 53761
52034 52553
52041 53910
52045 53763
52053 53854
52109 53682
52112 53771
52132 53670
52144 53642
52150 53621
52151 53619
52158 53615
52167 54658
52243 53666
52249 54652
52254 53779
52258 52353
52261 53633
52267 52339
52384 54506
52402 53408
52422 53511
52431 52052
52437 53498
52486 55181
52488 52031
52492 52054
52497 54412
52506 53490
52517 53378
52526 53413
52529 53436
52541 51969
52568 53293
52598 53296
52605 53352
52606 53353
52617 49421
52639 53286
52640 53123
52644 53305
52653 53284
52668 53272
52693 54274
52694 54273
52698 53273
52710 54265
52711 54264
52719 54256
52729 51416
52734 53218
52755 53144
52774 53171
52782 53161
52801 54184
52823 53045
52829 53070
52843 51600
52849 53030
52857 52881
52865 54140
52884 52919
52904 52938
52907 52988
52910 52947
52926 52989
52961 52839
52980 52933
52994 51122
53001 53127
53014 52929
53020 53112
53021 53111
53025 51193
53030 53102
53050 53062
53065 51337
53069 52870
53085 51139
53112 52819
53138 52889
53146 52797
53156 52788
53226 53990
53238 53962
53266 54866
53323 54745
53327 55328
53335 54728
53366 54680
53400 54650
53434 55295
53473 53655
53477 54629
53479 53646
53480 53645
53500 53571
53543 49839
53551 54591
53584 53438
53589 54517
53619 55150
53620 55149
53625 54491
53637 54449
53638 54448
53642 53365
53647 54473
53650 53458
53720 54305
53722 54245
53755 54307
53766 55052
53775 54231
53799 54216
53806 54137
53809 54237
53833 54220
53853 54210
53889 54167
53930 53013
53959 52955
53986 55426
53991 55765
53997 55415
53999 55767
54010 55418
54038 55394
54042 55357
54045 55416
54048 55414
54072 55406
54079 55382
54138 55655
54171 55244
54185 54639
54191 55259
54203 55221
54229 54555
54240 54539
54252 54453
54254 55161
54257 55177
54263 54441
54267 55169
54275 55158
54314 55057
54337 54360
54341 55053
54343 55012
54357 55532
54378 54358
54387 54989
54485 55763
54510 55419
54527 55704
54539 55716
54540 55715
54541 55716
54542 55715
54585 55676
54596 55304
54599 55670
54656 55230
54662 55261
54663 55625
54686 55596
54692 55590
54703 55580
54746 55536
54759 55530
54766 55837
54767 55043
54770 55519
54802 55494
54830 55983
54847 55753
54882 55666
54890 55911
54897 55902
54907 55891
54909 55883
54910 55890
54947 55843
54974 55821
54982 55533
55040 55942
55042 56183
55045 56180
55047 55930
55051 55925
55056 56085
55058 56083
55062 55902
55079 56061
55080 56055
55081 56054
55084 56044
55102 55821
55152 56097
55158 56177
55162 56164
55166 56173
55167 56174
55176 56163
55180 56062
55182 56249
55184 56065
55188 56160
55191 56156
55201 56142
55235 56270
55258 56251
55268 56241
55292 56366
55302 56309
55308 56303
55332 56339
55335 56337
55338 56390
55341 56361
55343 56363
55347 56350
55348 56296
55358 56406
55359 56391
55361 56389
55373 56410
55374 56412
55376 56404
55378 56431
55380 56430
55390 56426
