2963
30 1858
46 21042
49 2287
66 21040
76 1463
77 1849
83 2348
97 20640
117 2450
132 2466
198 1920
215 21023
273 21147
278 21158
339 2074
353 21145
412 2739
430 20848
445 20844
466 20845
487 20839
489 20869
490 20870
491 2476
501 2876
502 2878
507 20876
509 21287
523 20877
542 20910
548 21305
549 2331
564 20996
573 2275
583 2269
585 21316
586 21317
604 21006
607 2330
623 20976
643 2424
644 2425
675 21052
712 6786
714 21108
730 2592
784 2582
810 2612
821 21119
838 2644
853 2713
856 2658
882 2705
898 3520
923 3332
962 2759
971 2882
991 21583
999 3418
1056 2982
1057 2983
1082 3010
1096 3017
1100 3082
1122 3046
1126 21658
1146 21648
1161 21655
1166 39824
1183 3610
1199 21488
1256 21728
1284 3224
1287 3330
1301 3765
1315 3719
1339 21503
1342 21796
1355 3300
1378 4281
1379 4282
1382 3445
1383 3446
1385 4061
1427 3851
1508 21913
1512 21621
1523 4170
1535 3552
1539 21883
1551 21590
1555 4015
1564 21597
1606 3626
1616 3659
1626 3705
1638 4171
1664 3568
1686 3599
1728 3634
1745 4478
1762 3706
1772 3674
1778 22052
1783 3713
1785 3680
1813 3707
1825 21811
1845 3753
1916 4050
1937 3977
1964 3865
1965 4101
1974 3876
1990 4031
2001 4127
2019 3912
2021 22238
2055 21955
2056 4192
2057 21947
2088 22023
2106 5102
2110 4661
2117 4618
2127 4063
2167 4653
2196 4337
2221 22049
2258 22111
2321 4869
2330 22467
2337 4401
2344 22179
2366 4722
2379 5302
2380 4441
2413 4636
2436 4664
2501 4208
2521 5431
2538 4663
2543 5457
2545 4772
2587 22897
2609 4947
2612 5545
2644 22487
2691 4811
2693 22413
2723 22772
2724 4901
2735 22955
2750 5894
2759 4936
2804 5762
2817 23049
2836 5808
2843 5775
2871 22698
2872 22699
2880 5088
2888 23080
2932 5133
2946 6404
2973 22629
3011 5167
3048 5998
3070 6239
3077 23280
3098 6182
3105 23306
3106 23307
3117 5440
3135 5299
3140 5353
3141 5354
3160 6392
3180 22817
3191 5396
3240 5426
3243 23481
3275 22889
3285 5526
3334 4182
3344 6517
3350 6521
3359 6053
3360 9186
3365 5615
3382 5603
3408 23117
3438 22985
3441 23600
3495 5739
3499 6676
3508 23295
3552 23025
3556 5822
3582 23045
3605 5805
3644 5886
3655 23601
3709 23751
3711 6122
3737 23282
3768 5947
3799 6952
3851 6172
3857 6073
3873 6099
3880 6997
3889 6565
3898 6137
3921 7044
3978 6272
3998 6310
4023 6292
4028 6366
4034 6328
4054 23569
4056 23585
4086 14164
4132 23823
4133 23939
4136 23472
4137 23473
4178 7014
4202 24020
4350 6865
4360 7341
4436 7642
4444 23748
4446 7298
4483 7208
4535 7292
4610 7393
4644 7140
4685 7807
4702 7527
4759 7587
4769 24024
4770 7807
4791 7966
4819 24284
4825 7864
4870 24381
4875 24152
4925 8024
4956 8046
5050 7186
5098 8401
5115 24547
5120 8524
5167 8021
5168 7928
5230 24619
5231 24620
5232 8638
5273 8659
5282 8544
5373 8129
5574 8513
5621 8691
5635 8669
5745 8755
5812 8800
5817 7954
5818 7955
5823 9134
5856 7807
5916 8027
5928 8802
5968 8841
5999 9034
6036 8908
6042 8106
6097 9416
6132 8207
6162 9166
6352 24717
6368 9661
6514 25357
6540 10533
6591 25358
6631 7807
6672 10320
6764 9121
6797 10462
6806 9825
6807 9826
6820 10183
6824 10533
6968 9375
6969 9376
6972 10585
7010 25832
7083 9270
7092 10681
7160 10756
7169 10067
7198 10844
7206 10876
7266 10856
7275 10862
7280 10349
7288 25949
7380 10968
7406 7736
7511 11080
7543 9892
7571 11121
7613 11166
7674 11239
7683 11329
7687 10635
7696 26148
7852 10915
7855 11433
7876 6595
8144 11743
8146 11534
8230 11638
8408 11778
8552 11177
8561 11004
8601 11109
8663 11496
8694 11602
8727 11000
8739 11628
8755 12540
8774 11786
8870 11228
8889 11598
8979 11676
8980 11677
9011 12384
9112 26363
9113 26364
9161 12532
9172 11608
9216 11668
9248 11985
9453 12773
9454 12774
9491 12411
9524 12804
9536 12461
9595 13686
9596 12550
9599 26733
9615 12968
9688 12616
9701 26569
9722 12676
9782 12070
9805 13223
9830 13178
9839 13112
9853 12783
9878 10410
9899 12769
9906 13240
9917 12317
9988 13303
9996 12612
10025 11603
10054 13329
10221 13110
10312 13241
10415 13375
10569 13537
10573 13398
10728 14615
10743 13686
10744 13603
10790 13658
10811 13778
10852 13818
10905 13314
10906 13936
11015 12851
11272 14273
11326 13686
11347 14111
11433 11810
11445 14233
11453 14414
11723 14694
11797 14766
12021 15166
12028 14942
12245 15156
12564 15002
12585 15481
12604 15436
12635 14905
12761 15529
12794 30127
12845 15104
12849 15773
12850 28609
12851 15695
12855 15785
12861 15742
13030 15873
13049 15875
13075 15665
13118 15974
13217 15699
13267 16103
13285 16147
13455 15739
13463 16273
13505 15877
13528 16316
13557 16326
13707 28533
13815 16169
13914 16429
14172 16266
14196 17380
14228 16838
14301 16934
14307 17233
14308 17234
14342 16544
14382 29677
14384 17112
14477 17391
14552 17118
14558 17759
14588 17040
14632 29271
14639 17858
14651 16839
14820 17682
14871 17722
14912 17146
14960 16946
14997 17209
15043 18114
15133 18166
15224 17971
15239 18125
15418 17569
15523 18583
15531 18262
15577 18188
15623 18455
15646 18723
15663 18664
15715 18447
15827 17984
15969 30505
16019 18202
16106 13767
16218 18088
16415 18536
16523 18675
16682 19036
16683 19037
16773 18947
16925 18784
17110 19005
17111 19006
17168 30515
17275 19125
17278 19357
17511 19288
17948 34178
19270 2954
19506 20907
19515 31626
19519 20677
19537 20952
19551 20716
19560 31872
19574 21075
19577 31862
19579 20718
19597 20769
19600 31957
19606 31653
19611 21122
19614 21083
19626 31991
19630 20751
19650 21174
19651 21175
19674 31746
19698 2143
19742 31797
19791 32076
19792 32077
19795 31888
19799 31846
19823 21383
19824 21384
19838 32117
19876 21460
19877 21461
19896 31994
19916 3539
19917 32182
19918 32183
19919 21279
19924 32033
19964 21221
19981 31981
20022 21603
20030 32130
20063 21942
20088 32242
20091 21399
20103 21733
20104 21734
20160 21550
20162 21760
20168 21997
20183 32417
20219 32489
20223 32280
20227 32283
20263 22192
20265 22186
20266 22187
20269 22042
20274 32307
20279 21581
20282 22206
20299 21703
20311 21684
20319 21996
20323 21691
20340 21674
20379 21820
20392 22385
20402 32624
20414 32641
20439 21838
20449 22121
20450 22122
20461 32459
20473 21864
20487 21873
20507 21944
20562 22315
20564 22027
20584 32759
20609 22314
20663 22074
20677 32798
20704 32809
20710 22109
20720 22133
20724 22154
20755 22942
20756 22943
20815 22606
20845 22313
20865 22332
20906 22401
20933 22938
20951 22963
20965 32849
20966 32850
20990 32871
21001 22754
21059 22547
21069 33371
21082 22826
21084 22611
21085 22612
21096 33401
21100 22385
21128 23156
21132 23482
21133 23483
21150 33375
21158 33382
21184 23482
21185 23483
21186 23034
21213 22969
21214 23294
21221 22791
21222 23482
21223 23483
21250 23415
21282 23444
21295 23510
21311 33099
21321 33111
21333 22870
21338 23192
21410 33133
21446 22980
21462 23602
21463 23601
21465 22993
21499 33418
21502 23158
21515 33227
21525 22961
21530 23642
21545 6040
21549 23250
21564 23347
21609 23778
21626 23353
21656 23743
21672 33350
21692 33369
21704 23308
21741 33399
21760 23823
21761 23824
21821 33467
21908 24070
22032 23975
22033 24264
22048 23803
22049 23804
22050 33895
22099 7268
22103 33806
22163 34141
22167 34128
22203 33964
22223 24400
22234 24105
22242 34207
22266 34208
22267 34209
22293 24093
22302 34202
22345 24501
22386 24253
22394 24512
22401 24567
22430 34336
22449 24309
22582 24388
22604 7820
22709 34333
22823 24744
22847 34468
22928 25055
22961 24884
22963 25038
22964 25039
22978 34694
23054 25134
23120 8702
23123 25214
23204 34837
23234 25279
23268 25385
23298 25095
23321 25421
23348 24829
23370 35044
23375 34466
23406 34806
23492 25258
23538 25103
23539 25104
23665 25480
23690 25051
23697 10867
23706 25246
23731 25969
23783 26015
23811 26184
23813 26051
23814 26052
23828 26069
23829 26070
23864 35178
23880 10897
23884 26139
23903 26152
23905 26154
23912 25447
23938 26182
24104 25987
24149 35173
24180 10924
24205 26350
24226 25788
24230 25619
24256 11701
24276 10899
24304 35295
24369 25887
24373 35875
24404 25918
24406 7736
24425 11110
24435 35489
24511 26012
24517 26367
24545 26679
24581 26312
24594 35583
24617 12711
24622 26751
24638 26142
24675 26404
24716 26486
24767 26889
24769 26705
24826 12690
24828 27679
24839 26954
24842 12716
24863 12081
24881 26993
24888 12447
24894 27036
24901 27033
24918 26670
24954 27093
24960 26545
24972 11973
25000 26972
25007 26565
25026 27115
25049 27151
25060 27136
25071 12136
25101 26738
25120 13297
25128 27203
25129 27241
25164 27196
25222 27252
25224 13041
25297 27304
25305 27177
25320 26927
25358 27199
25368 27230
25369 27231
25404 13682
25448 27274
25500 13463
25515 27500
25584 27594
25615 27424
25646 27508
25649 13689
25655 27678
25661 27489
25696 14208
25698 13696
25701 13696
25718 13696
25733 27678
25737 27621
25738 27622
25803 27850
25834 27876
25839 27754
25894 27779
25916 27837
25921 27926
25926 27939
25930 27711
25941 14371
25947 27947
25979 14467
25982 14416
25983 14417
26009 27892
26014 27823
26023 28075
26071 14585
26104 28170
26106 14721
26149 27978
26175 27549
26176 27550
26239 26524
26242 28261
26255 14198
26260 14106
26299 28290
26324 13150
26408 28284
26409 28285
26461 28333
26498 28358
26507 28020
26535 28185
26536 28186
26542 28413
26578 28452
26579 28453
26581 28094
26610 28363
26611 28400
26619 28108
26620 28109
26625 28489
26626 15481
26633 15378
26637 28132
26643 28136
26644 28137
26673 15401
26779 15694
26790 28552
26791 28616
26793 37223
26857 28705
26865 37285
26912 28775
26938 28805
26939 28757
26940 28758
26961 15735
26990 28776
27040 15927
27066 28871
27067 28872
27128 29029
27166 16325
27167 37547
27172 29160
27174 28998
27196 28958
27224 29022
27241 29153
27246 29012
27252 29071
27303 16444
27304 16445
27327 16412
27340 29212
27396 28700
27421 16871
27425 28912
27478 16948
27519 29313
27526 29679
27538 29202
27548 16890
27554 17436
27556 29403
27562 16913
27610 28809
27626 29126
27678 28861
27687 17183
27730 29614
27732 29246
27738 17346
27744 29585
27758 29297
27765 29569
27793 29339
27798 29351
27799 29352
27861 29738
27872 29292
27893 17506
27926 17147
27963 29539
27980 29818
27992 17683
28015 17838
28016 17839
28038 17763
28039 29863
28070 30042
28071 30043
28076 17842
28081 17914
28087 18000
28095 17863
28117 17867
28151 29705
28156 17921
28183 29924
28252 30144
28262 30889
28286 30209
28287 30210
28455 30516
28478 18624
28479 18625
28507 17962
28524 18612
28535 30047
28561 18639
28563 30148
28605 18750
28609 30248
28633 18745
28634 18746
28671 30246
28672 18565
28695 30416
28712 18748
28713 18911
28724 30749
28730 18336
28731 18337
28737 18793
28744 30663
28752 30462
28793 19385
28817 18828
28835 18820
28846 18889
28854 19048
28863 19186
28874 30427
28903 19254
28946 18726
28967 18752
28980 19392
29001 19266
29010 30599
29014 19434
29018 19298
29027 18884
29036 30618
29061 19346
29087 19257
29127 30657
29230 30587
29365 19367
29857 31552
30435 39412
30444 39488
30447 39360
30448 31866
30454 39350
30460 39501
30461 39376
30471 31473
30491 39537
30520 31925
30544 39417
30567 39440
30575 31943
30581 32136
30617 39606
30672 39636
30675 31900
30684 39527
30695 31931
30699 39652
30703 32166
30731 39674
30761 39738
30765 39542
30770 32256
30827 39595
30840 32087
30863 39614
30871 32093
30887 32195
30903 32210
30909 32154
30923 39696
30928 32240
30932 32468
30934 32678
30935 29290
30937 32235
30940 39662
30948 32252
30955 32267
30974 39856
30985 32511
30988 32493
30990 40057
30995 32238
31016 32311
31017 32259
31020 39737
31037 32312
31042 32340
31043 21676
31045 32282
31066 32367
31083 39774
31096 32410
31115 32585
31121 32627
31130 32413
31155 32366
31156 32442
31157 32443
31173 32467
31186 32425
31219 39879
31223 32698
31225 32559
31233 32543
31236 32549
31279 44998
31282 32600
31283 32601
31307 32816
31308 32817
31320 32834
31334 40119
31402 32703
31403 32706
31408 32903
31418 40032
31425 32954
31441 33031
31449 32792
31457 33007
31476 32823
31484 33200
31603 33019
31653 33042
31660 33058
31675 33054
31684 32938
31689 33320
31697 40271
31709 33116
31723 33125
31730 33146
31731 33147
31732 33148
31734 33171
31735 33172
31737 40448
31738 33327
31752 33224
31756 33164
31758 33556
31764 33343
31766 33160
31767 33162
31784 33184
31815 33206
31853 33230
31874 33266
31885 33273
31897 33392
31899 23167
31907 33300
31919 40431
31920 40432
31925 33312
31938 33314
31943 33789
31950 33355
31951 33347
31977 23278
31978 33363
31987 40736
31991 33785
32027 33440
32055 33505
32086 33463
32118 33711
32119 33712
32144 33914
32192 33805
32199 33756
32285 33892
32332 40976
32335 40978
32345 33947
32358 33858
32359 34162
32366 34147
32401 33939
32412 34204
32413 34205
32427 34220
32508 34264
32521 34326
32564 34337
32565 34146
32586 34165
32637 34226
32699 24352
32711 34254
32720 24625
32728 24358
32739 34214
32760 34290
32761 34291
32771 41318
32779 34444
32807 34229
32842 34431
32884 41202
32885 41203
32902 34486
32943 34257
32944 34258
32959 34278
32967 34324
32998 41146
33012 34306
33014 34617
33041 34838
33054 34681
33060 34655
33061 34692
33073 34503
33111 34698
33127 24858
33129 34471
33136 34523
33141 41377
33214 34814
33227 34888
33237 34894
33256 34859
33355 34700
33369 34683
33417 35170
33438 35029
33462 35305
33482 34731
33483 34732
33490 35332
33491 35333
33520 35032
33579 35286
33582 35407
33596 34972
33628 35092
33672 35468
33686 35490
33695 35152
33723 35054
33769 35579
33838 35568
33839 35569
33874 35298
33923 35158
33935 35242
33959 35296
33962 35413
33967 41837
33983 42166
34010 35489
34102 35556
34106 35998
34130 36023
34133 35567
34138 35590
34155 26562
34156 26563
34180 35738
34213 35688
34220 35671
34225 36133
34229 26938
34241 35700
34255 26393
34277 36033
34298 36016
34302 36054
34303 36055
34304 35755
34312 26435
34317 26646
34338 36068
34370 36104
34376 35739
34380 35979
34386 35965
34401 36351
34403 36171
34409 36132
34411 36151
34428 36141
34438 42065
34448 35773
34472 27167
34478 36183
34479 36219
34482 36224
34490 36217
34491 36218
34498 35864
34500 26738
34527 35845
34529 36234
34532 27253
34549 36244
34591 36134
34608 36291
34624 36300
34626 36321
34632 35973
34652 36336
34668 36354
34700 36352
34711 35984
34722 36443
34748 36293
34813 36343
34815 27064
34827 36337
34854 36500
34869 36526
34893 36538
34947 36591
34961 36574
34975 36429
34976 36430
34980 27425
34984 36471
34985 36473
34989 36593
35014 36654
35043 36674
35077 36335
35079 27308
35103 27814
35116 36471
35143 27747
35164 36767
35173 36788
35174 36789
35180 36797
35188 36812
35189 27816
35192 36803
35195 36707
35196 36825
35206 36662
35209 36719
35212 36840
35214 36735
35228 36696
35266 36854
35280 27410
35314 36895
35331 36906
35355 36953
35357 36863
35375 36850
35389 36977
35394 36991
35402 36883
35404 36995
35413 36509
35414 28201
35422 28212
35431 37005
35433 28005
35437 37026
35457 36917
35469 28083
35477 37053
35485 37040
35494 28276
35499 37071
35514 28131
35560 37107
35561 37045
35570 37045
35578 37043
35615 37149
35628 27930
35659 36834
35671 27981
35699 28325
35700 36866
35716 37150
35717 28141
35726 37171
35746 37062
35747 37063
35761 37077
35762 28099
35769 37194
35776 37199
35777 37200
35792 37220
35811 37157
35815 37238
35818 37242
35859 37231
35861 37215
35887 37211
35904 37327
35938 28643
35939 28644
35940 28605
35961 37278
35962 37279
35963 28729
35966 37154
35969 37371
35974 37284
35980 37282
35988 37409
35990 28668
35996 28748
35997 28750
35998 37257
36002 37346
36021 28611
36031 37344
36059 37370
36103 37304
36124 37275
36136 37449
36137 28887
36145 37517
36149 37440
36166 37447
36183 37533
36267 29052
36291 37591
36334 37633
36379 28907
36380 29168
36392 37702
36411 29232
36418 37832
36419 37820
36437 37756
36438 29255
36453 29327
36454 37810
36460 29276
36472 29300
36486 29416
36487 29417
36499 37784
36548 37927
36569 37670
36577 38006
36584 37929
36603 37722
36605 37990
36606 37752
36622 29608
36623 29609
36635 43564
36637 29501
36648 38022
36663 29644
36676 29319
36698 29884
36733 29915
36737 29812
36747 37743
36759 38036
36761 38013
36823 37958
36861 29825
36864 38171
36865 37922
36871 29838
36872 29839
36889 29985
36895 38311
36908 38044
36936 38015
36939 29901
36973 30006
37000 38154
37012 38345
37020 38298
37042 38190
37085 38506
37126 38566
37137 38218
37145 30152
37146 30153
37152 38430
37190 38263
37199 38431
37245 38396
37258 30171
37260 30029
37275 30248
37277 38517
37299 38407
37309 30411
37334 30688
37360 38530
37365 30452
37387 30476
37402 30379
37425 30425
37436 30560
37467 30494
37482 30617
37486 30346
37522 38658
37528 30404
37533 30551
37566 30632
37578 38712
37584 38621
37609 38735
37621 38648
37627 38673
37648 38685
37664 38720
37765 30686
37781 38772
38483 44481
38512 39506
38523 44507
38530 44505
38531 39372
38541 44509
38547 44530
38564 44538
38576 39429
38601 39459
38619 39458
38636 39491
38638 39671
38639 39672
38645 39603
38646 39604
38674 44704
38683 44600
38696 39777
38710 44742
38722 39695
38727 44779
38732 39770
38750 39717
38751 44649
38760 44767
38784 44709
38819 48271
38833 44813
38869 39737
38898 44953
38900 39783
38901 39762
38911 39724
38913 44724
38922 39774
38923 39816
38964 39841
38973 39844
38974 39845
38981 44932
38986 39855
38987 44831
39002 39880
39003 44829
39007 44886
39018 40041
39034 40060
39035 44998
39040 39832
39045 44907
39059 44924
39074 40105
39077 44955
39090 45123
39105 40066
39106 40061
39128 44986
39136 40168
39145 40069
39153 40052
39154 45012
39159 45114
39167 45023
39170 40086
39172 40217
39175 40225
39183 45251
39184 45252
39201 40112
39204 40353
39208 40118
39216 45073
39218 40299
39230 40167
39244 45091
39252 40339
39255 40335
39256 40221
39265 45117
39280 40377
39293 45305
39300 40380
39302 45311
39337 40313
39364 40330
39400 40400
39408 40438
39414 40497
39435 45222
39465 45249
39474 45296
39484 40474
39485 40475
39535 45310
39545 40535
39563 45554
39577 40657
39589 40612
39594 40633
39616 40850
39617 40851
39618 45421
39621 40640
39622 40658
39630 40651
39660 45598
39675 45607
39688 40728
39706 45632
39708 45645
39711 40857
39733 40790
39734 40773
39735 40769
39744 40980
39754 40784
39778 40820
39797 45745
39805 41046
39816 45756
39822 40917
39832 33907
39836 41057
39856 40892
39867 34090
39875 40890
39884 45626
39894 40972
39895 40973
39913 41143
39997 41131
40003 41117
40004 41044
40009 41136
40026 41124
40034 41078
40043 41106
40066 41318
40146 41363
40172 41250
40177 41247
40178 45872
40181 41368
40196 45824
40221 41302
40225 41128
40246 41424
40247 34450
40253 41448
40257 41425
40266 41331
40287 34435
40292 34879
40303 41461
40307 41180
40317 34463
40361 41562
40373 34571
40380 41638
40399 41486
40404 41469
40431 41364
40432 41304
40433 41367
40442 41514
40447 41382
40478 34727
40479 41751
40484 41520
40485 41521
40508 41395
40578 41840
40582 35245
40623 41739
40681 41614
40754 46166
40771 41705
40772 41706
40783 41733
40791 35241
40796 41749
40808 41858
40884 41834
40896 41860
40899 35567
40912 42167
40944 35623
40955 41997
40970 42235
40971 42016
41002 42051
41003 42052
41013 41597
41029 35618
41051 35650
41061 42115
41066 42000
41071 42326
41078 42109
41101 42069
41132 36189
41137 42390
41151 42515
41159 42236
41161 42128
41162 42129
41167 42320
41207 42199
41210 42160
41226 36368
41227 36369
41228 42369
41229 42370
41256 36220
41278 36163
41285 42489
41297 42262
41360 42490
41384 42378
41395 42520
41400 42524
41403 36229
41417 42508
41440 42472
41445 42472
41449 42528
41473 42456
41485 36690
41507 42607
41522 46732
41535 42649
41547 36701
41566 36696
41572 42547
41577 42702
41590 36884
41591 42791
41610 42720
41617 42726
41630 36801
41631 36802
41671 36913
41676 42800
41690 42797
41691 42798
41695 42880
41699 42808
41705 42826
41706 42827
41722 37059
41724 36937
41744 42854
41766 42855
41774 42861
41792 42873
41800 42894
41811 42900
41815 37123
41816 42767
41819 42952
41829 42936
41842 42790
41850 42871
41894 42954
41901 37228
41904 43006
41906 43012
41908 42815
41922 37215
41932 42954
41937 43017
41959 37317
41962 42950
41976 43056
41977 43057
41982 43060
41991 43076
41993 43037
41995 37323
42001 43075
42011 43142
42015 43104
42036 43118
42037 43119
42051 37353
42052 43156
42058 43195
42061 43165
42065 37441
42097 37458
42114 43222
42137 43224
42151 43217
42153 43111
42180 37479
42193 43291
42205 43335
42206 37589
42212 37591
42230 43312
42264 37667
42282 37358
42287 43355
42314 37726
42330 37794
42348 43276
42369 37821
42383 43298
42416 37670
42422 43483
42423 43456
42429 37929
42433 43489
42435 43517
42439 43366
42444 37916
42449 43623
42459 43539
42465 37890
42477 43403
42516 37994
42517 37995
42521 43579
42523 43551
42531 43371
42557 43584
42558 43585
42569 38079
42572 37891
42576 43589
42588 43426
42603 38168
42610 38161
42616 43710
42625 43501
42638 43750
42642 43730
42648 38226
42653 43513
42674 43731
42675 38192
42678 43732
42711 43721
42721 43745
42722 38285
42723 38286
42724 43578
42741 38081
42742 43647
42749 43767
42753 43773
42767 38443
42789 43837
42790 38383
42791 38384
42833 38429
42862 43835
42866 43839
42887 38502
42896 38407
42903 38523
42908 43877
42916 43852
42934 38524
42935 38525
42948 38491
42958 38596
42993 38655
43016 43957
43035 38539
43063 38676
43074 43965
43083 44028
43105 38623
43106 38674
43112 43980
43119 38647
43134 44008
43145 44019
43146 44020
43155 38733
43203 44047
43207 44055
43211 44051
43656 48093
43664 44562
43666 44463
43678 44526
43679 44527
43700 44533
43703 48202
43711 44676
43724 44595
43727 48142
43728 48143
43729 48264
43730 48265
43743 44589
43756 44594
43765 48285
43777 48273
43782 44751
43787 48190
43795 48310
43811 44628
43814 48328
43815 48329
43844 44772
43872 48387
43891 48352
43901 48360
43909 44830
43927 48388
43928 44838
43938 48410
43945 48340
43960 44893
43966 44981
43967 44982
43968 45001
43970 44786
43972 48427
43992 48443
43993 44809
43999 48380
44000 44899
44019 44884
44020 44979
44021 44980
44025 48536
44030 44860
44036 48492
44037 45011
44061 40028
44074 40129
44101 45208
44113 48493
44130 51264
44140 45039
44145 48629
44154 45084
44166 45157
44167 45158
44169 45138
44183 48530
44244 48728
44246 45230
44251 40291
44275 48603
44276 48620
44277 48621
44314 48665
44321 45418
44323 45417
44338 45244
44345 48694
44372 48723
44374 45280
44379 45265
44380 45266
44393 45494
44396 45395
44397 45309
44417 45523
44420 45337
44426 40701
44427 48917
44428 48916
44449 45544
44455 48949
44457 45552
44462 40698
44468 48962
44479 48909
44483 45437
44488 45602
44508 45629
44525 45483
44558 45515
44570 45702
44571 45703
44572 45561
44573 45562
44588 45699
44589 45700
44606 49083
44622 49100
44626 49035
44634 40863
44638 45691
44655 49130
44656 49131
44699 45775
44706 45845
44713 45858
44766 45783
44799 49221
44830 45916
44843 49289
44871 41378
44873 41380
44875 45827
44882 45927
44901 41141
44910 45951
44932 45970
44933 45971
44955 49216
44956 45906
45050 46042
45069 46156
45094 46232
45112 46179
45158 46281
45162 46284
45167 46125
45168 46126
45170 46210
45215 49473
45217 46297
45220 41819
45221 41820
45224 49485
45240 46177
45247 49394
45256 41689
45263 46417
45283 46299
45323 49497
45325 46190
45346 46478
45366 46224
45367 46503
45408 46261
45414 41935
45442 46296
45457 46357
45462 42078
45476 46528
45478 46377
45485 46395
45487 49654
45496 46534
45507 46421
45509 42104
45526 46427
45530 42098
45542 46508
45546 42004
45547 42005
45550 46575
45551 46576
45552 46378
45555 46440
45569 42144
45629 46628
45643 46519
45659 46481
45686 42393
45696 42222
45719 46676
45731 46677
45741 46620
45749 42482
45769 46605
45789 46736
45793 42557
45804 46738
45805 42563
45807 46719
45808 46743
45815 46657
45823 46774
45830 46661
45836 42522
45838 46682
45846 46690
45856 46812
45884 46768
45894 46757
45912 46878
45916 46872
45934 46886
45939 46873
45948 46884
45953 46917
45958 50000
45963 46938
45971 46930
45973 46935
45984 42779
45991 46956
46004 46977
46006 42816
46008 42733
46009 46921
46013 46989
46024 42921
46045 47014
46060 46912
46064 42930
46066 46914
46079 46874
46099 42904
46108 42993
46117 47068
46128 42995
46129 42996
46141 47074
46142 47001
46151 43020
46153 43054
46154 50100
46173 47055
46178 47095
46187 47109
46217 47167
46226 47134
46231 47136
46259 47208
46329 47216
46336 47242
46338 47234
46354 47262
46369 43382
46376 34362
46390 47361
46406 47133
46415 43354
46421 47315
46437 43481
46439 43418
46441 43387
46454 43526
46455 43527
46460 47275
46462 43201
46467 43495
46480 43496
46482 43629
46486 47305
46487 47303
46488 47304
46508 47449
46511 47332
46524 43596
46525 43597
46537 43559
46553 43709
46561 43674
46576 47516
46581 43523
46585 47531
46589 43488
46591 47397
46596 43790
46605 43643
46610 43688
46636 47571
46638 47499
46663 43550
46668 43740
46669 43563
46678 43577
46681 43741
46698 47593
46709 47575
46713 47458
46714 47459
46745 47576
46755 47492
46762 47594
46768 47596
46783 47566
46786 47606
46788 43879
46792 47572
46798 47639
46804 47587
46822 47538
46832 47741
46846 47607
46848 47598
46859 43959
46874 43979
46882 47646
46894 47657
46895 47698
46904 44005
46914 44024
46917 43932
46928 43994
46929 43995
46930 44012
46936 43898
46937 44003
46942 44029
46951 43914
46985 47713
47005 47733
47044 47738
47045 47739
47064 47746
47065 47747
47509 50943
47511 50945
47518 48229
47522 50895
47523 48243
47531 50970
47534 50984
47546 48260
47551 48179
47558 50925
47561 50924
47573 48165
47576 50928
47577 50929
47596 50998
47606 48314
47620 48293
47622 50963
47628 50953
47632 51001
47635 51034
47654 48279
47661 51051
47666 48290
47701 51068
47703 44805
47705 48292
47707 51031
47716 48491
47718 48318
47721 48335
47723 48446
47730 51065
47732 48331
47733 48517
47741 51104
47743 48350
47747 48447
47764 48371
47765 48372
47783 48398
47788 48470
47796 48487
47816 51168
47839 48584
47840 45207
47853 51157
47854 51158
47865 51235
47875 48580
47876 48515
47889 48523
47891 48593
47905 48679
47906 48612
47908 48535
47912 51261
47926 48568
47936 48587
47937 48588
47941 48595
47942 48596
47950 48610
47955 48770
47980 48613
47984 48636
47992 48594
48002 48688
48039 51304
48048 48767
48049 48768
48058 48897
48086 48927
48097 48922
48099 48938
48104 48826
48105 48827
48107 49071
48114 48971
48115 48972
48122 48877
48126 48994
48129 48979
48144 49016
48159 48849
48163 48929
48185 49071
48201 49084
48205 48891
48217 51478
48219 48918
48226 51424
48227 49100
48236 49004
48253 48968
48254 49011
48272 49048
48277 49050
48282 49049
48308 49029
48309 49030
48312 49119
48322 49025
48325 45684
48326 45685
48330 49042
48331 49043
48346 49068
48350 49072
48353 45836
48380 45825
48401 49186
48435 49134
48456 49141
48459 49269
48468 51632
48482 49288
48491 49259
48494 51614
48501 49337
48539 49200
48540 49210
48546 49211
48551 49362
48558 49396
48567 49315
48568 49402
48586 49420
48587 49323
48616 49459
48617 49460
48624 49365
48626 49284
48632 49302
48641 49442
48648 49313
48652 51744
48702 51687
48708 49538
48731 49377
48749 49604
48808 49449
48834 49710
48835 49532
48836 49714
48860 49559
48900 49587
48910 49715
48913 49556
48917 42347
48926 46389
48934 49675
48942 49747
48950 46499
48953 49612
48955 49749
48973 49622
48987 49776
48988 49777
48990 46500
48997 10386
48999 49786
49010 49754
49013 49784
49042 49734
49044 46577
49047 49736
49051 49702
49069 49836
49077 49701
49082 46523
49115 49879
49122 49889
49142 49770
49166 49824
49169 49882
49170 49883
49173 49930
49196 49898
49197 49920
49200 49920
49211 49932
49212 49933
49253 49972
49267 50012
49277 49991
49281 46909
49289 50015
49312 46928
49338 46950
49344 50029
49351 46976
49355 50046
49356 50035
49383 50062
49385 46978
49388 50040
49390 50030
49404 50066
49417 50118
49421 50109
49422 50110
49428 50058
49429 50135
49440 50122
49442 50065
49447 50053
49454 50083
49463 50101
49465 50136
49466 50137
49467 50098
49474 47093
49482 50100
49485 50074
49491 50166
49513 47147
49517 47114
49533 47122
49534 47123
49548 47096
49561 50221
49562 50222
49571 47163
49592 47213
49604 50245
49612 50252
49628 50145
49651 47311
49653 50351
49656 47285
49671 50327
49674 50249
49676 50328
49705 50359
49709 50381
49713 47372
49724 50346
49728 50405
49735 50363
49736 50318
49737 47463
49746 50365
49748 50407
49769 47455
49785 47498
49799 50428
49800 50429
49802 47517
49820 50397
49840 50494
49841 47494
49842 47495
49845 50417
49852 47409
49858 47513
49865 52403
49870 47525
49875 50501
49908 50540
49911 52430
49912 50522
49917 50603
49924 47610
49931 47574
49936 47507
49938 47506
49939 47605
49950 47648
49951 47649
49956 47623
49970 47640
49980 50641
49981 47645
49985 47633
49986 50565
49987 50557
49988 50558
49991 50554
50009 47675
50017 47669
50022 50605
50035 50587
50039 47727
50062 47722
50072 47642
50095 47723
50096 50621
50098 47659
50107 50633
50116 50642
50157 50645
50449 50900
50457 50925
50458 52661
50467 50997
50469 50946
50473 50938
50486 52681
50487 52682
50488 50963
50490 51027
50506 51039
50511 51011
50515 51016
50521 52723
50534 52741
50543 51091
50553 51107
50554 51084
50561 51061
50564 52754
50568 51170
50569 51171
50576 51134
50580 51179
50581 51199
50583 51142
50584 51143
50591 51087
50598 52793
50606 51152
50617 51174
50630 51195
50631 51186
50640 52824
50648 51169
50653 51220
50654 51283
50657 51189
50675 51256
50676 48614
50692 52839
50707 51240
50712 51252
50733 52871
50737 52879
50741 54028
50748 51316
50754 52889
50768 51310
50773 51329
50784 48957
50786 52972
50792 51429
50806 51394
50816 51397
50817 48929
50844 51413
50862 48953
50904 51485
50917 53043
50918 53044
50926 51480
50936 51456
50944 51470
50945 51476
50959 49079
50961 53058
50965 51540
50968 51492
50980 53028
50982 51583
51005 51512
51024 49246
51041 51651
51057 49199
51059 51697
51060 51698
51073 51588
51074 51589
51080 51713
51081 51714
51114 51724
51130 49521
51151 53245
51152 51783
51212 49478
51215 51737
51219 49609
51234 51879
51235 51880
51257 53249
51266 51914
51271 51805
51282 51855
51290 51828
51291 51936
51312 51935
51313 51975
51341 51901
51346 51970
51365 51919
51366 51985
51376 52013
51382 51947
51389 51949
51393 49946
51395 52008
51396 49900
51399 52013
51403 52017
51412 52021
51453 52069
51474 52056
51475 52057
51496 49985
51545 52114
51552 52105
51559 52119
51561 52125
51566 50142
51580 52127
51583 52141
51584 52142
51597 52162
51605 52167
51613 52149
51635 52169
51660 50274
51667 50265
51668 50203
51672 52212
51674 52218
51682 50285
51691 50276
51693 52242
51712 50309
51719 50344
51730 50296
51737 52232
51744 52301
51748 50363
51754 52249
51757 52292
51760 52283
51764 52297
51765 52295
51776 52303
51784 52316
51786 52300
51798 52280
51801 52333
51810 52338
51812 50397
51825 52342
51826 52343
51847 50442
51857 52313
51876 50540
51877 50526
51886 50542
51896 50543
51902 52399
51907 52387
51913 50503
51949 52440
51951 50605
51953 50575
51955 52418
51963 52428
51965 52453
51976 52455
51977 50622
51978 50615
51983 52460
52002 50632
52231 53872
52233 52666
52240 53860
52242 52677
52255 52724
52261 52720
52266 52693
52269 53879
52273 53877
52280 52717
52285 52712
52287 52709
52305 52734
52311 53919
52317 52755
52325 51131
52337 52817
52341 52773
52356 54003
52358 48586
52364 53967
52365 52811
52376 52820
52377 52821
52386 52826
52392 53995
52395 52810
52398 53972
52402 53980
52403 54006
52406 52857
52407 52831
52409 52828
52416 52839
52417 52840
52426 52847
52427 52848
52429 52859
52432 53996
52434 52852
52435 52853
52440 52884
52445 52866
52447 52892
52448 52877
52449 52869
52460 52904
52463 54028
52477 52902
52478 52903
52486 54055
52488 52942
52512 52962
52527 52979
52528 52966
52531 52973
52532 53016
52539 53017
52550 52994
52572 53090
52574 54167
52595 53079
52600 53068
52601 53070
52605 53031
52613 53081
52622 53146
52623 53047
52631 51603
52637 53069
52646 53065
52654 53071
52662 53086
52669 51669
52670 51670
52696 53190
52725 51690
52763 53213
52765 53201
52773 53235
52776 51756
52792 51760
52802 53258
52811 51796
52818 53337
52828 53353
52845 53345
52853 53288
52856 53379
52870 51903
52878 53331
52893 53395
52894 53393
52898 52004
52906 53404
52907 53405
52920 53417
52921 52028
52922 52029
52934 53410
52938 52058
52955 52077
52971 53463
52972 53464
52985 53452
53007 53492
53040 52200
53056 53507
53057 52223
53068 53545
53070 53533
53078 52231
53106 53544
53119 53615
53123 52271
53124 53628
53126 53625
53133 53606
53144 54511
53148 53578
53158 53583
53165 52262
53168 53619
53175 53653
53178 53608
53183 52284
53189 52342
53190 52343
53192 53646
53195 53626
53228 53671
53231 52336
53247 52410
53251 53672
53261 52392
53267 53708
53271 52439
53279 53711
53282 53731
53291 53732
53297 52450
53302 52424
53310 53740
53467 54691
53469 54695
53473 53887
53499 54724
53503 54725
53517 54715
53531 54717
53544 54745
53549 53970
53554 53951
53558 53985
53563 53963
53568 53978
53570 54792
53572 53971
53595 54014
53601 54813
53607 54027
53616 54040
53647 52952
53650 54081
53652 54079
53664 52987
53666 54104
53670 54105
53671 54123
53688 54873
53692 54160
53711 54143
53713 54135
53717 53048
53723 54169
53726 53114
53734 54219
53735 54220
53766 53128
53789 53150
53791 53147
53839 54269
53851 54289
53889 54298
53890 54299
53907 54364
53921 54339
53956 54373
53971 54370
53972 53388
53979 53423
53982 54394
53983 54395
53988 54403
54003 54425
54029 54434
54036 55066
54057 54468
54061 53509
54079 53546
54080 53547
54108 54507
54111 53591
54117 53592
54134 53595
54138 53634
54152 54530
54162 53663
54164 54544
54170 53682
54171 53644
54180 53704
54181 54538
54184 54547
54185 54548
54186 54549
54191 53683
54196 53720
54198 53694
54200 54553
54201 54554
54209 54570
54218 53714
54223 52462
54226 53736
54227 54579
54229 54566
54233 52472
54377 55194
54387 54702
54389 55200
54395 54708
54399 54724
54408 54753
54417 55212
54431 54750
54432 54751
54452 54774
54453 55235
54464 54783
54486 54834
54487 54835
54504 54825
54513 54840
54517 54842
54538 55291
54549 54903
54563 54892
54590 54926
54616 54264
54628 54965
54649 54992
54666 55021
54680 55041
54689 54418
54693 54427
54715 54449
54724 54445
54734 55072
54744 54462
54751 54472
54771 54499
54772 54500
54787 54533
54804 54559
54805 54556
54815 54565
54821 54572
54823 54566
54907 55524
54908 55528
54913 55525
54918 55530
54919 55531
54920 55220
54921 55536
54925 55210
54936 55546
54960 55253
54963 55249
54984 55271
54991 55605
55000 55284
55010 55294
55031 55334
55059 55361
55062 55353
55067 55359
55078 55378
55079 55370
55088 55016
55117 55419
55118 55068
55131 55103
55132 55104
55133 55109
55135 55112
55141 55445
55146 55453
55147 55126
55156 55473
55158 55128
55162 55140
55163 55475
55220 55522
55221 55532
55230 55751
55246 55753
55247 55558
55260 55580
55280 55785
55295 55625
55311 55630
55335 55377
55343 55664
55347 55665
55361 55687
55364 55426
55375 55697
55377 55440
55383 55468
55384 55463
55385 55470
55386 55452
55456 55758
55459 55753
55469 55895
55476 55775
55483 55785
55515 55801
55519 55650
55526 55811
55530 55814
55534 55820
55538 55689
55539 55825
55547 55696
55551 55836
55552 55707
55594 55871
55605 55877
55610 55977
55611 55976
55615 55890
55643 55798
55654 55929
55662 56029
55663 55935
55665 55939
55677 55835
55678 55945
55681 55947
55683 55840
55714 56053
55720 55988
55722 55989
55737 55921
55757 56034
55758 56036
55760 55944
55792 56058
55794 56056
55800 56098
55817 56016
55818 56017
55821 56031
55822 56032
55823 56033
55853 56111
55866 56118
55878 56131
55879 56133
55889 56151
55891 56153
55892 56154
55903 56161
