1459
116 18893
236 30307
278 18720
279 18708
291 29723
412 18848
548 18488
572 29601
623 19390
803 17757
821 19456
923 18167
924 29755
925 29754
999 18081
1037 18009
1059 18866
1090 29652
1091 29649
1100 17637
1129 17579
1146 17901
1167 17985
1256 29764
1291 16586
1382 18664
1431 17196
1527 17717
1535 18508
1551 18723
1556 17799
1562 17806
1750 17633
2027 16883
2112 16545
2139 18248
2330 28988
2338 29054
2600 16758
2708 16676
2741 16590
2823 28739
2836 16491
2944 17118
3093 17003
3094 17002
3117 15549
3140 16945
3141 16944
3144 16064
3229 15628
3244 15794
3321 16747
3334 18077
3365 16716
3370 16697
3433 15405
3447 16643
3508 28309
3557 16561
3616 28216
3707 16200
3709 15714
3711 16187
3799 15275
3800 30095
3802 15369
3855 16357
3857 16243
3863 27742
3870 46711
3898 16201
3978 16180
4134 14818
4194 28076
4436 14702
4464 27816
4483 14489
4523 15223
4727 14245
4776 18959
4862 27869
4870 14555
5425 27297
5520 13466
5521 13465
5914 13118
6187 13872
6218 13596
6463 13943
6544 26174
6667 13741
6797 12463
6820 12091
7012 25999
7013 25998
7044 25652
7124 12900
7139 12875
7406 2709
7511 11821
7674 11694
7776 55202
7882 11349
8092 11159
8230 11063
8353 11020
8522 10848
8586 10794
8815 10072
8960 24628
9131 8685
9161 10216
9173 27404
9235 21276
9351 9953
9395 24698
9532 9904
9536 8367
9576 23900
9641 42075
9732 23655
9833 9570
9906 9498
10034 9386
10068 7589
10109 9316
10215 9074
10221 23733
10240 23362
10241 23361
10305 23709
10433 7373
10688 7731
10704 6457
10782 6379
10794 23306
10795 23305
10942 23224
10973 7301
11245 28721
11268 8573
11270 8155
11419 6492
11835 5755
11899 5444
12439 7437
12444 22095
12485 6665
12529 6134
12530 4646
12531 4645
12564 4613
12761 6291
12762 5360
12892 6242
12893 6241
13001 6445
13058 5907
13073 6385
13075 4888
13077 21782
13098 21861
13118 6368
13267 6154
13334 6135
13505 21554
13528 5948
13590 21429
13771 5634
13775 21332
13897 21186
13922 3298
13955 21278
14145 6099
14171 2761
14205 4636
14296 4832
14477 5851
14537 3493
14658 4820
14659 4710
14930 2124
15087 5266
15186 3953
15372 20107
15700 3661
15747 3025
15956 956
16045 2795
16084 3675
16629 1503
16682 2209
16818 3006
16970 1207
16971 1206
16988 1945
17118 1079
17119 1078
17352 20406
17655 40763
17790 1663
18026 14532
18073 2917
18145 153
18247 19793
18248 19794
18263 19567
18264 19568
18315 591
18436 361
18617 20128
18720 455
18829 3131
19168 1114
19301 2605
19494 30174
19537 19114
19560 30350
19580 30378
19611 30289
19650 30236
19681 29918
19682 6057
19727 38112
19734 30147
19754 30649
19755 30648
19807 30478
19848 29752
19901 30604
19902 30605
19919 29786
19920 29785
19950 29979
19963 37728
19964 19327
20000 18489
20081 30314
20100 30322
20104 29747
20125 17617
20185 30206
20223 30186
20240 37708
20352 28885
20359 30188
20376 30019
20461 29985
20529 14088
20558 29213
20569 17015
20634 29090
20686 37387
20687 29061
20704 37336
20751 17907
20829 17851
20844 28932
20874 37254
20875 37253
20890 37048
20906 17679
20962 16642
20966 37659
21001 36955
21084 17209
21085 17207
21099 14204
21134 29301
21167 16355
21200 29285
21221 29249
21282 28641
21321 29140
21418 29063
21425 28456
21446 29048
21502 16331
21530 28366
21545 16260
21626 28115
21672 28872
21747 28393
21748 28392
21761 28109
21809 28735
21852 16047
21884 40914
21942 27929
22033 14899
22049 42200
22110 14714
22173 27876
22234 27623
22309 15106
22320 36284
22323 27434
22360 35842
22374 14743
22478 35707
22582 35905
22736 27685
22750 14273
22819 35868
22896 27425
23007 26542
23112 35433
23188 26213
23189 26212
23204 35591
23563 12471
23628 34969
23693 12003
23734 26326
23967 12903
24114 26087
24149 12583
24162 34418
24177 11485
24189 25850
24194 11448
24195 11447
24196 25839
24207 34402
24231 34399
24284 25786
24406 2709
24545 25534
24581 34503
24617 10628
24618 10426
24716 34450
24767 10178
24826 10074
24828 10263
24839 25189
24855 10049
24860 25143
24861 25142
24894 25144
24923 33790
24954 25067
25008 25062
25039 9668
25083 24737
25084 24738
25091 9445
25128 9535
25133 10298
25164 10631
25436 33868
25486 9870
25500 24336
25596 9448
25644 10631
25709 23245
25710 9947
25711 9946
25876 9954
25881 24004
25910 23126
25916 24248
25926 9238
25963 9174
26065 33339
26134 8479
26164 23612
26169 8771
26326 23938
26409 23697
26462 32892
26464 8266
26595 34560
26609 33081
26611 23181
26637 39725
26664 21906
26701 32486
26759 21910
26779 23118
26784 7674
26791 23049
26801 22749
26857 23058
26913 23764
26939 33015
26940 33014
26971 32654
27166 5938
27170 22562
27179 22451
27190 6484
27196 22462
27220 22437
27346 7469
27396 31920
27504 22872
27529 21743
27548 21677
27556 22465
27643 6466
27661 22009
27686 5296
27980 21820
28037 21679
28049 22796
28103 21707
28262 21342
28274 3764
28290 4462
28291 4461
28302 21534
28432 21327
28573 21328
28634 2866
28744 4802
28767 20346
28768 20327
28769 20326
28784 4904
28828 4137
29126 20516
29148 1693
29167 4449
29187 21028
29203 20682
29204 20683
29266 20203
29284 3419
29366 20001
29407 29068
29486 20173
29502 2972
29520 19838
29643 20003
29667 19894
29674 19782
29763 20234
29835 19739
29942 3112
29992 867
30067 21105
30218 19623
30274 667
30459 38354
30460 38287
30575 38112
30617 38092
30641 38523
30651 38069
30684 38393
30703 38002
30754 43368
30765 30460
30767 38320
30794 37918
30798 38407
30863 30320
30876 38265
30905 37803
30917 30240
30963 37812
30971 37580
30972 37579
30974 43352
30988 37722
31028 37696
31029 37695
31121 37624
31123 37575
31125 43296
31126 29436
31130 30042
31154 30139
31156 38032
31173 29970
31177 37716
31282 29897
31307 37392
31353 37324
31377 42924
31394 29663
31400 43055
31418 37799
31479 29530
31484 37367
31485 37366
31534 42964
31535 42965
31536 42963
31539 42972
31559 37123
31644 29266
31691 37008
31694 46868
31697 37447
31709 37473
31710 37472
31718 29189
31723 37463
31730 37451
31732 37450
31738 36951
31750 37416
31764 37002
31767 29104
31815 37363
31894 36899
31897 36786
31907 37303
31917 16349
31919 28904
31920 28903
31925 28960
31937 28896
31938 28895
31946 16301
31948 44584
31950 28945
31977 28897
31987 36953
32005 37207
32016 37226
32064 28774
32118 36667
32119 36666
32201 36702
32323 36451
32334 27896
32366 27883
32413 27787
32449 28821
32495 27698
32508 27736
32530 36446
32566 41939
32586 35964
32702 35919
32720 35908
32760 35761
32761 35760
32812 36098
32884 27517
32902 35869
32912 35862
32943 46225
32959 41716
32967 35298
33064 27530
33095 36082
33111 26734
33147 41815
33180 12925
33210 25979
33218 35301
33261 35127
33268 26834
33303 41587
33355 41393
33369 41444
33460 12511
33497 41481
33627 26808
33733 6485
33746 35775
33806 26443
33869 35070
33967 41157
34106 34915
34130 25602
34210 41014
34277 34659
34302 34619
34303 34618
34337 25650
34338 25651
34372 25610
34375 25601
34376 33760
34411 25005
34480 40562
34482 34459
34489 24819
34498 33630
34538 25388
34587 25182
34641 34333
34662 34271
34675 24819
34771 40370
34826 34142
34946 24819
34959 24819
34981 33712
35012 24969
35043 24850
35082 24819
35093 40200
35103 9427
35144 40456
35153 24760
35170 34109
35196 9223
35208 24701
35266 24596
35267 24597
35268 24595
35269 24576
35325 24524
35372 24499
35375 24193
35394 24418
35404 24424
35409 8834
35422 8713
35458 33604
35485 34165
35493 24289
35543 24218
35560 24261
35596 34050
35597 24167
35612 32585
35626 24149
35630 23678
35656 32714
35670 39996
35811 46265
35850 23754
35880 23977
35939 33197
35940 33113
35967 33406
35978 39640
35996 33237
36153 22588
36204 22580
36291 32784
36334 32794
36335 32766
36606 39207
36615 39485
36636 32495
36663 32832
36804 31461
36861 32274
36871 32259
36872 32258
36895 32619
36917 32282
36989 20335
37012 32395
37021 28783
37044 31978
37055 32157
37056 32156
37057 22555
37058 21384
37059 21383
37222 32124
37239 31921
37301 38673
37309 31886
37343 31999
37368 21856
37387 31513
37395 31260
37400 22200
37414 31203
37540 21581
37608 31819
37649 31718
37669 31663
37670 31662
37692 19732
37697 19736
37701 21355
37708 38645
37733 30802
37734 30801
37817 21244
37887 21587
37932 30986
37938 21532
37970 21082
37983 31001
38015 32067
38033 20867
38080 30989
38131 30755
38211 30863
38217 30825
38221 31870
38247 21049
38250 30800
38257 30958
38322 31753
38380 31723
38416 20857
38458 20646
38601 47411
38723 43368
38751 43704
38760 43439
38763 43461
38784 43626
38818 47145
38833 47330
38838 43387
38857 43379
38886 47129
38914 47073
38918 47266
38919 47267
38951 47078
38958 47116
39003 43550
39009 47037
39021 43477
39042 43459
39070 47105
39083 47123
39106 47011
39153 37781
39154 43322
39159 47087
39170 43344
39184 43084
39197 47056
39198 47055
39204 43137
39218 42972
39235 46901
39253 42986
39265 43219
39272 43225
39273 43217
39314 42838
39321 47204
39337 43178
39349 42565
39368 37378
39394 43142
39400 37369
39408 43056
39420 46726
39436 46889
39465 43066
39545 43013
39650 42582
39679 46699
39680 46698
39687 42338
39688 46547
39708 42505
39816 42391
39824 42182
39834 42620
39885 36439
39956 41842
40026 42018
40033 42019
40146 36109
40177 46286
40200 46108
40256 41866
40257 41865
40258 41449
40303 41838
40329 46032
40350 46082
40508 45934
40518 41759
40529 41339
40544 46100
40545 41571
40578 41652
40582 41510
40599 11831
40678 35286
40702 35370
40781 41110
40919 41267
40944 40814
40954 45654
40959 41014
40976 34725
41071 41133
41076 34797
41137 34484
41177 40825
41228 40940
41245 45248
41344 34496
41433 40559
41440 45298
41445 45298
41464 45294
41485 41071
41517 24797
41522 45244
41609 40799
41610 40636
41611 40634
41612 33967
41617 40816
41671 33857
41676 40721
41682 45066
41696 34122
41722 34146
41767 40706
41787 44874
41906 40221
41943 40191
41998 40125
42041 40124
42043 39927
42100 39837
42137 40022
42193 40102
42303 44464
42310 33536
42329 33433
42369 39842
42371 44415
42382 44471
42516 39596
42523 39635
42556 33168
42569 39512
42588 39062
42589 32820
42625 38965
42737 39521
42865 39385
42899 31922
43090 38936
43113 32127
43115 39261
43153 38943
43166 38952
43201 39199
43214 38781
43305 39109
43453 38792
43492 39317
43493 39311
43525 38728
43598 39245
43733 47494
43775 47469
43777 47465
43812 47435
43844 47379
43872 47436
43883 47349
43913 47329
43936 50200
43942 47074
43970 47512
43993 47491
43999 43500
44021 47197
44030 43535
44036 47186
44117 50164
44122 47122
44145 47163
44183 47260
44206 43028
44208 47300
44221 47300
44241 47019
44244 47004
44257 46985
44276 47176
44277 47175
44292 51995
44305 46941
44379 43045
44380 43046
44396 49972
44417 42698
44420 43004
44422 43003
44427 46864
44428 46863
44436 46747
44457 42627
44488 42554
44508 42523
44572 46629
44623 46569
44624 46568
44639 46546
44655 42373
44656 42372
44707 46607
44747 49618
44768 42249
44807 46615
44813 46204
44830 46371
44859 46327
44869 42266
44875 49522
44906 46378
44914 46562
44932 49498
44933 49497
44944 46561
44946 46345
44947 46346
44957 46534
44973 46530
45043 42059
45054 46252
45055 46161
45080 46215
45112 46097
45143 46157
45145 45834
45217 46053
45233 46197
45340 41574
45391 49144
45414 45689
45420 45110
45426 45868
45451 45857
45476 45807
45492 45813
45496 45791
45527 45408
45529 49065
45551 45765
45590 45656
45591 45655
45601 45513
45629 45675
45684 45737
45741 45367
45749 45479
45769 48729
45774 45128
45778 41035
45815 48654
45830 45058
45836 45265
45838 48650
45845 45015
45881 45212
45918 48743
45934 45370
45959 45353
45962 48712
45963 45415
45968 40909
45984 45316
45996 45280
46013 45409
46024 40804
46027 48531
46034 45384
46045 45356
46046 45059
46089 40871
46090 48880
46153 45079
46175 48588
46187 45089
46198 7373
46208 45317
46219 45006
46286 44979
46292 40667
46296 40678
46319 40315
46421 44820
46589 47965
46633 44627
46669 44097
46681 44526
46718 44444
46737 44549
46744 44527
46776 39989
46786 44339
46798 44468
46803 39472
46805 44439
46839 47793
46855 39606
46915 38663
46917 44058
46928 44286
46930 44358
46948 44276
46956 39744
46964 39729
46978 44212
47052 44046
47060 47866
47077 44030
47085 39396
47086 39395
47091 47728
47114 44607
47128 39310
47132 39553
47133 39552
47256 38734
47268 43970
47370 43889
47374 44407
47380 39071
47418 44377
47419 44353
47509 50499
47531 50519
47545 50472
47574 52268
47576 47658
47577 47657
47607 50435
47609 50520
47613 52270
47620 50407
47635 52282
47662 50314
47678 52159
47705 50506
47718 50494
47720 50201
47732 50480
47743 47509
47748 50279
47765 50461
47780 47281
47808 50376
47844 47301
47846 52145
47876 50318
47889 50305
47926 50278
47950 47203
47967 47173
47986 52016
48014 50002
48023 50192
48034 51946
48055 49987
48057 50150
48067 51919
48097 49951
48122 49895
48129 49911
48135 46551
48193 49653
48206 46357
48228 49798
48279 46707
48290 49643
48295 49718
48305 49637
48322 49614
48325 49591
48326 49590
48331 51762
48337 46485
48338 46484
48347 51737
48378 49569
48380 49721
48397 49702
48403 51716
48454 51773
48458 49428
48486 51747
48501 49645
48502 42239
48516 46535
48533 51695
48551 51688
48558 49568
48574 46481
48617 46210
48627 46185
48635 49486
48722 49476
48732 49408
48772 49159
48790 49136
48791 49135
48819 51439
48895 49084
48910 49234
48934 51499
48950 49145
48987 49150
49013 45870
49020 51328
49028 48900
49029 48899
49043 51400
49057 48954
49085 48928
49115 45772
49132 41090
49133 41091
49134 41089
49141 48748
49209 48669
49217 45648
49277 45508
49292 45568
49338 45303
49351 45366
49370 45480
49387 51076
49413 48396
49421 48725
49422 48724
49425 48828
49427 48632
49434 48425
49440 48694
49442 48411
49445 48686
49458 45348
49465 51219
49528 45437
49555 48495
49562 48655
49571 48457
49642 44791
49709 48591
49728 48567
49750 48113
49764 48188
49773 50919
49778 50842
49841 48321
49842 48320
49875 48252
49896 48276
49897 50678
49935 12329
49938 47787
49943 44883
49981 48071
50088 43904
50093 48097
50104 44440
50162 47951
50179 47934
50184 47847
50206 48090
50216 47865
50255 44534
50285 44343
50322 47788
50362 44272
50501 53540
50535 52197
50543 52230
50553 53511
50577 52192
50583 52191
50597 53490
50606 52169
50640 52126
50662 52051
50675 52052
50676 52028
50692 52188
50693 52187
50702 52176
50717 53378
50727 52010
50733 50191
50737 50192
50779 51963
50858 49866
50863 49704
50884 51854
50898 51771
50912 51758
50924 51851
50940 51843
50965 51916
50980 53207
50989 49633
51023 51733
51026 51747
51046 51719
51069 53190
51074 53121
51151 49420
51152 49413
51204 51504
51214 49535
51223 54082
51260 52919
51266 51507
51316 52891
51327 49230
51328 49231
51330 49212
51337 51410
51349 51269
51354 51394
51365 51246
51380 51225
51393 49124
51403 51442
51419 51286
51439 52893
51451 51262
51457 51348
51474 51303
51479 48973
51495 51213
51523 52794
51531 49003
51545 48835
51559 51248
51566 48810
51576 51219
51577 51220
51580 51204
51712 50915
51722 52644
51725 51181
51726 51180
51749 48699
51750 48698
51767 50919
51769 51074
51770 51073
51773 50838
51784 51020
51790 45002
51813 48676
51826 50979
51855 50937
51919 52439
51928 50912
51949 50890
51955 50694
51958 50918
51965 50874
51984 50790
51989 50651
51992 50776
52000 50791
52007 50772
52010 50728
52011 48122
52069 50682
52101 50687
52125 50616
52152 48168
52153 50724
52160 48162
52191 50859
52258 52405
52261 53579
52264 53577
52278 54482
52284 53479
52287 52363
52301 53563
52305 53506
52364 54427
52386 54418
52395 52247
52407 53418
52416 52188
52434 52178
52435 52177
52447 53398
52449 53484
52459 53365
52476 54363
52477 53361
52478 53360
52486 54343
52488 53379
52497 52021
52535 53266
52539 51955
52540 51954
52556 54242
52563 53315
52569 51928
52583 53205
52591 53357
52593 54285
52600 53281
52601 53282
52605 53200
52623 54214
52637 53150
52654 53146
52655 53145
52656 53140
52657 51842
52662 53131
52683 53090
52695 53147
52737 53042
52763 53048
52773 54117
52804 52984
52818 53034
52819 53033
52860 51423
52870 54005
52871 54006
52878 52869
52894 52935
52904 52954
52939 51396
52952 51373
53018 48944
53025 52822
53037 51347
53040 51276
53078 51161
53114 52695
53123 52748
53124 52830
53142 51217
53158 52558
53164 52749
53165 53738
53170 53741
53171 53740
53178 53727
53183 52524
53190 50979
53237 51147
53240 50641
53282 52482
53313 52506
53344 52486
53391 52456
53405 50881
53416 52613
53495 54531
53496 54532
53503 54472
53525 53594
53554 53537
53569 53517
53577 53519
53595 54429
53626 54356
53666 54276
53697 53312
53699 53288
53700 53287
53713 54822
53717 54213
53719 53333
53721 54318
53722 54842
53775 54134
53776 54133
53904 54725
53905 54090
53907 53070
53919 53063
53920 53044
53930 54743
54003 54029
54033 53993
54048 53963
54064 54661
54108 53915
54138 53905
54181 54554
54224 52543
54226 53698
54227 53686
54232 53757
54244 52458
54247 53704
54268 53685
54325 52621
54401 55323
54417 55005
54471 55282
54517 54851
54540 54812
54563 55211
54617 54769
54632 54732
54668 54723
54681 54069
54735 54684
54745 55133
54771 54665
54860 53841
54897 55341
54919 55023
54925 55011
54928 55544
54948 55521
54957 55512
54960 54916
54967 55509
55000 55476
55010 55213
55062 55192
55095 55183
55111 54744
55113 54740
55118 54711
55119 55148
55131 55118
55133 55120
55135 55121
55141 55109
55146 55101
55152 55104
55163 55085
55221 55562
55238 55329
55247 55671
55322 55468
55364 55423
55377 55404
55378 55396
55519 55727
55527 55459
55538 55429
55540 55706
55546 55607
55562 55595
55611 55789
55654 55621
55668 55606
55677 55708
55678 55707
55683 55704
55690 55809
55715 55863
55790 55920
55821 55898
55825 55892
55826 55891
55837 55965
55846 55956
55851 55928
55903 55988
