1316
824 3259
1081 18675
1091 19893
1433 18128
1516 19386
1927 19827
2603 19089
2850 4957
2992 19559
3140 19563
3248 43426
3257 19377
3354 18170
3447 19189
3508 30283
3557 19092
3726 6643
3856 19013
3978 18817
4042 18500
4132 18419
4153 18727
4194 18500
4234 18695
4254 18629
4305 18637
4397 17318
4483 17542
4491 18437
4523 18413
4610 17463
4788 15695
5050 17766
5077 17766
5151 16936
5152 16935
5246 16701
5373 16131
5466 15341
5977 17115
6218 16721
6269 13637
6325 16741
7012 28195
7083 13531
7386 28823
7443 15656
8092 14560
8353 14377
8516 12593
8552 27188
8586 14167
9203 26803
9412 11881
9446 13403
9447 13402
9536 26625
9573 13191
9600 26621
9694 12463
9833 12995
9906 12895
9988 12818
10109 12686
10204 11007
10221 26234
10260 12639
10333 10897
10380 26157
10396 10963
10434 10695
10581 9502
10704 9417
10782 9358
10957 25761
10985 9133
11022 25135
11163 25649
11198 25573
11199 25572
11216 43691
11418 9420
11680 8183
11755 41150
11826 10396
11908 6428
12209 9154
12256 10651
12346 7871
12363 24201
12390 24183
12530 7680
12531 7679
12564 24279
12635 24049
12771 9432
12850 9330
12913 24992
13001 9375
13098 7368
13118 9278
13119 24051
13266 9115
13267 9082
13303 23357
13334 9048
13476 5763
13498 5659
13528 8859
13558 33410
13644 24918
13771 24825
13775 23149
13888 5584
13922 5593
13937 9442
13955 33291
14126 24056
14183 8350
14320 33139
14355 33462
14425 7983
14453 22753
14477 8763
14781 9192
14896 23781
14900 7089
14939 4141
15004 8058
15026 8199
15058 8165
15094 4180
15212 6957
15366 32631
15495 3624
15751 3774
15990 15853
16130 22255
16328 21367
16427 5118
16519 5421
16544 4839
16647 21151
16674 3087
16856 4825
16929 22046
16988 22528
17070 21048
17119 21954
17168 31874
17174 3647
17175 3646
17233 22186
17275 1537
17307 4085
17323 22364
17328 21492
17470 22294
17575 6216
17601 20719
17622 42928
17638 2965
17744 22114
17904 5834
18058 21613
18209 3033
18273 21269
18274 21268
18436 21514
18487 15749
18536 20411
18542 3551
18621 284
18634 20432
18641 20383
18669 20091
18720 21554
18731 441
18732 20097
18736 1621
20232 38170
20392 17587
20875 30793
20939 31185
21024 19719
21066 19829
21071 30624
21083 38206
21086 31126
21099 17588
21100 17587
21140 31069
21214 30944
21217 19447
21221 31008
21222 19664
21223 19663
21238 30501
21303 19299
21344 30449
21366 19405
21415 18551
21446 19150
21520 19239
21545 18983
21577 18973
21640 30755
21668 19377
21683 30636
21715 18890
21747 18930
21751 18855
21760 18419
21828 18870
22099 29663
22129 18156
22261 18183
22582 29070
22641 28512
22710 36947
22719 45536
22771 29307
22898 17115
23005 29463
23100 29421
23122 16685
23150 16625
23169 27687
23224 28006
23591 15846
23836 15356
23864 28634
23903 15196
23905 15195
24078 28296
24137 14568
24138 14567
24177 14888
24196 28183
24197 28184
24280 14826
24351 14721
24396 28299
24477 14552
24545 27915
24595 36025
24656 26994
24678 25730
24714 27791
24719 26953
24778 13625
24826 13487
24841 27619
24860 27557
24861 27556
24890 27538
24907 13304
24954 27444
25049 27340
25120 27287
25128 27296
25140 35637
25183 27226
25200 13367
25234 27178
25235 27177
25272 12663
25436 35407
25500 26596
25591 26311
25592 26310
25595 12600
25649 26245
25709 35051
25743 25768
25759 13032
25763 34686
25780 35088
25789 27032
25839 26502
25850 26490
25871 20256
25909 34908
25971 12047
25986 12012
25992 10827
26046 34823
26071 26015
26123 25947
26176 34174
26192 11759
26306 24556
26368 24556
26369 24555
26386 26407
26417 26373
26462 34383
26609 34610
26675 24815
26734 24710
26770 25132
26792 25295
26823 25411
26939 34566
26940 34565
26941 40861
26971 34336
27006 33748
27040 35152
27114 25008
27166 25031
27196 24669
27238 24999
27251 24866
27331 24558
27396 33263
27548 24004
27556 24635
27579 24614
27621 40452
27765 33730
27766 33729
27818 33643
27835 32829
27930 32762
28262 33537
28300 32503
28334 21882
28342 21720
28417 39950
28524 33463
28584 22118
28730 32109
28731 32108
28768 32749
28769 32748
28828 24001
28856 22687
28878 33203
28911 32692
28940 24754
28950 23141
28976 32002
28977 32001
28984 32132
29018 22425
29087 21937
29101 23129
29106 31817
29126 22472
29148 22339
29394 21676
29420 39212
29502 5857
29503 5856
29520 32362
29543 32206
29544 32205
29560 31800
29568 31800
29634 32432
29674 21568
29687 32276
29725 22958
29835 32284
29954 32450
30067 22776
30755 3427
31096 38671
31307 38767
31484 31151
31534 38506
31535 38507
31631 30959
31653 30982
31660 30987
31675 30943
31693 30917
31697 30891
31699 38086
31710 30962
31714 30904
31718 30946
31719 30945
31730 38728
31732 38727
31737 38283
31750 30860
31752 38117
31759 31010
31784 30853
31815 30810
31822 30778
31874 30781
31894 30294
31907 38571
31917 18923
31925 30727
31937 30659
31938 30658
31946 30633
31947 30632
31950 30733
31951 30708
31977 30712
31989 30694
31990 38548
32005 30556
32016 30608
32026 30603
32090 38015
32118 38006
32172 38360
32179 30427
32188 30377
32240 30311
32250 30243
32278 30276
32313 30287
32366 30144
32424 30130
32438 30121
32474 30003
32495 17787
32514 30051
32533 29478
32552 17829
32586 37477
32717 37630
32771 37785
32812 37748
32879 29660
32902 37398
32921 37452
32944 42813
32990 37491
33054 29355
33064 29393
33086 37351
33183 42641
33186 36997
33189 36997
33214 37170
33255 37136
33351 36844
33492 42443
33548 42404
33572 42376
33584 42376
33597 28717
33674 28636
33795 28461
33835 28199
33869 36824
33935 28354
34011 28243
34069 27948
34188 36521
34238 36422
34301 27600
34303 36356
34371 27809
34411 36267
34432 27723
34466 27688
34471 41787
34506 35641
34519 36209
34535 35048
34614 27544
34624 27545
34662 35887
34690 35868
34880 46353
34976 41913
34984 26943
34988 27094
35055 41660
35116 26943
35189 35657
35201 35500
35350 26505
35377 41789
35404 26611
35406 45869
35421 26616
35422 26585
35458 35204
35485 35727
35495 35466
35558 26099
35581 35053
35582 41245
35583 26422
35596 35614
35612 40885
35630 25912
35683 25954
35699 34911
35702 41381
35760 40987
35762 40890
35814 34199
35886 35011
35933 40980
35934 40979
35940 41399
35990 34612
35996 34786
35997 34785
36054 40861
36153 34447
36204 34439
36211 41093
36253 34389
36438 40855
36440 25392
36460 40833
36548 34490
36620 40180
36760 40807
36779 15407
36872 33756
36936 39944
36957 17693
36988 40120
36989 40119
37044 40556
37053 32509
37055 40670
37056 40669
37057 34398
37066 32759
37083 39965
37199 33223
37277 40480
37301 39786
37310 40318
37387 40246
37389 39835
37414 39973
37499 32151
37513 32478
37522 32594
37569 39466
37608 33289
37612 32583
37627 39421
37629 31893
37678 32793
37697 21550
37734 21518
37795 33072
37944 39832
37975 23039
37978 33325
38075 39213
38076 39214
38097 39208
38100 44459
38131 39587
38179 39188
38202 39719
38205 32298
38211 39693
38253 39030
38267 39239
38310 39543
38316 39407
38336 22544
38714 3427
39034 44161
39159 44059
39201 38912
39239 38779
39273 44157
39314 38370
39364 38694
39368 30808
39389 47686
39394 44096
39399 38698
39400 38654
39403 43748
39414 43634
39421 43829
39435 38539
39445 38043
39464 38542
39470 43590
39484 30598
39485 30597
39617 38301
39678 37598
39692 43842
39715 43791
39743 38159
39816 38014
39821 47309
39882 37976
40024 43336
40033 37479
40066 37785
40116 29599
40218 42747
40279 46979
40287 42708
40301 42682
40303 43178
40317 46956
40338 42650
40344 42941
40405 37448
40431 42583
40432 43252
40478 42484
40508 46793
40529 42436
40556 46715
40578 37148
40582 42806
40645 37128
40678 37061
40682 43004
40702 36977
40878 42664
40954 46620
40955 42223
40957 36471
40963 42248
41071 42472
41095 36294
41096 42460
41228 42192
41245 41592
41433 46296
41473 41421
41510 46204
41537 46211
41547 35742
41610 41832
41611 41827
41637 41897
41655 41566
41698 41905
41699 41904
41726 35426
41729 35485
41739 41716
41744 41814
41772 41969
41786 41245
41811 41581
41896 49081
41897 45570
41906 41453
41907 45622
41943 46058
42001 45980
42041 46016
42043 45907
42101 34924
42122 28948
42129 41390
42192 41473
42193 41328
42206 41181
42270 40378
42287 45702
42310 41505
42314 45659
42382 45512
42414 34870
42422 41026
42459 41100
42510 40168
42517 45595
42531 45168
42533 40789
42536 45157
42548 40067
42588 40077
42593 40052
42595 40683
42605 45591
42623 40391
42672 45283
42715 45424
42729 44974
42749 45479
42833 45390
42887 40324
42890 33622
42916 45027
42917 44761
42924 34044
42934 39857
42943 45227
42962 40828
42978 45271
42980 44920
43028 44699
43074 44644
43081 45033
43106 39420
43112 44556
43140 44938
43141 44937
43145 39596
43146 39382
43154 39976
43201 40320
43206 48376
43231 44943
43236 44854
43264 39705
43326 44819
43356 44789
43485 38973
43538 39593
43600 44704
43942 50718
44021 48046
44036 48029
44074 44082
44205 44185
44209 48001
44251 44143
44276 47965
44277 47964
44294 43877
44295 44137
44306 44078
44372 47695
44427 43919
44436 47682
44462 43618
44488 43855
44490 47478
44494 43866
44503 47808
44508 43809
44571 43746
44575 43773
44605 43727
44611 47333
44628 43741
44639 47541
44646 43697
44647 43698
44744 43589
44786 43511
44811 43516
44830 47385
44859 47299
44869 43449
44893 43410
44928 47457
44932 47144
44988 50078
45039 47290
45045 47187
45054 43158
45105 42943
45162 47185
45213 47174
45215 47118
45217 47083
45301 46632
45406 42646
45414 46642
45420 46133
45426 46931
45476 46881
45492 46879
45496 46860
45530 46581
45550 46827
45551 46826
45585 46775
45591 46650
45622 49553
45629 46733
45719 42284
45735 46155
45763 49466
45778 42219
45819 46079
45830 46061
45836 49562
45845 46047
45862 46491
45894 46183
45918 46145
45934 46380
45960 42157
45962 49445
45963 46407
45968 42131
45976 46311
45989 46523
45996 46280
46010 41900
46019 46282
46024 42027
46045 46345
46046 46068
46052 46078
46058 46065
46072 41747
46079 45634
46080 45809
46134 49099
46140 46366
46153 46116
46167 49384
46168 49383
46187 46118
46219 46044
46280 46246
46341 45519
46382 40742
46405 45487
46406 45304
46421 45827
46426 45867
46633 45575
46663 44998
46669 44985
46681 45492
46737 45505
46780 45509
46789 44806
46793 48678
46826 48470
46874 45415
46901 48394
46915 39770
46927 44618
46928 45231
46929 48747
46930 48833
46936 51180
46937 45185
46948 48788
46952 48395
46966 48322
46985 48355
47008 44970
47034 48293
47052 44953
47054 48507
47060 48591
47070 48436
47077 48588
47091 44785
47128 45404
47166 48473
47188 44981
47195 48478
47196 44733
47202 40377
47243 44530
47256 44877
47263 48227
47264 48228
47307 48127
47317 48184
47322 48198
47330 48174
47374 45251
47388 48428
47418 40197
47433 44667
47748 48088
47816 50937
47885 50874
47911 48022
47912 48021
47921 47901
47926 50966
47936 48019
47937 48018
47967 44101
47980 44120
47984 47935
47995 50666
47998 47793
48023 50865
48033 50634
48048 50615
48049 50614
48097 47800
48118 47478
48123 47598
48128 47796
48129 47743
48161 47395
48170 47780
48175 47784
48192 52448
48193 50338
48206 50427
48289 50420
48296 47645
48330 52385
48331 52384
48337 47431
48346 52360
48347 52359
48384 50253
48401 47568
48415 52312
48419 47516
48486 50404
48492 47464
48501 47399
48503 52488
48532 50081
48540 50065
48586 47290
48618 47236
48619 47235
48627 47225
48717 47147
48741 49792
48781 50201
48856 46944
48910 50069
48926 49734
48941 46831
48942 50049
48950 49942
48953 46344
48987 46779
49004 49601
49028 52042
49029 52041
49040 49736
49041 46734
49062 49547
49082 49531
49122 46743
49141 49479
49192 49434
49209 49418
49240 49809
49243 49761
49244 49760
49254 51825
49278 51801
49292 46557
49333 49618
49338 49619
49351 46370
49354 51822
49355 49653
49356 49597
49363 49764
49370 49753
49383 51917
49398 46307
49413 51689
49418 49464
49421 49489
49422 49488
49445 49440
49465 51872
49474 46203
49500 53234
49511 49322
49524 49416
49551 45840
49562 49417
49571 51773
49592 49377
49642 45800
49669 53221
49750 48793
49836 48664
49841 49085
49852 48622
49860 49091
49867 51544
49868 51342
49869 51341
49906 51498
49912 51545
49951 49027
49965 51251
49981 48818
49988 48657
50018 51374
50078 51425
50088 44841
50090 51171
50101 48406
50102 51182
50115 52875
50162 48691
50181 48670
50185 48517
50205 51240
50260 48543
50575 52766
50576 52765
50606 52736
50657 50962
50658 50961
50675 52649
50676 52617
50679 50967
50690 52652
50692 52741
50693 52740
50701 50942
50718 52720
50733 50867
50737 50865
50748 52540
50753 50863
50825 50745
50863 50387
50884 52449
50896 52399
50897 52398
50911 52374
50912 52373
50944 52346
50948 50607
50949 50606
50950 50617
50980 53735
51046 52410
51057 52225
51059 50426
51060 50425
51069 52380
51074 53662
51080 50398
51081 50397
51136 52213
51168 52070
51266 52184
51288 52172
51313 50041
51327 50018
51330 50013
51335 50004
51376 49948
51393 49912
51411 49819
51438 49858
51474 53475
51507 51947
51513 51814
51532 51763
51537 51909
51545 51967
51559 51904
51560 51905
51561 51975
51576 51872
51577 51873
51580 51863
51583 51927
51617 53280
51640 53400
51675 54373
51703 53221
51711 53202
51712 53201
51722 53208
51723 53168
51740 51676
51748 51711
51756 53300
51764 53286
51769 53305
51784 53284
51801 53272
51817 51639
51818 51668
51830 53118
51878 53218
51896 51538
51902 53150
51913 51251
51928 53171
51949 53158
51955 51333
51984 51439
51988 53045
51992 53070
51993 52891
51994 52890
52010 53030
52016 51256
52017 51255
52032 52832
52039 51366
52044 52960
52069 52988
52113 51196
52122 52839
52125 52951
52141 51068
52152 48813
52363 54039
52401 54006
52407 53975
52415 52757
52416 52741
52417 52740
52427 52735
52432 52743
52433 52742
52446 52719
52449 54032
52451 50902
52477 53902
52478 53901
52485 54847
52486 54846
52531 53817
52551 53795
52552 53796
52576 52543
52592 52529
52600 53845
52601 52452
52623 53711
52637 53698
52654 53685
52655 53684
52656 53682
52657 50476
52662 53670
52677 53642
52679 54680
52704 53730
52722 53779
52725 52353
52747 52339
52773 54652
52790 53679
52800 53676
52804 53555
52818 53632
52819 53633
52832 52217
52920 53538
52934 54522
52954 54456
52971 52001
52972 52000
52989 53355
52999 54458
53045 53413
53069 54449
53070 54448
53080 54430
53101 53398
53103 53123
53115 53304
53120 53352
53134 53105
53145 54289
53158 54276
53171 54264
53183 54256
53230 54222
53231 54219
53235 54283
53240 52967
53247 53144
53251 54197
53274 54186
53279 54184
53310 54157
53357 52938
53376 54196
53391 54210
53395 52882
53402 52933
53415 53102
53416 53101
53561 54946
53573 54923
53583 54911
53594 52704
53595 54940
53607 54019
53626 54875
53646 53962
53650 54812
53661 54797
53675 52563
53699 53861
53700 53860
53717 54728
53719 53885
53721 53879
53730 54709
53778 40349
53904 55265
53905 54629
53907 53655
53920 53645
53927 54614
53929 53571
53930 55271
53949 54506
53984 54557
53995 55227
54004 54559
54018 55181
54022 53490
54033 54517
54104 55102
54105 55101
54108 54453
54138 54441
54171 54230
54181 55038
54188 55125
54198 54260
54213 55016
54214 55052
54217 55083
54218 55018
54232 55090
54244 54216
54247 55053
54299 54989
54325 53112
54484 55418
54517 55357
54519 54866
54563 55319
54572 55688
54576 54782
54667 54630
54668 55244
54687 54591
54689 55259
54707 55221
54772 55161
54787 55158
54799 55075
54822 55511
54836 55536
54837 55841
54840 55528
54843 55556
54862 55043
54863 55519
54957 55983
54999 55406
55000 55704
55062 55304
55095 55666
55096 55667
55117 55230
55119 55633
55132 55596
55133 55598
55135 55890
55141 55590
55185 55836
55188 55530
55301 55716
55357 55911
55364 55902
55377 55891
55378 55883
55386 56038
55387 56035
55388 56034
55465 56125
55513 55929
55516 56183
55526 55930
55527 55931
55530 55922
55531 56088
55535 56085
55538 56083
55558 56065
55562 56061
55629 56119
55654 56097
55665 56177
55667 56174
55677 56163
55681 56251
55683 56249
55690 56248
55733 56270
55740 56266
55741 56267
55743 56262
55759 56312
55819 56368
55821 56363
55844 56339
55850 56364
55855 56388
55857 56386
55878 56407
55880 56391
55895 56410
55902 56416
55903 56430
55904 56428
55905 56427
