3136
29 20822
37 1688
53 1838
110 2203
150 2224
197 20864
231 1546
382 20757
410 2618
411 2764
446 21280
495 3076
527 2360
567 21146
570 21342
618 21392
624 20929
625 3190
683 2840
694 2953
723 2097
724 2098
733 2151
752 2422
879 21580
885 21585
916 21593
943 3054
970 3227
989 21537
1003 2880
1040 2850
1061 2962
1215 3095
1227 21578
1228 21579
1229 3150
1242 3469
1246 3515
1251 2862
1286 3575
1296 3230
1335 21486
1344 2999
1517 4262
1527 22203
1579 21905
1605 21955
1668 22321
1680 21734
1699 21965
1702 3922
1707 21920
1708 21921
1711 3920
1752 3969
1769 3991
1771 22044
1805 4004
1808 4016
1816 3944
1831 4246
1832 4247
1849 22073
1870 3431
1879 4083
1912 4033
1921 4124
1923 4206
1952 4374
2030 22178
2039 4251
2065 4282
2069 22346
2074 4229
2077 4242
2102 22219
2109 3937
2135 3912
2151 4349
2155 4617
2156 4307
2158 22270
2185 22262
2201 4375
2202 4356
2231 4361
2259 4381
2269 4388
2275 22284
2297 4558
2306 4496
2318 4573
2330 4438
2331 4486
2337 22517
2360 4493
2401 5237
2405 22339
2414 22349
2417 4523
2429 4558
2439 4709
2450 22585
2460 4559
2486 22398
2501 4714
2513 22413
2531 4393
2538 22435
2556 4447
2558 33062
2568 22449
2585 22456
2592 22307
2626 4490
2635 4809
2637 22559
2640 22661
2644 4824
2682 5176
2701 22735
2710 4720
2735 22745
2739 22782
2759 4941
2771 5224
2793 22630
2840 22827
2858 22770
2859 5397
2863 22644
2881 5157
2882 5158
2892 5424
2909 5190
2927 5914
2928 5915
2968 5537
2982 22789
2983 5299
2990 5564
2991 5565
3010 5334
3017 5340
3018 5341
3051 22928
3090 6147
3093 5443
3137 5181
3185 8213
3194 5515
3204 23022
3272 5749
3273 5750
3293 5618
3300 5338
3334 23119
3339 5884
3343 5707
3351 5382
3395 5684
3432 5772
3445 5985
3446 5986
3452 5572
3487 5831
3488 22995
3504 5587
3507 5852
3520 33616
3536 5926
3537 23225
3547 6242
3568 23101
3585 5931
3599 5964
3604 23270
3610 23307
3633 5990
3648 23109
3674 5972
3679 5907
3680 5984
3681 5965
3707 6011
3713 6067
3727 6089
3735 6004
3750 6004
3755 5901
3756 6120
3757 6078
3785 6109
3816 6332
3865 6182
3866 23340
3885 6214
3886 6365
3893 6209
3902 23468
3912 6227
3913 6458
3943 6252
3953 23533
4015 23583
4031 6115
4044 6532
4086 7314
4087 7315
4111 23925
4127 6693
4131 23625
4132 6897
4133 6898
4149 5914
4190 23638
4245 7159
4284 6409
4287 6739
4305 6450
4326 6657
4370 23384
4394 6955
4441 6855
4444 7704
4472 34093
4545 7506
4561 8137
4609 7551
4649 25454
4660 7384
4666 24523
4684 23952
4692 7134
4759 8353
4765 23851
4774 7682
4804 7578
4855 24523
4859 7580
4863 24079
4874 7581
4909 7256
4924 7776
4971 7859
5002 24165
5024 7904
5033 7618
5036 7921
5055 7649
5078 8010
5084 7647
5095 24054
5158 24190
5171 24233
5218 7800
5268 7899
5277 8730
5292 7875
5329 7935
5330 7908
5353 7996
5354 7997
5396 8059
5416 7992
5426 8103
5442 8093
5457 8844
5464 8398
5471 8223
5493 24973
5519 8136
5562 8234
5573 8489
5578 7812
5612 6366
5614 54275
5623 7890
5624 7891
5699 8301
5738 8433
5739 8434
5775 9153
5808 9231
5820 8453
5822 8548
5833 8750
5846 8475
5851 9581
5852 9226
5886 8569
5911 25195
5918 8589
5920 8839
5957 24667
5998 25065
5999 9740
6053 24800
6054 8643
6099 8677
6116 9619
6137 8713
6272 8869
6292 8866
6310 8919
6314 9818
6330 9216
6365 8870
6403 24786
6417 9093
6442 9063
6448 9218
6449 9219
6521 25426
6538 9138
6565 25142
6577 9538
6578 9539
6582 25051
6666 10226
6722 10514
6760 9261
6826 10370
6904 25283
6905 10487
6952 10554
6957 10264
7035 25245
7083 10159
7164 9945
7191 10809
7245 10055
7275 10964
7291 10987
7305 17327
7371 10162
7390 10188
7429 11166
7432 10214
7433 10215
7486 11209
7487 11210
7534 10598
7556 10638
7582 6857
7642 11204
7653 25775
7677 10746
7799 11489
7854 4300
8020 26295
8021 11151
8035 25983
8079 10751
8106 10626
8127 12019
8139 11866
8164 11197
8178 10675
8389 11786
8406 12176
8448 12252
8470 47013
8471 12258
8484 11826
8564 12273
8573 12063
8608 35778
8659 12406
8776 793
8848 11673
8949 12581
8950 12582
9088 11776
9127 11820
9128 11821
9143 26683
9144 26839
9150 11820
9151 11821
9198 26839
9231 12421
9269 26693
9281 12900
9282 12901
9304 28675
9402 12994
9403 13051
9415 13006
9416 13007
9655 13373
9656 13374
9682 12561
9712 26933
9927 26907
9956 13650
9978 33209
10048 12962
10124 12315
10132 13353
10134 12750
10258 13390
10314 12707
10332 13723
10355 13121
10356 13122
10462 14198
10633 13049
10834 14264
10856 14630
10897 14335
10934 14728
11044 14184
11046 14185
11074 14875
11139 14928
11153 13825
11154 13826
11177 14018
11204 13882
11335 27936
11363 15084
11452 15200
11461 15229
11629 14266
11630 27656
11668 14178
11720 27677
11745 15180
11771 14452
11810 14760
11861 15027
12081 14916
12106 15180
12147 15266
12181 15389
12182 15300
12219 14838
12297 15829
12332 14848
12345 15504
12407 16269
12461 15608
12498 34902
12653 16072
12676 15811
12720 15166
12773 16245
12774 16246
12792 16259
12851 16237
12871 15620
12911 16166
12956 15913
13001 16409
13133 16218
13151 16433
13213 16555
13257 16327
13260 16726
13338 16369
13440 16447
13457 16410
13565 16365
13765 49398
13818 16821
13857 17078
13858 17079
13936 16932
14071 17275
14192 16614
14208 17389
14273 16699
14337 16481
14467 17383
14525 16965
14614 16819
14709 17749
14720 17815
14740 17104
14750 17672
14775 17766
14776 17767
15011 17593
15166 18242
15211 17590
15234 18091
15235 18092
15280 17915
15454 17617
15456 17616
15497 18546
15498 30050
15597 18488
15655 18515
15695 18506
15699 29969
15702 29716
15955 18539
15969 18726
15970 18727
15974 18751
16000 18688
16063 18184
16123 18908
16170 18988
16251 18145
16271 18475
16325 19081
16346 18502
16364 18758
16384 18503
16426 18821
16498 19282
16612 19343
16630 29715
16639 19356
16646 19693
16681 18763
16682 18764
16717 19386
16745 18804
16761 22707
16820 19188
16825 19670
16906 19693
16913 19547
16933 19559
16934 19560
16946 19087
16948 19705
16949 19706
16952 19291
16987 19122
16999 15823
17005 19104
17011 19142
17023 19577
17054 19137
17055 19138
17065 19678
17166 19741
17178 19693
17192 19070
17229 19380
17349 19693
17580 19663
19518 20832
19520 31563
19524 20693
19539 21204
19554 31579
19556 1890
19586 20885
19587 21034
19602 21295
19616 21306
19619 20922
19622 21163
19701 31807
19703 21015
19738 32085
19786 31896
19787 31928
19789 31935
19840 21559
19847 21526
19886 21592
19895 21386
19910 31961
19933 31983
19937 21659
19943 21695
19947 3223
19953 32008
19966 32225
19974 32028
19979 21150
19980 21151
19988 32026
19997 32043
20007 32033
20010 21288
20017 21043
20022 21376
20045 21083
20065 21655
20071 32134
20080 21211
20082 21582
20096 32046
20105 21236
20106 32131
20107 32132
20125 32089
20128 21656
20172 21835
20174 32325
20179 31914
20183 31916
20189 6996
20220 21534
20221 21535
20249 21759
20267 21789
20271 21773
20318 32004
20326 21982
20370 21812
20371 21813
20373 32524
20399 21981
20440 21792
20448 32367
20457 22239
20458 22240
20461 22128
20464 21948
20469 32458
20517 32383
20539 32394
20558 32414
20622 32566
20634 21988
20640 22090
20657 22223
20709 32620
20711 32621
20716 22149
20736 22167
20750 22202
20751 22158
20758 32521
20787 32706
20789 32357
20839 22247
20845 22236
20848 22259
20851 32745
20868 22234
20872 32638
20876 22288
20877 22260
20908 22488
20910 32648
20911 22292
20912 22293
20926 22306
20934 22308
20952 32822
20964 22334
20976 22360
20994 22463
21006 22379
21009 22370
21028 22199
21051 22412
21075 32908
21076 22494
21083 32935
21085 32917
21086 32918
21100 22291
21108 22541
21109 22663
21113 22646
21122 32950
21145 22696
21150 22343
21158 32968
21164 22710
21166 22936
21167 22937
21179 22576
21184 22947
21185 32974
21279 32843
21305 22873
21316 33099
21317 33100
21331 33070
21340 33314
21341 33017
21377 32937
21399 5429
21404 22955
21421 32987
21425 33202
21443 23258
21460 33273
21461 33274
21474 33200
21481 23332
21488 33208
21498 23078
21505 33493
21517 23087
21518 23088
21556 23430
21559 23152
21574 23069
21577 23065
21590 23024
21595 33360
21603 33383
21611 33537
21616 23047
21630 23136
21648 23237
21664 23175
21672 33603
21674 23117
21684 33312
21690 33302
21691 33303
21695 23135
21710 23167
21725 33235
21732 33348
21734 33474
21740 33661
21751 23409
21761 23446
21770 23431
21771 23432
21814 33486
21817 23458
21829 23375
21868 23386
21873 33466
21883 23570
21900 23798
21901 33639
21906 23601
21926 33372
21965 23650
21967 6611
22021 23261
22032 23726
22050 23551
22052 23754
22068 23374
22069 23413
22085 7063
22117 23733
22124 33490
22127 33855
22135 23621
22143 23441
22171 23653
22186 34072
22194 33529
22195 6954
22206 24199
22208 23840
22238 23982
22272 23791
22274 23753
22276 24047
22288 23783
22289 23784
22305 24069
22307 23906
22313 23793
22332 23843
22339 23699
22433 23946
22442 23916
22508 7507
22509 7508
22515 8050
22559 24148
22586 23945
22644 24043
22703 24767
22723 24721
22739 24235
22772 24387
22773 24378
22776 24247
22782 24258
22791 24280
22797 24721
22801 24312
22802 24279
22805 24312
22817 24346
22828 24879
22848 24474
22873 24849
22874 34141
22884 24396
22889 24403
22942 25012
22943 25013
22955 24844
22963 34609
22965 8244
23054 24494
23111 24622
23112 24623
23156 34719
23157 8537
23189 25243
23194 25244
23202 34423
23205 25251
23206 25252
23231 34463
23295 24876
23306 25234
23348 24852
23432 4095
23444 34957
23449 24786
23481 25527
23510 10288
23511 34616
23571 25080
23580 35059
23585 34735
23600 10474
23615 25162
23642 25593
23751 25853
23803 25321
23822 10784
23824 25862
23857 35206
23901 25506
23939 25862
23946 10069
23975 25764
24020 11158
24024 25676
24105 25754
24231 28873
24253 11048
24264 26334
24297 25960
24305 11088
24359 26032
24381 26356
24389 26017
24418 26450
24466 26469
24512 26493
24518 26539
24519 26181
24547 26533
24567 26579
24597 26353
24619 26606
24625 26340
24665 26410
24696 26341
24834 12419
24858 26271
24865 26848
24868 26487
24884 26660
24887 26316
24905 26388
24906 26389
24932 26683
24981 26987
25039 26999
25055 27056
25095 26770
25103 26597
25226 26874
25267 27266
25278 27160
25279 27161
25304 27304
25324 27322
25325 27323
25345 26738
25460 12504
25517 26905
25548 13800
25602 36579
25603 36580
25646 7078
25705 14231
25746 36580
25816 27105
25824 27272
25949 14649
25951 27524
25973 27974
25978 27986
26030 27430
26121 28120
26132 28134
26139 15020
26152 28149
26153 28150
26154 28151
26182 28179
26198 28190
26232 28219
26271 27743
26312 27793
26350 28203
26370 27754
26388 27791
26404 27884
26408 27853
26409 27854
26413 27688
26427 27676
26435 27697
26488 27910
26489 27911
26495 28094
26498 27925
26499 27926
26513 28125
26546 28496
26562 28197
26565 27845
26639 28683
26657 28510
26696 37055
26705 37058
26708 27999
26709 28000
26729 28008
26734 27524
26738 14924
26748 28035
26770 15202
26774 28057
26798 28429
26834 28366
26861 15685
26863 37177
26927 28311
26932 16068
26954 28775
26977 28598
26988 16175
27004 15903
27033 16289
27070 17030
27072 17032
27093 16395
27112 16085
27151 28979
27203 16646
27226 29081
27227 29082
27274 28920
27306 16461
27362 17030
27363 17031
27369 16875
27393 29048
27394 28874
27433 17030
27485 17030
27486 17031
27517 17061
27521 28704
27546 29172
27549 28759
27550 28760
27579 16600
27591 29198
27594 29352
27621 29247
27622 29248
27682 28989
27687 28998
27718 28915
27774 29369
27790 17483
27814 17439
27820 17270
27837 29436
27902 29507
27908 17604
27926 29611
27927 29612
27948 17661
27981 29219
28005 17452
28047 17815
28063 17825
28099 29344
28102 17180
28103 17181
28105 17863
28113 17957
28131 17721
28132 29371
28136 29373
28137 29374
28192 17808
28282 17994
28307 29771
28330 18302
28395 29598
28424 29538
28447 29990
28452 30011
28453 30012
28501 18270
28507 30032
28508 18283
28561 30036
28562 29968
28565 29669
28591 30138
28595 17798
28605 30086
28610 30026
28616 30119
28617 29947
28640 17799
28658 29570
28675 30161
28705 18640
28728 29753
28734 29783
28752 29805
28757 30193
28758 30194
28759 29824
28764 18707
28775 30260
28784 30134
28809 29731
28824 30266
28842 30213
28869 29917
28882 30208
28885 29943
28899 18322
28912 30025
28926 18958
28927 30308
28940 18625
28955 29863
28966 30075
28988 18926
28998 19086
29008 30076
29039 30478
29048 30546
29091 19133
29092 18978
29126 30217
29139 30197
29163 30227
29164 30228
29171 30617
29177 19357
29180 30591
29196 18806
29201 19402
29202 30542
29246 30326
29265 30688
29270 19461
29277 30350
29282 30329
29285 30767
29313 30671
29319 19005
29339 30403
29351 30426
29386 12864
29409 19140
29427 19683
29437 30522
29531 30747
29538 19283
29600 30550
29640 30662
29843 30769
30870 31616
30927 39457
30933 31808
30934 39390
30970 31696
30981 31721
31009 39687
31030 31751
31044 31946
31071 39587
31099 39596
31105 32154
31117 39626
31118 39394
31126 31866
31133 21597
31147 31774
31179 32118
31181 32036
31209 32144
31212 44538
31227 39509
31246 32176
31252 32335
31266 32188
31267 32189
31270 39819
31280 21209
31297 39579
31303 32244
31331 32363
31366 32220
31368 32269
31373 32213
31383 39647
31388 39947
31423 39676
31428 32109
31435 32096
31444 39804
31445 32541
31446 39884
31457 32146
31458 32147
31466 39995
31469 39830
31471 32430
31479 32587
31511 39935
31528 39898
31529 39899
31535 40033
31542 39756
31551 32506
31558 40066
31568 39929
31571 32529
31583 32542
31592 32480
31604 40111
31618 32581
31626 39956
31663 40042
31667 32644
31676 32545
31744 34029
31752 40109
31759 40043
31773 32635
31774 32636
31779 32632
31798 32649
31799 32650
31819 32559
31830 40099
31840 32704
31841 32705
31854 39987
31857 32721
31866 32884
31867 32561
31869 32883
31873 32890
31903 32953
31908 40218
31918 32846
31931 22368
31957 40316
31961 33198
31983 33166
31993 32825
31994 32826
31996 33175
31998 45185
32006 32952
32029 33224
32030 33225
32033 40270
32047 32818
32051 33309
32077 33150
32079 33130
32087 33064
32117 33179
32124 33080
32125 33081
32134 32987
32136 33391
32156 33186
32187 40419
32200 32863
32210 33243
32216 33229
32253 33236
32256 40447
32257 40448
32259 33215
32271 33376
32280 33325
32281 33260
32282 33261
32298 33354
32299 33331
32303 33464
32307 33329
32309 33597
32311 33341
32322 33426
32326 33308
32334 33358
32348 33380
32354 33310
32394 33677
32409 33295
32411 33364
32417 40559
32425 33374
32442 33426
32443 33427
32446 33425
32452 40581
32453 40582
32459 33435
32468 33853
32469 40704
32470 33600
32481 40506
32489 33628
32504 40449
32507 33494
32513 33353
32526 40635
32559 33617
32566 33707
32568 33672
32600 40619
32615 33723
32624 33755
32627 40722
32640 40783
32643 33505
32654 33601
32673 40812
32676 40578
32688 33691
32692 40597
32693 33699
32695 33704
32701 33780
32711 33947
32726 40732
32763 23965
32769 40769
32804 40855
32805 33720
32816 40856
32817 40857
32849 33936
32914 33918
32924 33866
32950 34404
32987 33957
32995 24449
33022 34188
33034 24250
33040 34118
33052 34123
33054 34104
33058 34125
33089 34202
33090 34203
33094 24264
33096 40920
33116 34196
33125 34204
33126 34205
33128 24366
33146 34235
33147 34236
33156 34206
33161 24384
33164 34258
33167 41101
33169 34166
33184 24431
33191 34374
33206 34291
33233 34321
33266 34376
33282 34425
33299 24700
33312 34416
33327 41204
33330 41453
33338 34912
33346 34497
33352 34772
33364 34598
33375 34854
33382 34865
33392 34509
33396 34484
33398 41168
33399 34481
33422 34561
33466 34583
33487 34619
33541 24850
33544 41316
33553 34714
33556 35028
33585 34758
33616 9615
33630 34823
33635 25667
33644 34795
33711 34965
33718 34930
33756 34934
33789 35371
33809 35067
33811 34890
33881 35139
33885 35296
33895 35297
33929 35438
33930 35104
33974 41691
33978 25754
33994 26081
34060 35562
34117 41944
34144 35642
34145 35643
34147 35639
34162 35665
34201 35701
34202 35702
34220 35756
34221 35757
34227 41840
34228 41841
34264 35783
34277 35528
34278 25889
34290 26137
34291 26138
34306 41772
34326 35930
34336 35880
34364 41600
34409 35680
34416 35536
34440 35474
34468 35817
34486 35763
34503 35611
34523 35603
34595 35900
34609 35615
34617 35871
34619 35576
34639 36036
34648 35606
34655 35906
34659 35821
34692 35936
34748 26465
34760 36237
34786 36262
34808 35746
34814 36045
34858 36094
34883 36343
34934 26908
34981 36377
35037 27386
35038 27387
35123 36130
35215 27601
35216 27602
35242 36224
35245 42553
35305 36751
35332 36772
35333 36773
35336 36327
35356 36805
35382 36504
35429 27781
35452 36543
35456 36853
35468 36924
35472 36925
35475 36565
35489 27757
35547 36994
35567 36661
35583 36698
35590 36694
35650 36615
35674 36821
35675 36822
35688 36796
35715 36813
35737 36848
35756 36725
35757 36861
35772 36744
35774 28097
35790 36769
35805 36766
35839 37176
35846 28005
35864 36855
35869 37057
35887 28464
35898 28264
35924 37128
35972 36085
35973 36973
36000 37189
36033 37329
36064 37233
36068 37341
36072 28789
36095 37403
36119 37389
36123 37586
36145 37461
36151 28944
36187 28689
36191 37448
36192 37449
36219 29010
36244 37489
36245 37490
36254 37230
36262 29026
36299 29067
36320 37576
36337 37472
36339 37249
36345 29180
36362 37605
36396 29186
36429 29035
36447 29054
36462 29078
36468 29246
36488 29292
36508 16792
36511 37587
36515 37280
36516 37281
36526 29333
36594 37754
36618 37653
36631 37425
36662 37684
36696 37706
36697 37707
36700 37442
36714 29375
36719 29365
36739 37873
36754 37673
36761 29428
36789 37917
36796 37929
36797 37930
36804 29626
36826 37821
36827 37631
36837 29671
36862 37939
36867 37659
36906 29734
36913 37991
36916 29756
36924 29619
36945 29594
36953 29796
36960 29688
36971 29738
36980 38033
36992 29717
37006 29817
37031 29855
37053 29861
37059 38117
37079 29668
37107 29971
37110 38046
37137 38153
37145 38215
37149 38218
37194 38193
37199 30043
37200 30044
37201 38086
37209 29621
37215 38186
37220 30081
37221 30082
37223 38176
37224 38177
37228 38221
37232 38241
37238 30098
37242 38247
37261 38273
37262 37996
37266 38004
37274 38147
37320 30156
37328 38278
37344 38233
37351 38034
37407 30109
37418 29858
37431 29883
37442 38397
37459 38359
37463 38351
37464 30271
37505 30281
37512 38188
37537 30027
37543 38257
37544 38212
37547 30408
37570 30474
37571 38490
37589 30422
37611 38545
37614 38552
37615 38553
37623 38276
37624 38277
37646 30245
37656 30568
37657 38333
37658 38323
37660 30579
37661 38610
37667 30569
37675 30211
37676 30212
37680 30514
37685 6445
37695 38345
37702 38634
37707 38639
37714 38648
37715 38540
37723 30315
37729 38377
37741 30332
37749 30665
37763 38427
37771 38443
37786 30380
37789 30577
37793 38692
37794 30708
37796 30745
37804 38492
37806 38727
37821 38693
37826 30776
37881 38523
37891 38550
37958 38598
37972 30589
37993 38643
38047 30683
38438 6781
38814 44381
38831 44495
38841 44581
38886 39511
38887 44531
38898 39390
38922 44568
38939 39595
38963 39467
38967 39581
38968 39582
38993 39721
38999 39558
39000 44618
39002 39355
39005 39362
39015 39596
39019 48113
39030 39464
39037 39637
39045 39479
39058 39505
39061 39639
39076 39767
39081 39730
39083 44595
39084 44538
39091 39601
39119 39841
39120 39727
39128 39843
39145 44613
39147 44735
39148 44736
39155 39524
39157 39722
39163 39750
39164 39749
39173 39583
39179 39776
39187 39849
39192 44744
39198 39648
39230 39806
39231 39807
39240 44925
39243 44932
39248 44933
39253 44934
39261 39876
39262 44906
39265 44944
39273 32167
39284 40047
39289 44958
39290 39836
39300 40065
39306 39968
39323 44903
39334 44881
39341 39998
39360 44892
39365 44883
39372 39974
39380 39979
39385 44957
39416 40011
39429 44947
39437 40067
39439 40043
39451 45066
39452 40138
39474 45026
39478 45020
39485 39985
39488 40179
39491 40110
39492 45106
39501 40211
39503 40294
39506 45121
39509 40217
39527 40187
39540 40087
39547 40212
39569 44991
39572 45122
39584 40249
39603 40325
39604 40326
39612 40439
39618 45162
39627 40361
39628 40203
39629 45176
39636 45180
39652 40406
39665 40333
39671 45283
39672 45284
39674 40407
39694 45228
39699 45245
39724 40383
39726 40393
39730 40499
39746 40442
39748 40410
39779 40382
39783 40394
39789 40638
39822 33410
39831 40567
39845 45281
39849 40569
39850 40506
39879 40521
39889 40642
39891 45342
39898 45306
39915 45336
39939 40700
39958 40789
39977 40685
39988 40778
40028 40676
40032 40736
40034 40767
40057 41027
40060 45498
40068 40791
40080 40765
40081 40808
40082 40803
40086 40816
40087 45521
40088 33734
40089 33735
40090 45647
40110 40865
40111 33720
40114 40740
40123 40740
40135 40918
40163 40938
40167 34024
40169 40912
40211 33957
40212 40881
40217 40943
40225 40953
40227 40964
40238 40930
40291 45618
40299 41085
40304 40994
40305 40995
40313 41031
40352 41057
40377 34453
40431 41122
40438 41163
40448 41203
40469 34931
40471 41221
40496 34515
40498 41157
40512 41208
40540 41479
40576 41400
40583 41384
40592 41358
40613 41324
40619 45912
40620 45881
40634 41421
40640 41359
40645 41394
40698 41474
40769 41490
40781 41669
40807 41540
40821 41546
40850 41810
40851 41811
40873 41691
40898 35221
40902 41721
40921 41743
40931 41574
40948 41922
40972 41790
40973 41791
41046 46389
41057 42028
41069 41954
41078 41874
41103 41823
41104 41813
41124 41989
41131 35777
41132 35778
41138 42020
41151 42159
41173 35707
41231 46407
41250 42083
41274 41939
41302 42138
41306 42182
41333 42046
41362 42239
41363 42331
41364 42040
41395 42013
41399 42370
41412 42029
41424 46597
41430 42294
41456 42391
41461 42394
41469 42288
41506 42437
41539 42439
41580 42402
41592 42237
41613 36118
41642 42417
41654 36140
41674 42329
41687 42351
41751 42697
41777 36304
41798 36817
41802 42671
41809 42761
41821 42784
41834 46675
41835 42802
41837 42559
41839 42595
41876 36565
41898 42865
41965 42654
41978 42686
41987 42698
41991 42901
41995 42716
41996 42717
41997 36757
41998 42659
42037 42754
42038 42755
42051 42748
42052 42749
42074 42763
42078 42868
42081 36724
42098 42812
42112 42751
42113 36762
42115 42821
42128 42721
42167 37218
42236 37085
42247 42928
42254 37187
42262 42885
42296 37382
42350 42986
42360 43177
42370 37331
42382 43196
42393 43117
42436 46799
42451 43055
42452 37590
42458 43183
42473 43134
42522 43154
42524 43239
42534 37251
42548 43043
42549 43044
42567 37596
42580 37538
42629 43310
42636 37684
42648 43341
42653 37560
42671 43248
42675 43407
42715 37683
42720 37826
42726 43388
42729 37802
42736 37751
42746 43479
42757 47282
42761 47277
42767 43322
42776 37909
42779 43455
42791 43517
42800 43484
42808 43483
42824 43501
42827 38017
42860 43520
42880 38132
42885 43537
42892 43463
42934 43618
42937 43523
42949 43481
42952 47467
42990 43592
42993 38187
42999 43392
43037 43613
43056 43636
43075 38225
43119 38236
43120 43673
43142 38330
43164 38285
43166 43569
43167 43658
43218 38451
43223 38461
43224 38439
43272 38493
43275 43695
43298 43701
43317 38583
43318 43862
43324 43877
43344 38645
43347 43742
43352 38656
43358 38388
43363 43817
43366 38400
43379 38377
43382 43956
43398 43793
43410 30745
43427 43825
43436 43819
43463 43847
43512 43879
43523 43882
43550 43934
43552 43925
43568 30607
43578 43981
43606 38723
44098 44497
44132 48091
44153 44550
44167 48182
44170 44485
44176 44418
44195 44587
44212 48125
44218 48209
44224 44603
44226 48079
44252 44514
44265 48164
44297 44755
44299 48183
44300 48184
44310 44783
44311 44784
44329 48224
44337 44652
44340 48196
44349 44802
44354 44785
44355 44786
44364 48282
44367 44718
44369 44626
44373 44629
44375 44768
44378 44689
44384 48287
44385 48288
44401 48295
44407 48350
44436 48373
44440 48305
44442 48387
44446 48393
44447 44858
44459 48271
44468 44852
44471 48361
44475 48365
44476 44842
44481 44874
44494 48431
44495 44850
44509 44886
44526 48371
44527 48372
44536 48366
44542 48423
44549 44976
44551 44977
44559 45069
44562 48404
44563 44885
44571 48509
44572 48510
44573 48466
44588 45054
44595 48417
44634 45102
44638 45194
44649 45055
44654 48596
44655 48597
44676 45234
44677 44970
44681 45231
44683 45098
44691 40282
44704 45186
44708 48586
44709 45143
44717 45011
44724 45021
44738 45216
44741 45127
44742 45237
44743 48614
44767 45254
44772 45262
44779 40628
44780 45287
44813 45319
44822 45330
44830 48705
44831 45282
44838 48726
44839 48727
44847 45220
44858 45371
44859 45316
44871 45347
44873 48733
44878 45268
44880 45380
44887 45373
44895 48662
44897 45522
44906 45404
44918 45417
44919 48691
44921 45313
44924 45390
44949 45465
44952 45579
44968 45437
44980 45482
44985 45433
44991 45485
44998 45488
45005 45456
45009 45392
45011 45503
45055 48843
45084 48821
45087 48853
45091 45551
45096 45547
45097 45548
45106 45558
45117 45569
45118 45563
45139 48988
45157 45656
45158 45657
45174 45672
45176 41220
45200 45684
45202 45702
45203 49108
45207 49100
45208 45884
45222 45685
45223 45686
45230 48974
45235 49091
45237 51379
45246 45725
45251 45920
45252 45921
45265 45728
45276 45752
45280 45778
45289 45781
45305 45925
45306 45926
45310 45789
45311 45936
45313 45764
45320 45943
45338 41269
45342 45806
45348 45832
45356 45840
45357 45844
45377 49056
45386 49212
45389 45843
45406 46027
45418 49232
45431 49143
45433 45940
45437 45893
45449 45903
45463 49096
45483 45938
45523 46179
45544 46213
45552 46222
45565 46043
45567 46243
45581 46255
45582 46068
45583 46069
45597 41855
45598 41856
45602 46265
45621 46154
45628 46173
45629 46287
45690 46157
45697 42003
45703 46353
45721 46378
45722 46251
45723 46252
45745 46395
45756 46400
45759 46248
45764 46402
45769 46409
45779 46295
45785 46270
45793 46284
45817 46276
45818 46277
45824 46267
45827 46268
45852 49473
45857 46496
45858 46497
45865 46382
45906 41960
45951 46498
45953 46558
45965 46436
45971 42209
46042 46553
46056 46574
46060 46676
46066 46670
46079 46508
46111 46601
46139 49706
46166 42375
46179 42606
46180 46610
46190 46617
46191 46636
46224 42429
46241 42778
46246 46880
46261 46678
46262 46686
46265 46730
46283 46848
46284 46933
46357 46832
46360 46829
46395 46858
46421 46878
46427 46899
46447 43065
46471 46896
46477 46956
46478 47118
46499 42963
46500 46972
46505 46981
46524 42987
46540 42941
46565 47195
46590 49964
46605 47018
46620 47079
46628 43220
46635 43241
46677 47167
46681 47094
46686 43132
46719 43182
46738 47219
46740 43256
46741 47172
46745 11827
46757 43200
46774 43288
46783 47207
46802 43314
46812 43321
46817 47273
46823 47331
46835 47203
46848 43335
46872 47313
46873 47306
46878 47326
46884 43365
46886 43385
46891 47252
46914 47256
46917 47343
46928 43428
46935 47354
46938 43459
46952 47298
46967 43402
46968 47383
46976 47398
46982 47400
46989 47412
46991 47303
46997 47424
47000 47370
47001 47318
47014 43559
47025 43563
47030 47458
47056 43609
47060 47502
47065 47446
47068 47524
47071 43433
47075 47494
47082 47459
47088 43541
47090 47519
47092 43694
47093 47559
47094 43683
47096 47501
47109 43712
47110 38222
47111 47560
47114 47561
47116 47564
47119 47523
47120 47578
47134 47573
47146 47448
47147 47615
47159 47616
47163 47603
47165 43715
47177 43598
47182 47625
47201 47611
47208 43841
47216 43787
47217 43740
47220 47542
47225 43838
47231 47595
47262 43876
47267 47674
47275 47590
47288 47673
47293 47671
47294 47723
47295 47724
47303 43785
47304 43786
47305 47623
47311 43974
47314 43932
47315 43933
47321 43802
47329 43871
47330 43872
47332 47657
47338 43958
47348 43829
47350 47744
47353 43847
47374 43972
47377 43886
47405 43942
47409 43938
47791 30665
47816 48052
47823 48006
47830 48107
47832 48101
47839 48025
47842 48115
47844 50733
47846 50730
47855 50738
47862 48215
47867 48124
47872 48152
47876 50716
47879 48226
47889 48237
47891 50723
47901 48180
47904 48231
47905 48193
47928 50767
47936 48216
47937 50704
47938 48153
47939 48154
47954 48281
47955 48131
47961 48243
47965 50821
47966 48129
47971 50744
47980 48308
47982 50786
47988 50846
47989 50877
47995 48276
48013 48247
48015 50847
48022 50812
48047 48319
48048 48320
48056 48396
48058 48327
48064 50917
48074 48343
48075 48344
48076 48312
48097 50941
48099 50906
48101 48362
48107 50911
48116 48368
48120 48388
48128 48429
48132 48434
48134 48402
48137 48446
48140 50949
48141 48405
48142 48410
48143 48411
48145 50981
48146 48419
48153 50988
48161 48475
48162 48428
48166 50902
48218 48490
48226 48539
48236 48519
48244 48516
48260 51063
48271 50998
48277 48559
48286 51083
48292 48581
48293 48619
48318 48593
48328 48718
48329 48719
48331 48616
48335 48620
48343 48666
48349 48629
48350 48630
48356 48580
48360 48693
48380 48657
48385 48786
48387 48783
48388 48725
48395 48667
48399 51096
48414 48641
48415 48756
48420 48730
48430 48774
48443 48789
48446 51201
48460 48883
48470 51185
48472 48802
48484 48813
48492 48823
48509 48781
48515 48822
48517 48941
48523 48831
48527 48934
48536 48939
48568 48858
48571 48890
48587 48871
48588 48872
48597 48878
48603 48874
48612 48929
48629 49033
48636 48910
48638 51292
48641 45883
48666 49091
48684 48959
48685 48960
48688 49001
48700 51377
48704 49030
48721 49031
48724 49022
48728 49164
48730 49047
48742 49063
48743 45841
48754 49082
48755 49051
48759 49185
48760 49186
48763 49027
48780 49215
48833 46093
48852 49139
48877 49218
48888 49227
48891 49149
48907 49203
48916 49355
48917 49356
48922 49340
48944 49219
48949 49374
48962 49381
48972 49394
48979 49375
48994 49427
49003 49341
49004 49342
49011 49343
49022 49361
49029 49287
49030 49288
49038 49468
49042 49285
49043 49286
49048 49371
49068 49314
49069 49315
49075 49391
49076 49392
49079 49298
49083 46363
49100 49508
49118 49439
49144 46207
49188 49546
49200 46305
49210 49452
49216 49504
49233 49537
49267 49671
49270 49593
49271 49501
49323 49648
49324 46576
49325 46575
49337 46735
49348 49665
49396 49814
49402 49820
49415 49677
49416 49680
49435 46867
49436 49855
49459 46865
49460 46866
49470 46873
49496 49750
49505 46867
49512 49772
49530 36736
49589 49832
49604 49972
49609 49904
49675 46986
49683 49897
49693 46957
49735 47014
49762 49964
49771 47052
49776 47165
49785 49986
49786 50116
49795 47049
49845 50135
49855 50139
49887 50093
49889 50094
49932 47257
49933 47258
49937 50138
49972 47299
49979 50231
49981 50247
49990 47184
49994 50258
49996 47339
49998 50233
49999 50234
50011 50167
50015 47403
50020 47360
50035 47381
50039 47346
50043 47397
50046 50287
50060 50244
50068 50306
50074 50225
50077 47378
50092 50269
50095 47452
50096 47453
50109 50318
50117 50346
50126 50339
50131 50333
50132 50334
50136 47489
50162 50368
50169 43717
50178 50381
50186 52144
50199 50389
50218 50392
50221 47621
50222 47622
50227 47639
50228 50420
50234 50423
50235 47511
50252 47665
50258 47541
50260 47546
50268 50449
50274 47703
50287 47582
50295 50387
50296 50388
50304 50390
50311 47588
50312 50393
50313 50435
50315 50447
50316 50407
50317 50408
50318 47629
50331 47742
50333 47657
50340 50433
50343 47729
50345 50491
50397 50474
50693 52404
50694 52405
50702 52407
50708 52418
50713 50692
50714 50693
50728 50714
50729 50715
50735 52432
50743 50803
50746 50819
50747 50792
50749 50705
50759 50780
50761 50781
50772 50814
50775 50755
50776 52465
50777 52467
50791 50820
50803 50830
50812 50798
50814 52479
50818 52494
50826 52498
50831 50812
50838 50897
50842 50865
50852 52496
50853 52497
50857 50858
50862 50871
50867 50886
50870 52525
50876 50868
50877 50869
50888 50894
50890 52519
50891 50890
50895 52539
50897 52580
50901 50882
50904 52559
50908 50900
50920 50899
50921 52596
50925 50938
50927 50902
50928 50935
50929 50936
50942 50954
50952 50969
50956 52605
50960 51033
50963 52595
50967 48516
50970 51045
50977 51049
50990 52635
50995 52656
51001 51015
51002 51016
51008 51026
51016 52636
51021 52662
51028 51055
51031 51035
51034 51056
51037 51022
51039 52653
51044 51073
51045 51074
51065 51088
51084 52666
51091 51136
51100 51148
51101 51137
51102 51138
51104 51141
51105 51142
51107 52698
51110 52704
51111 51135
51114 52715
51118 52716
51125 52779
51132 52725
51134 51178
51141 51190
51142 51188
51143 51189
51152 51191
51157 51151
51158 51152
51169 51192
51176 51176
51178 51175
51181 51222
51182 51223
51189 51202
51202 52844
51220 52800
51249 52795
51256 52826
51261 51349
51300 51336
51303 51388
51304 51334
51375 49307
51398 52894
51429 51523
51434 51438
51435 51475
51436 51421
51449 51430
51459 51558
51464 49425
51472 51469
51479 51467
51485 51522
51492 51485
51496 51598
51500 51503
51519 51581
51520 51582
51532 51512
51542 51648
51604 51689
51628 49542
51629 49543
51636 51644
51662 51736
51671 53103
51685 49615
51697 51796
51698 51797
51713 49834
51714 49835
51717 46867
51726 49707
51744 51876
51753 49772
51760 51757
51780 51816
51783 51904
51796 51802
51810 51862
51828 51838
51842 53204
51845 51951
51846 51890
51901 51887
51903 51894
51904 51895
51912 51925
51919 51914
51937 50091
51942 51940
51954 52007
51986 51997
52004 53324
52008 52021
52013 50149
52021 52039
52034 50229
52045 50210
52051 51993
52056 52063
52062 50233
52064 52016
52069 52099
52085 52079
52088 50244
52125 52138
52149 52137
52163 52158
52175 52155
52176 52115
52200 52194
52205 52136
52209 52208
52215 52212
52223 52222
52225 52198
52228 52166
52231 52223
52233 50397
52238 50447
52244 52210
52245 50412
52248 50469
52249 52189
52259 50433
52263 50442
52264 50443
52284 52226
52497 52374
52510 52420
52535 52429
52551 52452
52566 52485
52570 52476
52571 52477
52583 53668
52585 52448
52586 53632
52589 52483
52598 52468
52607 53670
52612 52508
52613 52509
52620 53674
52623 52517
52624 53666
52632 52511
52634 52530
52636 52549
52639 53679
52642 53677
52648 53727
52649 52568
52661 52565
52673 53729
52676 52618
52677 52585
52684 52593
52686 52593
52699 52590
52708 52620
52709 52621
52710 53749
52711 52641
52715 53779
52716 52611
52720 53781
52723 52617
52728 52668
52742 52639
52743 52654
52755 52658
52758 52676
52759 52714
52760 52672
52781 52711
52785 52728
52786 52729
52787 52692
52792 52743
52800 52752
52810 52741
52811 53839
52817 52814
52818 52815
52821 53860
52824 52782
52826 53868
52830 52761
52831 52762
52858 53869
52859 53870
52869 52823
52871 52821
52879 52827
52922 52873
52944 52889
52972 52982
52979 51439
52987 52948
52996 52928
53016 52996
53017 52998
53021 51484
53028 52956
53029 53030
53044 53020
53049 52972
53071 52991
53072 52992
53079 53044
53085 53052
53086 51539
53090 53083
53091 53084
53103 53055
53104 53056
53114 53062
53131 49543
53143 53120
53168 51803
53172 53100
53173 53101
53231 53191
53234 53143
53235 53168
53241 53171
53245 51902
53249 53166
53261 51810
53276 51870
53287 53189
53297 53228
53298 51969
53324 53233
53331 53222
53335 53251
53350 53260
53353 53287
53358 53301
53393 53318
53395 52010
53404 52030
53410 53312
53416 53279
53417 52049
53418 53351
53423 52059
53463 52100
53464 52101
53473 53394
53480 53411
53487 53407
53492 53414
53499 53377
53510 52147
53515 52154
53526 53445
53534 53421
53536 53463
53541 53471
53544 53428
53561 54328
53576 53490
53583 53461
53586 53465
53587 53466
53597 52214
53781 53626
53790 52484
53793 53656
53794 53636
53795 53634
53799 53650
53801 54475
53833 54492
53837 53675
53856 53715
53860 53708
53874 53778
53877 53738
53879 53739
53887 53784
53895 53754
53903 53748
53936 54591
53950 52727
53966 53840
53967 53841
53971 53838
53972 54580
53975 52815
53978 53843
53979 53844
53985 53862
53995 53889
54003 54625
54006 53899
54007 53930
54027 53906
54028 53905
54040 53913
54053 53931
54084 53962
54092 53989
54093 53990
54095 53995
54102 54019
54104 53979
54106 53978
54126 54041
54127 53996
54135 54000
54137 54005
54149 54029
54242 54171
54271 54136
54275 53146
54294 54193
54298 54164
54335 53245
54339 54225
54355 53302
54357 53286
54384 53348
54396 53344
54409 54291
54418 53374
54425 54301
54426 54302
54427 54303
54435 54311
54436 54308
54450 54318
54456 53422
54457 53434
54471 54336
54476 53423
54479 53462
54501 53473
54503 54344
54610 54455
54611 54454
54614 54461
54621 54471
54623 54970
54624 54459
54639 54977
54655 54994
54656 54991
54661 54491
54662 54507
54664 54494
54665 54495
54666 54503
54667 54483
54670 54504
54672 55012
54678 55002
54681 54514
54692 55020
54693 55022
54694 55025
54695 54515
54707 54527
54708 54528
54709 55030
54715 55032
54725 54560
54743 54583
54766 55050
54807 53938
54822 54668
54838 54680
54839 53965
54848 55111
54858 54682
54864 54000
54878 54062
54879 54063
54881 54710
54892 54695
54912 54100
54930 54786
54938 54746
54982 54802
55000 54829
55002 54822
55014 54834
55021 54261
55041 54869
55072 54907
55091 54910
55155 54964
55161 55271
55167 55280
55172 55001
55174 55279
55175 54999
55176 55000
55192 55287
55195 55013
55200 55026
55202 55302
55210 54548
55219 55312
55220 55054
55221 55314
55245 55065
55253 54633
55256 55093
55257 55077
55259 55354
55271 54664
55284 55113
55305 55128
55307 55129
55308 55130
55339 54773
55348 55153
55353 54818
55356 54811
55366 55166
55370 55177
55373 55178
55374 55179
55383 54842
55419 54899
55420 55225
55422 55223
55434 54919
55493 55272
55500 55275
55507 55488
55525 55299
55532 55308
55540 55504
55573 55347
55580 55356
55587 55359
55599 55373
55606 55383
55650 55427
55660 55444
55662 55200
55679 55212
55680 55215
55682 55451
55689 55228
55728 55480
55734 55487
55740 55493
55741 55494
55756 55511
55757 55512
55758 55650
55764 55519
55773 55524
55779 55534
55797 55556
55807 55562
55814 55448
55822 55588
55857 55619
55858 55620
55861 55623
55862 55625
55866 55726
55867 55631
55875 55734
55894 55653
55901 55664
55911 55676
55963 55800
55967 55729
55968 55730
55970 55807
55978 55743
55979 55745
55980 55746
55981 55748
55985 55656
55990 55817
56009 55769
56017 55695
56021 55776
56023 55700
56048 55798
56057 55815
56069 55827
56100 55853
56117 55865
56119 55868
56137 55897
56143 55887
56149 55889
56153 55892
56169 55910
