2963
96 1242
106 1491
107 1492
131 1264
133 1117
137 1269
138 19646
139 19647
163 1159
166 19858
167 19736
238 19965
277 1206
290 808
313 1524
328 994
331 1641
355 19786
361 1600
369 19604
390 19623
403 906
445 1971
453 19979
460 1621
482 1754
492 19666
512 1534
549 19678
562 1778
591 1751
609 2056
617 1585
646 1165
647 1166
671 20207
683 2210
768 1990
799 20179
847 1716
855 20243
857 2033
863 20108
884 20370
911 2160
912 2161
923 2162
939 20285
944 20413
962 20010
1019 20321
1046 2525
1063 2338
1064 20350
1085 2658
1086 2659
1103 20380
1104 20374
1112 23232
1123 2360
1132 20634
1136 2715
1193 2796
1208 20310
1232 2827
1278 20462
1282 20759
1299 20760
1334 20559
1354 2599
1380 20244
1383 2629
1407 2650
1437 2731
1438 2732
1462 20571
1467 20642
1643 3017
1665 20682
1685 2964
1694 2510
1729 3266
1737 2441
1902 3032
1948 3194
2006 21009
2009 3284
2041 3887
2045 20918
2100 3739
2201 21401
2211 3052
2328 31721
2411 3935
2452 21423
2469 3544
2474 4055
2485 21445
2513 21444
2523 21685
2556 21293
2571 3906
2673 21704
2674 21705
2760 4061
2838 4141
2856 4813
2862 3906
2904 21504
2917 21538
2918 21539
2932 21556
3025 21608
3095 4321
3203 4010
3208 4238
3230 4506
3238 21805
3258 4782
3272 21773
3273 21774
3286 21568
3289 4709
3290 4710
3312 4696
3319 4833
3355 4770
3455 21856
3556 5146
3610 22042
3692 21990
3707 22291
3711 32042
3832 5293
3907 5375
3991 5589
4016 5600
4042 5627
4043 6008
4076 22312
4083 5688
4086 22325
4111 5718
4124 22391
4171 5665
4236 5767
4246 32457
4259 5663
4287 5494
4302 5824
4306 5809
4349 22331
4387 5879
4388 5794
4395 22555
4396 5815
4412 5426
4432 6433
4433 5649
4436 22848
4438 22477
4455 5686
4465 5435
4493 5904
4496 22576
4529 5479
4530 5474
4538 22593
4542 6018
4547 5949
4560 22584
4573 22603
4574 22604
4598 22624
4614 6049
4716 6855
4720 5839
4741 6090
4750 22749
4764 5763
4778 22775
4779 22776
4781 6358
4824 6402
4845 5849
4847 6425
4921 22898
4941 6550
4967 22937
4975 6581
5003 6611
5005 6557
5028 6730
5082 6798
5108 6222
5109 6223
5114 6833
5128 23003
5156 6741
5157 6704
5158 6705
5176 6856
5190 6769
5211 6276
5224 6834
5258 6975
5274 6993
5325 6383
5342 7370
5344 7371
5348 23163
5350 22834
5390 6945
5461 23217
5466 7028
5484 7185
5485 7186
5498 7107
5499 7108
5511 7242
5512 7243
5515 7255
5537 7214
5564 7237
5565 7238
5572 6740
5576 7265
5589 10038
5603 7294
5614 6761
5618 7357
5619 7197
5679 23534
5680 23535
5702 7817
5707 7299
5708 7300
5743 7419
5767 7449
5818 7586
5825 7026
5826 7027
5837 6985
5852 7622
5857 7617
5869 7526
5895 7473
5904 7651
5909 7452
5984 7675
6001 8219
6004 7800
6064 7756
6082 23864
6094 7873
6104 7972
6115 23300
6121 7893
6131 7824
6134 7893
6168 7904
6172 7253
6182 7885
6197 7962
6202 7273
6203 7274
6209 7892
6214 7923
6270 8004
6366 8033
6375 7660
6422 8047
6432 8276
6460 8658
6494 8347
6529 8029
6560 23523
6565 8885
6605 8415
6621 8417
6653 8457
6676 23955
6737 8475
6743 8539
6800 24273
6803 8587
6810 8304
6840 8639
6887 8682
6904 8705
6954 8755
7002 24017
7055 8742
7104 24088
7122 8886
7146 8958
7181 9002
7202 24390
7217 9542
7222 9039
7282 8700
7314 9639
7315 9640
7348 9213
7375 9121
7384 9148
7394 9200
7489 9252
7560 9504
7566 9247
7636 9375
7688 9442
7694 24511
7712 9332
7757 9548
7806 24609
7860 9578
7893 24671
7918 9457
7921 24638
7926 24480
7934 9723
7935 9506
8010 9747
8011 9748
8136 9661
8352 12900
8353 10695
8489 10145
8635 10109
8636 10110
8677 24963
8746 30225
8764 11056
8765 11057
8919 10476
8930 11249
9026 10591
9046 11454
9154 11469
9164 10685
9202 25387
9216 10728
9226 11207
9302 25449
9339 11773
9340 11774
9366 26110
9380 10810
9421 11400
9429 11773
9430 11774
9453 10776
9486 25617
9529 11478
9550 10801
9591 10971
9606 25586
9607 25587
9695 11646
9696 11968
9739 25674
9815 11065
9879 11238
9920 11066
9943 11947
9974 11964
10006 12017
10069 11215
10157 12449
10162 11342
10188 11373
10208 11397
10217 11617
10226 12389
10244 11813
10278 12044
10280 11473
10370 12389
10414 17374
10421 11656
10480 12259
10554 12573
10555 11779
10571 12602
10621 12039
10638 12055
10671 12901
10704 12745
10784 12713
10842 12949
11027 12949
11080 12498
11088 12540
11187 12800
11204 13018
11471 26808
11504 12829
11512 12960
11526 12783
11575 13023
11657 13125
11658 13126
11786 13547
11813 12944
11821 13113
11850 13512
11904 13854
11949 13329
12161 13719
12162 13720
12171 14179
12227 13471
12235 13468
12258 14211
12315 13218
12349 16870
12642 14117
12643 14118
12679 13630
12733 38723
12799 14270
12800 14213
12801 14214
12852 24901
12989 14390
13150 14642
13306 14311
13307 14227
13656 14474
13704 14979
13791 14807
13868 14636
13944 15511
14136 15068
14277 15193
14341 16093
14343 15348
14352 16108
14391 15135
14451 28247
14606 28254
14646 15819
14648 16337
14649 16345
14699 15894
14858 16129
14924 15966
15020 16615
15279 16193
15407 16340
15518 16531
15524 16542
15570 16744
15629 16633
15652 29208
15823 16874
15824 16892
16133 17009
16222 17410
16245 17446
16246 17447
16293 16861
16549 28917
16584 17355
16595 17742
16608 17456
16717 17365
16848 17467
16866 17681
16887 17351
16921 18065
16940 17438
17100 18220
17104 17776
17166 17880
17341 17705
17348 18077
17427 17008
17452 18187
17488 17882
17526 18505
17668 18255
17792 18577
17798 18224
17799 18127
17823 18242
17878 18291
17961 18635
17997 18368
18002 17690
18011 18682
18120 18746
18125 18838
18126 18839
18160 18317
18176 18963
18283 30009
18322 18643
18503 18816
18614 18956
18633 30103
18634 30104
18932 29286
19818 2629
19830 19493
19927 19481
19933 19774
19977 19950
19983 1609
20004 1671
20018 19982
20028 30753
20066 20091
20067 20058
20071 19657
20078 30757
20102 20012
20108 30524
20124 19724
20132 30901
20137 20014
20143 30658
20156 1718
20169 20045
20171 20063
20184 20087
20194 30812
20234 20260
20235 20261
20277 30995
20291 2314
20298 20229
20304 20222
20305 20223
20355 31085
20361 31044
20374 20311
20402 20340
20502 20427
20556 31005
20557 31006
20561 20307
20568 20666
20574 20209
20577 31289
20579 20673
20580 31286
20591 20527
20595 31034
20605 20542
20607 20447
20608 20448
20611 31221
20647 20575
20655 20573
20656 31241
20692 20508
20693 20509
20716 20654
20787 31220
20821 3095
20825 20758
20835 20999
20847 31444
20885 20823
20900 31388
20973 31448
20978 31455
21008 20854
21034 31497
21038 21393
21046 20922
21047 31511
21053 21249
21060 31732
21094 20926
21157 3701
21180 21053
21195 21259
21201 21361
21204 21579
21211 21080
21265 21172
21288 21346
21295 21725
21344 21763
21361 21313
21371 21507
21386 31769
21392 31771
21410 21624
21463 21350
21470 21557
21534 4292
21535 4293
21578 21622
21579 21623
21593 31947
21641 21826
21659 5195
21661 21848
21683 4847
21695 5401
21721 5012
21775 31400
21788 32044
21793 32129
21824 21978
21948 32246
21955 22101
21956 22102
21968 32465
21982 22338
22042 32110
22044 22196
22045 22202
22083 32371
22084 22375
22099 22258
22127 22263
22149 32397
22152 32650
22158 22384
22166 32398
22177 22363
22178 22353
22208 32466
22224 22757
22236 22417
22257 22453
22262 22337
22284 22472
22300 22201
22308 22520
22313 22497
22318 22215
22321 22893
22324 22484
22325 22878
22339 5921
22347 22252
22349 22542
22360 22544
22368 22285
22379 22579
22382 22298
22383 22296
22399 22647
22412 22612
22424 22306
22430 22673
22435 22630
22438 22393
22439 32619
22440 22622
22494 22765
22498 22686
22541 22746
22546 32758
22559 22768
22568 22850
22585 22882
22593 22910
22600 32776
22612 32985
22630 22957
22639 32803
22644 6596
22658 22600
22661 32822
22663 23006
22670 22841
22691 22707
22703 23032
22710 32875
22734 23070
22745 23101
22762 32934
22782 23165
22785 23064
22808 23135
22819 23301
22821 22825
22828 23183
22829 23146
22832 22860
22833 23199
22834 23200
22857 32999
22873 23239
22874 23234
22890 23301
22902 23283
22911 23311
22928 23322
22938 23330
22988 33260
23020 23407
23035 7507
23069 7648
23085 23466
23109 23486
23110 7623
23145 33215
23168 23498
23193 8022
23194 40134
23203 23669
23204 23670
23225 23707
23237 33303
23242 33301
23252 23340
23259 23565
23262 23649
23290 23719
23298 23768
23332 24082
23343 23805
23375 33423
23414 24145
23430 24160
23431 23859
23432 23860
23446 23889
23479 33693
23499 23945
23533 23962
23539 24205
23540 33738
23595 23993
23601 23984
23620 24022
23645 24033
23649 24029
23667 33623
23670 24086
23686 24001
23727 24147
23769 24198
23783 24094
23784 24095
23798 24475
23799 24220
23802 24232
23832 24054
23860 24173
23865 33989
23868 24118
23875 24260
23886 24372
23932 24342
23935 33802
23939 33951
23945 24208
23946 24373
23951 24496
23952 24382
23965 24383
23978 24240
24120 9409
24125 24509
24165 24580
24189 24604
24190 24567
24213 24528
24243 24656
24302 24726
24307 9735
24352 9661
24365 24708
24415 24639
24439 9936
24456 15959
24474 24888
24477 24677
24483 24784
24523 25434
24623 25068
24632 25404
24653 25069
24704 25014
24711 10062
24715 25000
24725 24986
24739 25095
24740 25096
24758 34379
24767 25707
24768 25708
24788 25001
24844 25609
24850 25064
24852 25225
24876 25294
24888 34610
24932 25431
25012 25997
25013 25998
25065 25816
25080 25445
25099 25476
25123 25900
25130 10815
25226 25643
25234 26122
25239 25661
25243 26283
25247 26282
25251 26304
25252 26306
25254 26134
25318 26433
25321 34859
25322 34860
25374 25685
25426 26327
25458 12436
25459 12437
25477 25812
25489 12337
25506 34959
25513 12494
25518 25964
25593 26482
25644 26224
25703 12007
25716 26243
25743 26296
25754 26344
25775 26390
25815 26349
25821 12460
25836 26553
25937 26658
25943 26589
25960 12537
25983 12574
26004 26745
26029 27022
26044 26646
26048 26647
26055 35454
26137 26819
26138 26820
26171 26853
26220 27204
26295 27273
26309 26950
26316 26835
26396 27380
26425 27197
26438 27441
26471 27437
26493 14035
26515 26963
26523 27266
26533 14098
26555 27565
26597 27126
26606 14174
26660 14075
26672 27518
26691 27527
26703 12424
26719 27481
26758 27414
26847 14460
26861 27328
26915 14269
26916 14270
26948 27254
26985 36038
26987 27841
27016 27631
27059 27693
27070 27766
27420 36487
27454 27794
27476 27647
27477 27648
27521 28096
27594 15897
27624 28500
27654 28127
27675 28047
27676 27945
27688 27970
27703 28411
27754 28047
27757 28183
27766 28572
27776 28247
27777 28248
27795 15255
27807 28077
27813 28191
27838 28269
27849 28125
27851 28222
27883 28256
27884 28257
27910 28364
27925 28383
27929 16289
27941 15488
27948 15394
27960 28236
27972 28430
27986 16404
28000 15715
28010 16443
28029 27899
28051 15671
28072 16545
28077 16557
28130 28617
28149 16634
28151 16635
28197 28655
28198 28656
28284 16367
28319 16390
28346 28987
28366 28701
28426 16949
28484 28871
28518 17089
28545 16780
28598 17007
28670 28808
28688 28994
28689 28995
28694 16977
28710 37026
28722 29195
28726 29065
28799 17709
28820 28927
28893 29334
28922 29002
28925 17559
28944 17623
28987 29459
29027 29437
29038 17685
29048 17476
29055 18075
29078 17496
29112 18185
29113 18186
29149 29302
29161 17296
29167 17545
29172 29413
29180 17952
29198 29439
29249 29427
29250 29428
29296 29328
29306 18119
29311 29372
29338 17597
29358 29537
29369 18011
29371 29520
29374 17905
29403 18047
29407 29730
29414 29456
29424 18042
29516 18175
29598 18007
29688 29798
29707 29843
29716 29676
29729 37701
29738 29860
29787 29735
29790 18350
29796 18835
29801 18674
29812 37611
29843 18462
29845 29822
29858 18515
29859 37662
29860 37663
29862 18283
29863 18284
29883 29851
29884 29831
29899 18958
29915 18813
29917 29846
29918 29852
29943 18555
29954 18990
29998 18868
30011 30095
30012 30096
30094 30000
30101 30110
30211 18948
30217 18989
30222 18976
30848 30673
30900 30450
30945 30609
30964 30729
30973 30831
30974 30832
31021 30494
31025 38390
31034 30603
31040 30911
31064 30899
31076 38280
31087 43414
31097 30961
31098 30962
31118 30855
31131 30866
31139 38444
31143 30889
31163 20186
31183 30700
31184 30701
31193 30952
31205 30724
31251 30992
31258 31019
31263 31007
31288 31027
31293 31043
31306 31063
31313 31056
31318 38595
31319 38596
31321 38597
31330 38615
31334 38647
31343 31291
31359 31310
31381 38658
31395 38495
31413 38687
31416 38667
31417 38666
31418 31197
31420 31195
31437 31236
31465 31225
31466 31205
31467 31276
31477 38763
31478 38764
31488 31322
31506 31324
31509 31330
31510 31331
31524 31220
31535 31350
31558 38851
31563 31346
31578 38834
31600 31542
31610 31398
31611 38698
31618 38895
31619 38896
31634 31459
31680 38855
31684 31495
31696 31500
31748 31482
31833 21290
31836 31532
31851 31728
31909 31803
31924 31726
31928 39119
31996 39088
32009 31897
32033 39114
32046 31905
32047 31906
32073 39162
32101 31683
32117 31976
32144 31991
32188 39236
32219 39145
32222 32062
32224 32123
32228 39105
32269 39255
32278 39138
32280 39334
32285 39274
32286 32153
32287 32154
32317 21290
32332 32287
32338 21883
32371 39356
32394 32252
32401 21932
32417 39395
32419 39454
32426 39413
32431 32146
32432 32147
32433 39438
32444 39595
32481 32451
32494 32386
32524 32633
32542 32436
32545 32476
32550 32451
32561 32237
32566 39559
32569 32433
32581 39569
32588 32486
32606 32324
32638 32431
32639 39520
32650 32506
32668 39758
32688 32332
32706 32592
32732 39798
32749 32576
32753 32584
32765 39677
32767 39673
32793 39521
32794 39691
32812 32693
32816 32678
32818 32471
32822 39717
32825 32526
32826 32527
32843 32540
32871 32735
32879 32581
32890 32794
32897 32808
32907 32815
32908 32816
32925 32575
32935 32858
32943 32891
32950 32850
32974 39804
33007 32704
33038 32727
33057 33086
33063 32989
33080 39831
33099 33009
33100 33010
33108 33154
33130 39937
33137 39962
33145 32863
33149 39948
33164 33059
33165 33209
33166 33210
33179 33079
33186 7550
33193 23455
33196 33381
33211 32927
33215 23401
33216 33165
33220 23685
33234 33129
33239 40005
33247 33131
33251 40021
33266 39878
33292 33145
33302 33148
33312 33161
33331 33229
33341 33254
33342 33017
33349 23867
33354 33313
33362 33250
33379 33320
33381 39956
33383 33315
33409 33278
33421 33108
33427 40109
33436 33323
33450 33319
33451 33320
33456 33406
33457 33407
33466 33321
33474 33386
33478 40300
33486 40190
33490 33126
33529 33176
33531 33486
33536 33463
33539 40229
33549 33467
33555 33696
33557 33505
33575 33532
33579 33688
33597 33726
33600 33538
33617 33568
33628 33570
33636 33586
33638 33578
33642 33601
33653 23786
33663 33608
33666 33579
33675 33622
33676 33630
33717 33666
33734 33482
33735 33483
33755 33676
33762 33650
33767 33706
33773 33588
33774 33728
33787 24116
33793 33791
33797 24504
33814 33599
33820 33640
33821 33641
33824 23988
33836 33762
33862 33793
33865 33678
33871 33810
33872 24116
33873 24117
33885 33839
33925 33700
33942 33881
33957 33786
33967 34042
33996 33958
34000 33926
34024 24519
34041 40526
34051 34060
34070 33897
34125 24621
34134 33991
34136 34121
34162 40600
34184 34149
34188 40632
34189 40633
34196 34153
34197 34154
34202 34203
34222 24761
34236 33320
34272 24935
34298 34475
34315 34184
34364 40676
34376 34287
34411 40671
34451 34307
34486 34389
34509 34338
34516 34440
34526 34406
34562 25107
34566 34413
34571 25287
34599 34521
34609 34744
34616 40759
34719 25781
34749 34588
34758 34636
34770 34645
34772 34920
34780 34688
34783 34674
34795 34758
34809 34599
34822 34715
34826 34713
34827 34714
34849 34740
34854 35012
34876 25633
34877 25634
34915 34738
34916 34739
34924 34838
34930 34852
34997 35146
35009 34844
35028 35167
35054 34891
35059 35205
35138 35059
35171 35052
35241 35198
35297 26558
35322 35340
35336 35192
35400 35370
35406 26936
35409 35308
35513 35462
35548 35632
35576 26689
35603 35432
35613 35525
35639 35735
35671 35417
35674 35540
35701 35777
35756 35833
35757 35834
35817 27312
35828 35887
35906 35746
35936 35831
35995 36050
36001 35788
36041 35900
36047 35830
36057 36015
36078 27322
36091 35933
36092 35934
36102 27578
36188 36008
36222 36039
36226 35854
36291 36200
36304 35936
36312 35995
36328 35944
36334 36131
36335 35960
36377 36280
36446 36269
36512 36454
36543 28066
36649 28077
36678 28085
36683 36399
36684 36400
36698 36389
36741 28687
36742 28688
36757 36476
36768 28346
36783 36502
36796 28390
36805 28744
36813 36532
36821 28391
36831 28482
36847 28446
36848 28447
36855 36623
36886 28542
36917 36925
36924 28884
36925 28885
36951 36705
36981 28938
36983 28946
37102 36899
37162 36896
37163 36897
37256 29014
37257 29145
37281 36907
37310 36996
37311 36997
37332 17016
37366 29283
37389 29311
37415 37125
37418 37391
37636 29758
37639 37322
37640 29445
37684 29490
37718 29863
37752 29539
37758 29544
37780 37413
37788 29586
37793 29607
37794 29608
37801 37620
37802 37512
37835 29655
37852 29673
37873 29804
37877 29708
37888 29628
37897 29742
37919 37483
37922 37609
37939 37637
37990 37684
37991 37685
37993 18442
38004 37544
38005 37545
38017 37700
38018 29780
38034 37555
38041 29991
38042 29992
38047 37737
38051 37739
38088 37611
38095 30021
38097 37824
38106 37640
38109 37776
38124 29994
38160 37731
38170 37829
38176 37880
38187 37876
38193 37887
38205 37770
38212 37786
38230 37795
38244 37807
38282 37866
38299 30055
38333 37909
38800 2629
38814 38283
38818 38097
38819 38098
38822 43336
38836 43255
38842 38267
38845 38166
38849 38333
38850 46933
38852 38165
38853 38308
38856 38379
38868 38341
38873 38363
38877 43197
38882 38316
38903 38167
38905 38346
38938 43340
38952 43402
38960 43379
38962 38476
38975 38260
38996 38248
39008 38444
39011 43448
39054 38421
39074 43459
39089 38630
39090 43544
39098 38556
39150 38725
39160 38639
39161 43539
39216 38729
39229 38745
39239 43669
39249 38711
39252 38726
39253 43633
39258 43713
39264 43769
39270 38744
39271 43666
39272 43667
39286 43605
39288 38708
39290 38759
39305 47197
39347 43737
39348 43784
39358 43694
39390 38798
39427 39039
39430 43806
39437 38892
39439 38748
39457 38935
39467 43782
39505 31477
39511 39068
39531 38901
39550 43908
39551 43904
39579 38957
39581 39084
39582 39083
39587 39062
39589 39042
39590 39043
39601 39059
39630 43813
39654 38972
39665 39178
39673 39284
39676 38997
39688 43864
39695 44081
39704 39024
39708 39025
39734 39236
39747 44057
39776 39249
39784 44082
39788 39138
39793 32184
39802 44079
39820 44186
39828 44030
39835 39346
39841 39535
39842 44199
39843 44200
39849 39392
39851 39509
39875 39426
39876 39381
39898 39400
39899 39401
39916 39579
39926 44148
39927 39447
39935 44175
39956 39475
39967 44210
39982 39687
39997 32591
40003 39512
40009 44232
40033 39750
40036 44262
40037 44263
40047 44374
40048 44375
40065 44388
40077 39639
40086 39500
40087 39468
40089 39798
40097 39665
40101 39677
40107 39818
40108 39673
40111 39826
40115 39701
40117 39684
40123 44422
40138 44343
40143 39591
40151 44353
40173 39774
40187 39739
40188 39740
40190 39594
40211 44403
40222 44409
40245 39988
40248 39829
40249 39776
40253 39992
40256 39712
40258 44350
40269 39861
40270 39862
40273 40033
40274 39990
40303 44476
40306 39789
40309 33066
40311 40065
40315 39921
40316 40045
40319 39799
40325 44489
40327 39868
40331 39948
40333 44457
40350 40094
40351 40070
40355 39972
40361 40016
40376 39847
40379 40095
40383 33136
40392 44434
40393 40010
40394 44460
40395 40040
40406 44537
40407 44534
40410 40015
40413 39878
40436 39910
40437 39911
40442 40087
40446 40089
40447 40079
40448 40080
40470 40239
40473 40122
40474 39956
40488 40107
40490 40126
40499 40183
40513 40172
40514 44641
40529 40124
40547 44610
40552 40229
40559 40235
40568 40222
40575 40250
40577 40233
40578 40085
40581 40255
40582 40256
40619 40283
40622 40280
40635 44724
40649 44834
40676 44673
40688 40317
40697 44765
40706 40282
40708 40263
40713 40351
40718 40383
40720 40388
40721 40348
40722 40381
40747 612
40749 40290
40769 40414
40774 44746
40779 40412
40781 40490
40784 40349
40790 40433
40792 40418
40811 40518
40812 40519
40826 40478
40827 40479
40856 33944
40895 44907
40933 40555
40957 40584
40968 40600
40993 34154
40995 40586
41006 40634
41022 40601
41023 40602
41027 41460
41033 40614
41088 40653
41089 40654
41107 40676
41120 40718
41126 40906
41147 40721
41150 40929
41187 40812
41220 40962
41221 40837
41247 40820
41269 25309
41292 40897
41305 41067
41408 40925
41462 41015
41463 41030
41474 41032
41479 41234
41487 41073
41490 41005
41495 41097
41496 41098
41540 41050
41546 41071
41566 41193
41669 35276
41691 41279
41738 41226
41739 41227
41745 41311
41756 41483
41778 35370
41810 41552
41813 41345
41874 41468
41876 41448
41912 41446
41933 35480
41937 41462
41944 35724
41979 41527
41988 41707
42028 35814
42046 41574
42064 41641
42084 41584
42094 41676
42106 41807
42147 45730
42259 41816
42260 41817
42283 41912
42351 41805
42379 36166
42399 41854
42419 35929
42429 41836
42457 41880
42475 36462
42503 36497
42505 42096
42553 36358
42575 36627
42627 36289
42645 42057
42646 42058
42654 42077
42658 42073
42662 42083
42685 36362
42697 36794
42698 42219
42741 42219
42748 36527
42751 42186
42773 42189
42790 36591
42793 36651
42802 36889
42821 36648
42836 9446
42849 36834
42880 42264
42908 42327
42909 42328
42922 42344
42973 36910
42986 42410
42996 36973
43011 36999
43047 37179
43065 37291
43190 37210
43204 42617
43214 37085
43231 42526
43239 37270
43250 37404
43262 37301
43270 42700
43271 42701
43293 37261
43321 42724
43339 37332
43341 37463
43365 37494
43393 46488
43403 37559
43408 29787
43430 42829
43431 42753
43432 42748
43433 42734
43435 46086
43437 42749
43457 37617
43458 37618
43483 37636
43494 37651
43497 42798
43499 37678
43523 37688
43524 42874
43541 42834
43542 37522
43561 42904
43563 42917
43569 37661
43598 42892
43667 37806
43710 42965
44030 43306
44055 43259
44059 43200
44060 46966
44064 43341
44067 46853
44073 43317
44079 46967
44082 43291
44085 43321
44103 46882
44112 43397
44113 47025
44121 43367
44126 43439
44130 43229
44131 43230
44133 43416
44141 43358
44143 43386
44156 43458
44158 46936
44163 43381
44168 43303
44190 47092
44202 47121
44204 47122
44207 47063
44211 47124
44225 47098
44229 43497
44236 43509
44238 43553
44239 47014
44273 43555
44277 47045
44284 43584
44287 38635
44291 38635
44301 43474
44307 43536
44312 43507
44325 43590
44328 47148
44331 47168
44338 43520
44340 47160
44349 43513
44365 47211
44377 43717
44384 47188
44398 43704
44437 38966
44439 47227
44443 43748
44453 43762
44475 43828
44484 43775
44485 43776
44495 47260
44500 47298
44517 47332
44528 43767
44531 43808
44538 43682
44568 47331
44579 43841
44587 43928
44603 47348
44618 43920
44645 43955
44648 47349
44675 47395
44678 39383
44697 44035
44703 47386
44717 44028
44718 44029
44724 44171
44726 47470
44733 39312
44736 47480
44752 44110
44762 47493
44783 47580
44785 44168
44787 44098
44802 39485
44832 39421
44886 47554
44887 44296
44889 47548
44891 44237
44892 44193
44895 47641
44903 44219
44909 47658
44925 47670
44928 44239
44932 44341
44944 44359
44945 44221
44967 44173
44976 47645
44988 44423
44991 44216
44992 44422
44995 47652
45002 47671
45013 44315
45020 44357
45023 44355
45024 44356
45026 47691
45030 44364
45031 44360
45046 47696
45054 44408
45069 47807
45086 44414
45087 47826
45098 44396
45099 44397
45100 47837
45101 47756
45112 44438
45122 44468
45127 44387
45132 44440
45135 44487
45144 47717
45159 44428
45162 44514
45185 40150
45187 47840
45188 44490
45216 44548
45220 44453
45226 44539
45228 44568
45244 44588
45245 44589
45254 44585
45267 44511
45268 44512
45281 44592
45284 44722
45302 44545
45313 44554
45318 44652
45319 44653
45335 40156
45336 40157
45353 44705
45365 44790
45380 44725
45392 44657
45393 44744
45416 44732
45427 44862
45437 44773
45444 44787
45451 44890
45459 48108
45462 44929
45463 44930
45464 47981
45465 48030
45468 44753
45472 44932
45485 44824
45488 40457
45494 44959
45512 44906
45519 44847
45521 44853
45525 48017
45530 44898
45534 44851
45537 44882
45555 44866
45567 44877
45575 44914
45578 44935
45608 44971
45611 44895
45623 44961
45633 44989
45652 44999
45656 45010
45657 45011
45685 45003
45686 45004
45689 45044
45729 48203
45735 45188
45769 45103
45778 40844
45788 45127
45789 40829
45826 40931
45832 45160
45840 45166
45844 45167
45858 45330
45890 45176
45896 45194
45903 40938
45920 45390
45925 45357
45926 45358
45936 48452
45938 45214
45965 48355
45995 41066
46027 45434
46040 48556
46087 45317
46118 41341
46119 45409
46165 48507
46213 45610
46222 45629
46255 41591
46265 45681
46267 41386
46268 45493
46287 41643
46329 41494
46343 45582
46363 45767
46395 41750
46396 45663
46410 41771
46418 41680
46485 45769
46498 45772
46553 45808
46565 45933
46566 45870
46577 41951
46620 45871
46633 45978
46634 45979
46636 41874
46667 41899
46675 41900
46677 45906
46678 45907
46682 45909
46692 45928
46694 46021
46774 42098
46829 46048
46832 42109
46846 46077
46850 46086
46858 42151
46873 46217
46878 42185
46896 46133
46899 46130
46956 46162
46966 46178
46972 46190
46986 46240
47013 46244
47014 46245
47018 46241
47049 49097
47050 46365
47081 46322
47102 46368
47118 37342
47183 46323
47184 46324
47195 42779
47207 46385
47208 46405
47219 46436
47273 46484
47282 42694
47292 20530
47298 46496
47299 46520
47302 42757
47303 46461
47304 46462
47306 42767
47311 42737
47336 46550
47346 46542
47354 46572
47370 42797
47396 46628
47397 46629
47400 42872
47402 46623
47412 42882
47444 46679
47456 46610
47458 42936
47459 42900
47471 42887
47473 42964
47511 46666
47541 46698
47542 46693
47546 46709
47552 42959
47791 46850
47793 46968
47805 46983
47813 46862
47818 47004
47819 47005
47853 47043
47854 47044
47862 47088
47863 47010
47864 49632
47874 47040
47908 49634
47909 47132
47917 47073
47921 47014
47924 49674
47926 49646
47935 47039
47940 47126
47954 47058
47955 49690
47960 47131
47964 47210
47968 47173
47997 43671
48001 47181
48025 49664
48027 47202
48028 47263
48051 49718
48052 47198
48076 47221
48079 47224
48091 47323
48144 47321
48152 43926
48153 47347
48161 43867
48164 49793
48171 49796
48180 47378
48184 47398
48186 49823
48187 49824
48202 49783
48207 47414
48209 47498
48210 47359
48222 44003
48225 47336
48229 47430
48230 47431
48237 47523
48243 47434
48246 49868
48264 47463
48313 49880
48319 47543
48327 47531
48350 47626
48355 47649
48357 47650
48359 47571
48360 47572
48361 47582
48367 47587
48373 47673
48375 47584
48380 47600
48386 47599
48387 50022
48393 47693
48396 50027
48402 47590
48409 47617
48410 47615
48411 47616
48428 47631
48429 47654
48434 47665
48435 49974
48436 47597
48441 47656
48457 47752
48461 50028
48469 44358
48475 47698
48495 47789
48499 47738
48525 50118
48540 50041
48563 47715
48578 47748
48586 47841
48596 47910
48597 47913
48602 47815
48614 47865
48619 47870
48636 47944
48652 47895
48656 47850
48657 47886
48660 50101
48663 47852
48666 50161
48668 47861
48671 23847
48672 47918
48673 47919
48684 47860
48714 47903
48717 47907
48718 48012
48719 48013
48726 47960
48727 47961
48730 47968
48756 47987
48762 50203
48780 47990
48782 47996
48783 48073
48786 48093
48792 48108
48793 48109
48802 50234
48805 48043
48807 48025
48811 48050
48812 48095
48813 50240
48821 48003
48823 48063
48831 48072
48834 50255
48843 48076
48852 48120
48855 48217
48858 48123
48869 50292
48871 48142
48877 48162
48878 48144
48889 50309
48909 45013
48916 48265
48917 48138
48929 48191
48974 48235
48976 48225
48988 48319
49018 48231
49027 48220
49033 48342
49061 48408
49088 48291
49128 48332
49139 48322
49149 48312
49157 45364
49169 48402
49171 48490
49179 48355
49185 48472
49186 48473
49187 48384
49188 48385
49198 48371
49199 48367
49204 48368
49218 48422
49233 48423
49235 48414
49250 48424
49307 45533
49341 48538
49355 45599
49364 50609
49374 45625
49381 45635
49392 48564
49394 45649
49402 48666
49418 48669
49431 48585
49435 48569
49439 48602
49454 48683
49468 45733
49519 48690
49546 48713
49562 45765
49563 45766
49581 48799
49591 48811
49600 48697
49615 48711
49624 48815
49639 48832
49648 45893
49652 48795
49661 48795
49666 45827
49668 48746
49671 48868
49733 48861
49746 48847
49747 48848
49750 48890
49753 48856
49791 49014
49792 49015
49793 48941
49799 48733
49810 48959
49820 49032
49830 46044
49834 49045
49835 49046
49839 48930
49847 48977
49859 46083
49871 46217
49902 49031
49913 49016
49975 46366
49986 46254
50008 49119
50080 49247
50135 46482
50138 46430
50149 46511
50150 49190
50161 49224
50178 46473
50189 46491
50191 51082
50194 46594
50199 46582
50215 46545
50216 49274
50225 46492
50227 49249
50234 46562
50240 46516
50244 49310
50247 49334
50267 49315
50268 46611
50290 46573
50296 46648
50307 46653
50308 49342
50313 46682
50329 46700
50340 46677
50341 46678
50525 51305
50526 49495
50529 51308
50534 49497
50536 49559
50546 49570
50548 49610
50563 49578
50565 49599
50566 49600
50571 51335
50576 49579
50578 49612
50582 49630
50583 51360
50584 51361
50587 49634
50598 49614
50600 51352
50606 49657
50624 49633
50633 51395
50637 49692
50650 51440
50665 49704
50668 49765
50671 51411
50675 49774
50677 51421
50680 51428
50685 49729
50692 49737
50693 49738
50695 49751
50705 49725
50712 49770
50714 49758
50715 49759
50730 49799
50735 51478
50770 49823
50771 49824
50779 49848
50791 47359
50798 49813
50801 51508
50802 51509
50808 49861
50809 49862
50817 49868
50820 51528
50830 49884
50846 49897
50858 49929
50861 51589
50863 49919
50864 49920
50869 49887
50877 49968
50894 51586
50897 50006
50906 51608
50911 49972
50917 50035
50926 49948
50927 49949
50928 49981
50938 51622
50941 51666
50945 49963
50946 49964
50949 50012
50957 50026
50969 50040
50978 50062
50981 50106
50984 50023
50987 50118
50990 50117
50992 50078
50997 50041
51010 50135
51016 51678
51022 50053
51045 50162
51049 50168
51055 51732
51056 51725
51059 50183
51072 50097
51073 51741
51074 51742
51085 51761
51086 50161
51088 51733
51093 50172
51096 50158
51099 50206
51110 50187
51112 51756
51122 50182
51129 50200
51135 50199
51136 51792
51138 50204
51146 50223
51147 50224
51148 50225
51168 50231
51173 48137
51186 50243
51188 50248
51189 50249
51191 51837
51199 50237
51209 48097
51223 50274
51239 50279
51256 50414
51262 50297
51266 50414
51292 50359
51298 50436
51316 48245
51320 50467
51376 50454
51377 50509
51396 50468
51440 50605
51465 50566
51479 50634
51485 50571
51493 50595
51522 50626
51541 50614
51558 50704
51562 50652
51564 50661
51567 50658
51582 50687
51606 48712
51631 50716
51633 50729
51664 45866
51702 50834
51709 48764
51712 48782
51724 50827
51736 50864
51745 50807
51753 50806
51757 50812
51778 50859
51796 49014
51797 49015
51798 50930
51802 48919
51810 50869
51833 50876
51842 48951
51862 50912
51870 48993
51882 50993
51894 50949
51904 49126
51916 52327
51925 50983
51927 51006
51941 51028
51951 49223
51972 51002
51979 51015
51993 51022
51995 51051
52016 49174
52025 51077
52029 49233
52056 51082
52058 51083
52059 49272
52063 49273
52096 51130
52100 51143
52115 49325
52116 49364
52125 51141
52136 49357
52274 51262
52277 51306
52279 51281
52291 51339
52295 52561
52304 52576
52316 52571
52318 52589
52335 52555
52338 51345
52341 51393
52349 52606
52351 52621
52354 51401
52356 51412
52357 52634
52358 51376
52367 52620
52370 52635
52371 51407
52373 51408
52374 51409
52378 52630
52379 51417
52391 51424
52396 52642
52404 52646
52405 52647
52406 51434
52407 51435
52414 51444
52418 51465
52422 51487
52432 51486
52436 49846
52438 49803
52443 49827
52448 52665
52452 52676
52465 51515
52466 51516
52468 51488
52470 51518
52478 51524
52479 51526
52483 51544
52484 51581
52494 51556
52496 51529
52497 51530
52498 51564
52508 52727
52509 52728
52525 51585
52550 52749
52557 51653
52559 51617
52565 51633
52567 51657
52568 52780
52571 52757
52573 51634
52581 52796
52585 50045
52590 51621
52595 50056
52596 51701
52605 52816
52611 51643
52617 51650
52619 51689
52623 52828
52628 51698
52631 51669
52632 51670
52635 51705
52639 51674
52641 52844
52644 51722
52647 51765
52649 51726
52653 51739
52654 51745
52656 51778
52660 52881
52666 51744
52676 51773
52698 51794
52699 51789
52709 51809
52715 51814
52716 51815
52722 51828
52725 50239
52740 51846
52743 52901
52761 51842
52762 51843
52764 51865
52782 51875
52788 52957
52817 51879
52822 51907
52823 50368
52838 51927
52871 51923
52878 51951
52901 51983
52919 52006
52944 53050
52982 52091
53033 52094
53035 52119
53036 52155
53043 52113
53044 52130
53052 52142
53057 52147
53061 52151
53100 50740
53101 50741
53120 50852
53123 50768
53126 52179
53138 50822
53141 52199
53146 52203
53147 52204
53160 52227
53161 52228
53189 50894
53193 50901
53206 50981
53207 52301
53217 52306
53221 50952
53222 52302
53227 52329
53245 52319
53257 51011
53265 52359
53275 51033
53279 51003
53286 52375
53287 52395
53306 51063
53344 52407
53362 51120
53364 52432
53366 51118
53372 52424
53374 51138
53375 51131
53385 51133
53386 51152
53394 52452
53395 51137
53398 51147
53399 51148
53516 53412
53523 53410
53535 52551
53536 52540
53537 52541
53539 53420
53545 52549
53546 53427
53551 53437
53552 53418
53562 52611
53565 53442
53569 53445
53570 52605
53571 53457
53576 52572
53579 52616
53583 53458
53586 53453
53589 52625
53591 52636
53596 52651
53598 53471
53600 52644
53601 52643
53602 52643
53610 52663
53617 52670
53621 52661
53626 53495
53630 52668
53632 52664
53655 52681
53658 52705
53659 52706
53660 52695
53666 52688
53669 52716
53678 52763
53694 52788
53697 52761
53698 52762
53701 52775
53703 52772
53708 52782
53711 52803
53726 52796
53729 53560
53737 52812
53751 52833
53753 52825
53767 52826
53771 52839
53778 52863
53779 52846
53781 52855
53784 52871
53788 52879
53812 52911
53834 52909
53840 52919
53843 52917
53845 52923
53859 52944
53860 52945
53861 52940
53862 52941
53868 52953
53869 52924
53870 52925
53889 52965
53891 52937
53904 52971
53919 51957
53951 53071
53962 53024
53973 53094
53974 53037
53978 53052
53990 53075
53996 53047
54005 53712
54034 52082
54133 53214
54146 53219
54230 53276
54244 53305
54291 52433
54301 53331
54376 53410
54377 53417
54379 53413
54386 53936
54398 53942
54407 53447
54422 53966
54423 53967
54424 53467
54428 53473
54436 53480
54461 53507
54463 53497
54472 53987
54474 53514
54483 53512
54488 54007
54489 54008
54494 53540
54495 53541
54505 53547
54507 53563
54510 53556
54514 53562
54523 54049
54525 53572
54532 53583
54537 53575
54549 53594
54551 53591
54558 53603
54559 53598
54560 53604
54561 53605
54579 53627
54589 53632
54591 52973
54616 52985
54621 54086
54673 53721
54698 53130
54701 53750
54710 53764
54738 53170
54746 53770
54756 53182
54775 53795
54795 53816
54802 53822
54812 53830
54822 53844
54834 53280
54939 53959
54943 53964
54981 53999
54987 54005
54995 54289
55002 54006
55004 54291
55010 54287
55012 54019
55013 54017
55026 54305
55030 54033
55040 54321
55050 54325
55054 54073
55065 53674
55092 54105
55166 54173
55170 54190
55177 53853
55180 54200
55190 53873
55193 53894
55199 53881
55245 54256
55246 54257
55258 54475
55286 54296
55299 54308
55305 54311
55307 54514
55308 54517
55314 54321
55317 54329
55322 54327
55323 54328
55353 54361
55355 54367
55356 54368
55359 54536
55368 54109
55438 54207
55439 54434
55470 54472
55481 54487
55487 54492
55488 54489
55493 54499
55494 54500
55498 54638
55501 54514
55511 54335
55512 54336
55537 54540
55569 54434
55610 54623
55632 54724
55637 54641
55650 54654
55651 54655
55657 54656
55662 54660
55679 54673
55716 54715
55718 54786
55726 54723
55728 54729
55734 54732
55746 54651
55790 54783
55796 54820
55797 54787
55800 54824
55803 54790
55807 54794
55815 54801
55817 54837
55846 54829
55865 54852
55871 54864
55897 54889
55898 54890
55905 54897
55910 54902
