3103
53 19998
67 1602
68 1603
77 20015
90 1260
91 1261
94 20010
135 1639
152 1797
161 19706
165 1638
212 20070
215 20031
216 20032
224 1612
228 1580
237 1899
244 1802
245 1795
263 1322
278 1869
298 20157
299 20158
336 1988
358 1771
359 1772
369 1926
382 20099
398 2006
404 1957
420 2068
434 42718
439 19865
470 2010
476 2019
518 2033
524 1832
528 1835
535 2068
569 2117
578 20047
644 1851
666 20084
678 20131
684 20094
723 20361
742 2280
768 20154
788 2451
793 2452
821 2295
822 2296
840 20069
874 2717
959 2492
1018 20499
1038 2519
1073 2583
1117 20540
1120 20793
1145 3015
1146 20568
1147 20569
1171 2889
1183 3107
1236 20606
1253 2293
1255 3200
1256 3199
1269 2827
1313 3050
1327 3050
1342 2411
1356 20729
1362 20443
1376 3320
1386 3283
1399 2970
1413 2510
1428 3028
1492 21029
1532 3258
1589 2993
1634 3686
1636 2813
1637 2814
1668 3120
1675 3726
1707 3578
1711 20974
1728 21136
1767 3057
1794 3388
1799 3466
1805 3430
1889 3836
1965 3585
1975 20789
2030 4113
2097 3710
2163 21255
2183 21393
2194 20946
2240 3729
2241 3739
2267 21320
2304 3696
2310 3702
2314 4227
2334 4005
2338 3843
2356 21610
2368 3892
2423 3725
2429 4120
2439 21662
2440 21663
2514 4299
2599 21533
2668 4404
2669 4405
2673 21679
2725 4957
2876 21916
2906 4510
2908 21739
2909 21740
2914 4409
2937 4506
2988 5081
2994 4710
3012 4563
3013 4564
3015 22104
3045 4643
3068 21808
3074 21731
3105 4894
3176 5085
3263 4469
3264 4470
3267 5226
3294 21862
3306 5157
3326 5481
3336 4891
3408 31862
3432 5221
3669 5863
3701 5316
3711 5335
3739 5924
3750 6186
3784 5725
3890 5438
4040 5682
4085 6550
4106 22570
4135 5811
4139 6142
4141 5795
4158 22405
4210 5874
4227 5848
4292 5937
4294 5938
4321 5963
4410 6928
4411 6929
4635 5904
4643 22730
4709 6818
4710 6819
4733 6786
4780 6635
4845 6926
4847 7065
4857 23065
4867 32929
4901 6974
5033 7171
5073 6892
5074 6893
5092 7234
5146 7320
5176 22770
5183 23056
5184 23057
5234 7140
5286 6592
5297 6612
5298 6613
5309 7488
5375 7568
5403 7597
5412 7029
5413 7030
5414 7031
5433 7058
5434 7059
5444 7142
5453 8034
5474 7136
5559 7607
5600 7649
5605 7576
5626 7617
5675 7905
5688 7724
5721 44579
5727 7718
5756 7727
5788 7730
5803 7797
5805 7822
5806 7540
5815 7677
5816 7678
5824 8059
5843 7782
5846 7855
5863 23282
5880 7873
5904 7807
5919 7830
5927 7784
5931 7838
5932 7839
5935 7852
5958 8686
5991 7997
6026 7920
6056 7838
6075 8913
6086 8021
6115 8051
6128 8185
6134 8457
6149 8017
6150 8018
6153 8524
6179 8247
6191 8062
6217 8097
6248 8598
6276 23643
6289 8177
6348 8749
6349 23701
6360 8736
6373 9319
6374 9320
6402 8515
6425 8537
6457 9261
6463 8354
6494 8916
6512 8999
6550 8664
6581 24120
6592 41169
6598 23372
6603 8550
6613 7657
6636 8587
6668 8608
6676 8557
6684 8606
6696 8573
6730 9148
6748 8614
6770 9128
6771 9129
6799 9211
6818 8627
6826 9234
6829 8911
6832 9226
6833 9229
6834 9163
6835 9031
6839 9191
6875 9240
6891 9231
6912 9662
6924 9773
6968 9201
6975 9389
7025 9368
7027 8951
7082 8983
7186 9607
7187 9602
7212 9631
7214 9625
7237 9651
7238 9652
7267 9197
7300 9357
7337 9679
7438 9643
7457 9906
7477 34027
7487 9939
7507 9940
7514 10343
7517 24650
7531 10206
7539 10210
7607 9993
7624 9639
7625 10368
7637 9444
7647 9493
7656 9840
7662 51363
7686 10081
7692 9538
7716 10099
7735 9975
7743 10359
7764 9598
7828 10183
7834 9689
7855 10202
7885 7724
7893 10010
7903 10260
7915 24823
7917 10266
7936 24829
8000 10346
8022 24920
8054 10198
8081 10418
8150 10285
8244 10252
8283 25046
8292 10394
8308 10602
8318 10219
8324 45473
8408 25134
8416 10724
8417 10725
8421 11033
8456 10823
8457 10818
8481 10834
8500 10791
8538 10822
8539 10831
8633 25124
8690 10626
8700 10668
8701 10669
8705 10993
8706 10994
8761 10856
8796 11117
8813 11147
8829 10902
8870 11189
9072 11095
9073 11096
9080 11302
9121 11122
9237 11218
9239 11503
9313 11588
9336 11541
9375 11662
9548 11851
9576 11961
9619 11623
9628 11741
9639 12404
9641 11671
9661 11715
9665 12421
9755 11684
9874 25999
9909 12009
9939 12221
10109 11996
10110 11997
10255 12537
10326 13055
10347 12455
10461 12527
10530 12657
10632 26691
10642 12898
10671 12935
10698 12753
10726 12751
10728 13003
10771 12802
10776 26450
10813 12965
10909 13910
10919 12959
10947 12759
10979 13873
11014 13054
11056 13992
11057 13993
11066 13152
11088 13274
11111 13165
11141 13173
11207 13765
11215 13287
11270 13829
11311 13375
11342 13426
11373 13447
11397 13463
11406 13423
11450 13658
11472 13520
11473 13521
11488 13986
11489 13987
11656 13667
11749 13849
12039 14181
12040 14182
12185 14260
12252 14714
12254 14354
12389 14985
12399 13653
12406 14465
12407 14607
12428 15094
12429 15095
12498 14684
12506 15074
12511 14718
12519 14633
12520 14588
12537 14639
12539 14731
12540 14732
12573 15139
12574 14672
12634 15457
12662 34379
12711 14204
12778 15324
12779 15325
12787 14802
12848 14886
12849 14887
12850 14888
12869 15416
12900 15195
12952 15501
12971 14999
13022 15151
13329 15369
13343 15716
13407 14995
13808 15372
13809 16149
13941 15922
13988 16141
14078 28391
14098 16390
14103 42305
14120 15533
14174 16457
14194 16463
14210 42718
14219 15738
14236 15753
14241 16251
14258 16268
14506 16049
14591 16483
14636 16087
14748 16688
14863 16762
14901 28644
15004 7069
15081 16687
15086 16875
15087 16876
15091 17279
15165 17526
15207 17227
15226 17123
15354 17363
15471 17582
15498 17227
15510 17580
15511 17581
15596 17681
15598 17538
15634 17121
15687 17557
15714 17374
15715 17375
15720 17550
15747 17716
15853 17455
15887 17482
15894 17490
15899 16626
15921 17114
15948 17717
15951 17614
15979 18137
16295 18216
16308 18216
16463 18167
16487 18018
16512 18380
16543 18141
16553 18206
16639 18336
16671 18361
16683 18282
16691 17820
16729 18327
16733 18366
16744 18579
16782 18708
16792 17902
16923 18095
16936 18096
17018 18150
17190 18651
17192 18043
17284 18715
17349 18321
17680 18984
19095 19754
19106 30711
19133 30693
19134 20014
19148 20018
19150 20074
19167 19665
19178 20048
19211 20050
19213 19899
19214 20218
19223 20128
19233 19752
19235 19833
19243 20176
19244 20177
19249 20161
19284 30809
19293 20182
19294 20231
19295 20232
19306 19995
19307 19996
19316 30837
19317 30915
19318 19860
19319 20262
19357 31011
19363 19861
19372 20071
19373 30914
19387 20466
19404 20000
19421 20509
19436 30733
19467 20168
19493 20213
19525 20447
19533 31062
19541 20448
19555 2320
19559 20456
19572 31013
19576 20734
19611 20488
19628 20500
19632 20339
19644 20546
19647 31081
19657 20277
19666 20329
19678 20301
19692 31122
19756 20513
19775 31312
19806 31199
19837 20769
19942 21073
19950 20924
20011 20675
20058 31483
20068 3865
20069 3866
20163 21031
20174 4002
20190 31599
20204 4102
20244 20897
20247 21365
20262 31546
20266 21098
20274 21284
20305 21199
20310 21051
20321 21220
20340 21241
20352 21353
20374 21269
20412 31804
20413 31805
20422 21618
20427 21317
20431 3966
20433 21439
20542 21586
20566 31774
20586 21898
20588 21867
20601 21860
20639 21605
20654 31873
20666 21857
20673 21879
20682 21637
20710 21674
20715 21681
20717 4594
20751 21844
20763 32146
20823 4770
20876 22050
20879 32276
20967 32341
20970 32280
20982 21851
20996 32288
21009 22173
21019 22011
21048 22436
21049 22437
21086 21833
21153 22248
21154 22249
21174 22064
21249 5914
21253 32174
21267 6233
21358 22465
21384 32623
21423 32642
21441 32505
21511 22703
21539 32592
21557 32609
21583 22499
21619 22743
21629 6112
21636 32380
21672 22798
21676 32441
21704 23105
21774 22931
21807 22900
21883 32737
21896 32929
21926 22632
21948 23148
22003 23164
22034 23222
22051 23051
22095 23231
22101 23154
22103 23156
22196 23213
22216 23080
22251 23184
22281 23621
22285 32996
22296 23145
22297 23146
22302 23345
22326 23443
22376 8336
22396 33329
22399 35124
22416 23436
22417 23372
22453 33235
22459 23404
22477 7713
22497 23439
22512 23475
22539 23340
22541 23368
22544 23477
22574 23455
22579 23506
22584 8055
22596 23512
22612 23545
22614 24041
22623 23625
22649 23656
22651 23657
22660 33758
22681 23820
22707 23596
22712 23732
22715 33320
22731 23756
22734 23741
22735 23742
22740 23879
22741 23880
22746 23752
22749 23895
22763 24182
22775 23925
22780 23782
22823 8514
22839 24269
22850 33686
22860 23769
22872 8600
22882 24060
22886 2119
22896 24334
22916 24047
22943 33753
22945 24071
22946 24072
22957 23926
22977 24392
22978 24103
22979 24104
22983 24339
22996 23943
22997 23944
23006 24175
23021 24179
23032 33813
23040 9000
23070 24244
23071 24245
23090 24061
23101 24261
23102 24222
23122 24140
23130 24300
23142 24270
23146 24085
23176 24266
23177 24267
23199 24340
23200 24341
23201 24073
23212 24084
23227 24617
23231 24177
23245 24415
23246 24416
23253 24333
23264 24421
23273 24352
23276 24363
23277 24442
23280 34114
23293 24162
23300 24135
23322 34025
23330 24489
23360 24537
23361 24385
23367 24345
23421 24618
23466 24447
23483 24481
23485 24708
23487 24600
23501 24418
23505 24725
23507 24859
23523 24407
23530 24703
23552 24768
23564 24773
23570 24795
23587 25026
23629 24612
23631 24828
23690 24891
23691 24892
23695 34340
23775 24763
23780 10039
23787 24712
23797 24819
23825 25035
23831 24899
23835 25042
23859 25058
23860 25059
23889 25122
23940 25034
23955 25148
23962 25214
23967 25184
23984 25219
23989 24984
24000 25189
24001 25190
24057 10673
24058 10674
24075 10930
24084 25164
24095 25095
24116 24847
24119 25188
24145 25586
24149 25175
24160 25603
24170 25567
24172 25420
24184 25400
24187 25379
24188 25380
24205 11472
24208 25280
24236 25462
24240 25321
24251 25472
24252 25473
24253 25474
24254 25291
24275 11292
24281 25548
24288 11653
24312 11630
24342 25521
24382 25602
24425 25625
24426 25620
24442 25638
24450 11717
24451 11718
24460 25691
24480 11361
24482 25673
24497 25546
24503 25899
24516 11466
24528 25552
24533 25711
24578 25611
24580 11823
24604 25845
24628 25683
24633 25882
24654 26065
24710 24621
24726 35060
24764 11834
24810 11923
24915 26111
24954 12084
25000 26051
25014 25975
25021 26475
25022 26476
25043 12327
25055 26524
25067 12370
25139 26614
25294 26456
25387 13079
25407 26358
25408 26359
25435 13701
25500 26904
25510 26559
25538 13043
25543 26485
25609 13610
25635 26624
25645 26940
25689 26658
25707 27175
25727 26739
25786 27054
25812 26814
25844 26800
25862 26841
25863 26842
25890 35627
25900 13988
25930 14019
25997 27418
26031 27409
26043 27300
26082 14595
26118 27023
26210 27128
26224 27243
26226 27155
26243 27204
26252 27594
26253 27595
26254 27517
26255 27518
26257 27214
26291 27242
26293 27542
26294 27543
26296 27248
26304 14763
26333 27928
26344 27285
26365 27321
26406 27355
26427 27353
26433 27762
26456 27392
26460 27702
26482 27741
26492 27531
26495 36059
26501 14469
26550 27847
26579 14555
26591 14754
26646 27560
26672 15195
26695 27625
26706 14899
26730 14848
26754 27695
26820 27811
26841 36359
26853 27836
26864 15567
26913 15069
26938 27882
26939 27831
26950 27887
27061 27933
27067 15891
27120 16023
27126 15239
27130 36472
27312 15851
27325 28266
27440 28551
27446 28336
27481 16148
27482 28607
27508 28433
27537 16517
27541 28470
27548 28440
27549 28441
27574 16551
27575 28460
27576 28461
27612 28212
27647 28273
27653 15881
27678 28590
27709 28735
27710 15987
27767 16219
27789 16855
27824 28906
27913 16762
27944 28964
27945 16312
28047 16813
28072 36916
28118 37097
28128 28890
28130 28870
28147 29180
28156 16812
28161 29274
28168 28942
28194 17503
28219 29319
28226 16879
28231 16713
28248 16924
28262 29085
28319 28793
28365 17416
28384 29201
28387 37330
28393 29147
28416 29132
28417 29133
28446 29198
28464 17881
28465 17882
28483 28996
28486 29260
28765 17974
28775 18424
28845 18279
28880 29329
28908 29701
28909 29702
28916 18672
28957 29402
28970 18543
28985 37620
28989 18821
28990 29931
29032 29821
29037 29505
29046 29968
29085 18194
29121 29823
29170 29653
29189 29898
29190 29899
29336 18551
30202 38237
30205 38273
30234 38161
30235 38162
30238 38318
30253 38368
30261 30625
30287 38190
30288 38143
30303 30742
30348 30698
30352 20390
30359 30778
30389 38451
30448 38508
30477 30867
30478 30868
30512 31033
30539 38528
30544 31061
30565 38646
30577 38582
30609 38593
30634 38778
30654 31195
30664 31224
30696 31443
30700 31041
30701 31042
30724 38526
30758 38718
30775 31175
30834 31324
30866 31406
30886 31513
30889 38820
30911 31591
30912 38837
30928 38859
30961 31648
30962 31649
30969 31325
30982 31465
31005 38842
31019 21228
31020 31582
31081 38919
31116 39026
31120 31701
31162 31742
31176 31760
31199 39093
31200 39094
31222 39158
31238 39055
31241 21771
31272 32079
31274 31815
31297 31971
31310 39269
31317 31865
31330 31922
31333 31879
31338 32017
31357 32138
31364 32009
31367 32016
31378 32046
31381 32053
31417 32088
31424 32101
31431 32255
31457 32042
31475 32350
31497 39290
31511 32204
31525 39305
31536 39408
31538 32147
31542 32322
31552 32370
31573 32386
31601 32475
31631 32335
31675 32647
31676 32648
31683 32144
31684 32145
31691 39335
31692 39336
31723 32184
31750 32219
31760 39391
31771 32517
31794 32372
31795 32373
31805 39360
31868 32787
31869 32788
31878 32663
31923 32423
31939 22840
31947 22825
32035 32919
32044 32683
32058 32722
32075 33144
32104 33162
32173 33043
32192 32650
32213 32910
32237 32792
32238 33266
32246 32989
32252 39732
32287 33105
32316 39875
32333 32967
32353 32980
32354 23243
32371 33237
32386 33254
32391 33018
32397 33159
32427 33177
32436 39994
32443 33112
32457 33335
32458 33336
32461 23410
32462 23411
32465 40162
32483 33368
32505 33238
32506 33239
32513 33612
32518 33215
32539 33263
32540 39934
32545 33306
32556 33296
32562 33238
32570 33323
32590 33381
32619 33403
32623 40136
32633 33739
32652 33434
32667 33794
32692 33820
32700 33793
32704 33438
32711 23764
32727 33468
32737 33880
32738 33881
32758 33705
32762 33492
32766 33917
32775 33710
32776 33711
32793 24298
32794 33745
32803 33717
32815 33763
32850 33825
32858 33823
32863 33631
32926 34050
32938 24055
32951 33806
32975 40285
32976 33950
32985 24580
33001 33932
33002 33933
33010 33991
33019 33853
33020 33961
33032 33778
33041 33949
33059 34051
33079 40452
33108 33912
33125 34092
33126 33874
33148 33996
33149 33997
33154 34275
33161 34011
33176 33934
33178 34065
33179 34066
33186 34312
33189 33967
33197 34187
33199 34197
33200 34198
33215 24517
33233 34157
33250 34075
33252 24651
33253 24652
33254 24653
33256 34254
33281 34037
33313 34245
33314 34325
33315 34326
33322 24702
33325 40714
33329 34332
33330 34333
33361 24706
33362 40592
33386 34377
33397 34231
33406 34313
33407 34314
33410 40593
33437 24899
33440 34228
33457 34291
33458 34292
33479 34385
33482 24847
33483 24848
33486 25131
33495 34482
33497 34472
33512 34486
33513 34488
33532 34533
33536 40743
33538 34534
33547 34679
33552 34382
33574 24970
33577 34711
33578 34562
33584 34543
33598 34425
33600 25113
33608 34579
33617 34602
33622 34582
33623 34612
33624 34613
33629 34457
33645 34616
33647 34641
33671 25579
33690 34497
33706 25433
33708 34558
33724 34639
33728 34686
33735 34585
33752 34834
33762 34620
33775 25291
33839 34795
33871 34706
33873 25493
33892 34825
33897 34744
33901 34921
33907 34758
33912 25518
33931 34890
33951 34960
33960 34793
33991 41014
34008 34962
34009 34963
34021 34975
34022 34982
34089 35035
34099 25730
34113 34919
34114 34920
34121 35055
34124 41182
34149 35074
34210 35246
34211 41146
34226 25856
34272 12136
34278 41235
34286 35094
34289 35210
34338 35169
34370 26088
34378 35159
34406 26075
34420 35183
34519 26389
34521 26391
34527 35383
34557 35592
34595 35459
34606 35462
34706 35438
34716 35445
34722 26349
34735 26684
34738 35473
34739 35474
34740 35463
34744 26917
34752 35634
34762 35475
34768 35702
34792 35522
34844 35558
34859 35651
34920 27107
34933 35638
34979 27238
34980 27006
34986 27202
35011 35917
35055 27113
35074 35798
35099 35826
35110 36044
35111 35857
35138 35880
35157 35911
35167 36099
35173 35958
35267 27435
35292 36010
35335 27646
35351 36125
35352 27724
35354 27596
35394 36152
35435 36161
35438 36175
35445 28020
35496 36285
35615 27839
35644 36578
35649 28303
35667 36452
35674 36520
35724 28380
35728 36650
35735 28373
35777 36679
35815 28393
35816 28323
35827 36629
35838 36422
35894 36581
35912 36695
35915 28341
35923 36499
35924 36702
35936 28173
35966 28239
35972 36729
35995 28431
36006 36540
36015 36840
36051 36605
36057 36810
36058 36811
36127 28694
36151 36913
36242 36818
36278 36916
36280 29011
36289 36909
36362 36842
36419 37037
36454 37198
36477 29124
36497 37326
36498 37107
36505 37160
36511 29136
36512 37330
36521 29097
36526 37131
36528 28875
36532 37132
36576 37359
36591 37170
36648 37215
36658 29530
36669 37230
36672 37317
36686 37255
36695 37273
36770 29416
36782 37327
36846 29707
36896 29590
36897 29591
36908 37261
36937 29858
36965 37480
36981 29777
36990 37502
36991 37554
36997 29688
36999 37604
37030 29941
37058 30015
37077 37599
37095 37653
37120 29854
37143 29622
37153 29933
37207 29698
37591 30027
37962 38227
37968 38288
37972 43321
37974 38279
37992 30689
37995 43212
38009 43325
38010 43362
38013 38341
38016 38163
38025 38297
38038 38326
38057 38269
38068 38235
38088 38316
38089 38317
38095 38415
38099 43417
38102 43338
38130 38270
38145 38437
38166 43371
38216 38552
38237 43529
38254 43550
38260 43443
38263 38721
38267 43558
38293 38501
38294 38634
38316 43578
38329 31042
38333 38710
38341 38702
38344 31063
38346 43591
38349 38814
38366 43710
38367 43711
38368 38689
38374 38697
38376 43669
38384 43642
38417 38849
38444 38816
38445 38813
38496 38859
38510 38884
38522 43718
38554 47196
38556 43781
38562 38961
38588 43724
38593 38953
38594 38824
38595 38908
38598 43863
38599 43864
38630 39053
38635 43804
38658 39018
38666 38970
38677 43829
38719 39097
38726 39119
38738 39269
38745 39175
38754 39151
38759 39106
38769 39145
38785 44057
38791 39218
38798 43960
38813 44067
38820 39178
38821 39179
38834 44072
38837 39187
38842 39287
38843 39288
38849 39419
38855 39284
38857 44094
38858 39221
38873 44104
38896 44135
38906 39326
38909 39332
38913 39331
38921 44145
38926 39342
38927 39343
38944 39379
38958 44105
38968 44112
38983 39461
38997 44040
39029 44166
39051 39497
39059 39402
39062 44183
39086 39616
39088 39539
39090 39421
39105 44099
39114 39578
39127 32788
39138 44126
39139 39601
39162 39586
39212 44378
39242 39599
39247 39634
39249 39693
39278 44298
39284 39863
39290 39657
39306 39764
39334 44441
39356 39722
39400 39794
39401 39795
39412 39763
39413 39797
39414 39798
39423 39810
39437 39875
39438 39876
39446 40018
39453 39750
39459 39811
39463 33137
39475 39848
39509 44616
39517 39966
39518 39967
39521 39783
39524 39972
39537 40141
39551 40020
39552 40021
39569 40036
39588 40061
39589 33215
39591 39923
39593 39882
39594 39865
39612 40081
39618 40196
39641 40224
39648 33333
39651 40142
39679 40263
39684 44649
39687 40269
39690 40188
39701 40197
39703 40119
39706 40140
39712 40074
39717 40201
39731 40205
39739 40156
39740 40157
39750 40322
39756 44709
39762 40218
39775 40198
39778 40227
39779 40360
39789 40148
39799 40170
39800 40171
39803 40389
39804 40249
39822 40296
39824 40185
39826 40424
39831 40236
39832 40237
39866 40217
39868 44766
39878 40226
39885 40481
39904 44813
39910 40238
39928 33995
39971 40339
39972 40340
39981 40455
39986 40576
39991 40299
39997 40305
40014 40345
40020 40600
40021 34128
40028 40381
40038 40366
40039 40367
40045 40630
40049 40524
40053 40399
40063 40416
40064 40417
40071 40544
40079 40603
40080 40604
40083 40706
40084 40707
40085 44854
40087 34133
40105 40626
40106 34132
40107 34133
40134 40664
40143 40592
40156 40584
40168 40573
40176 44890
40190 40649
40200 40621
40212 40688
40215 40677
40219 40767
40222 40756
40224 40628
40252 40653
40255 40773
40256 40774
40259 40795
40275 40919
40276 40920
40280 40827
40287 40744
40289 45128
40290 40716
40302 40847
40317 40834
40318 40835
40321 40852
40327 40885
40344 40896
40351 40887
40356 40894
40358 34687
40376 41009
40381 40935
40388 40922
40394 40851
40396 40956
40416 41048
40418 40946
40422 40976
40431 40971
40503 40982
40518 41080
40526 41051
40531 41061
40543 41011
40547 41115
40555 41018
40565 41028
40568 41034
40569 41035
40601 41042
40608 41182
40611 41129
40632 41174
40633 41175
40647 41204
40653 41089
40672 41146
40675 41123
40676 41124
40686 35178
40731 41395
40740 41292
40741 35169
40750 41290
40794 41224
40795 41225
40837 35352
40878 10822
40913 35459
40925 41382
40931 41499
40953 35434
40997 41446
41002 35702
41040 41657
41048 41511
41066 41528
41071 41530
41090 41665
41099 41553
41147 41698
41152 41596
41172 41613
41209 41666
41214 41682
41224 35817
41247 41702
41284 41712
41311 35945
41343 41750
41349 41821
41376 41837
41446 41854
41462 41862
41483 36349
41554 36449
41555 36450
41570 36357
41591 36504
41687 36573
41691 36580
41707 36694
41712 36705
41713 36706
41725 42044
41741 42217
41773 36646
41775 42172
41788 42194
41804 36867
41837 36529
41854 36550
41860 42263
41861 42264
41887 36540
41891 42227
41892 42295
41899 42241
41904 42369
41959 36891
41960 36892
41978 37010
41986 42393
42014 36981
42034 36782
42044 37094
42057 42418
42077 37027
42100 37276
42109 42465
42127 37091
42151 42500
42163 37131
42181 42512
42185 42520
42186 37184
42219 37287
42228 42563
42229 37219
42256 42611
42321 42793
42346 37440
42378 37431
42419 37638
42447 42864
42459 37585
42469 42844
42485 37402
42501 42827
42515 42901
42526 42734
42529 37460
42576 37515
43044 43293
43064 43254
43068 46898
43070 43325
43071 46789
43073 43345
43074 43346
43076 43229
43081 46920
43087 43292
43093 43294
43104 43223
43107 43225
43110 43277
43113 43381
43121 43408
43122 43409
43123 43423
43127 43411
43132 43383
43137 46848
43162 46847
43179 43449
43196 46939
43197 43353
43211 43374
43217 46930
43224 46995
43248 43567
43259 43543
43262 47031
43265 43548
43273 43636
43286 47113
43289 46990
43295 43671
43306 47134
43319 47040
43337 43707
43416 43757
43422 47067
43423 43763
43427 47173
43449 43783
43450 43796
43451 43644
43452 43645
43454 47246
43459 43758
43477 43668
43498 43786
43507 47184
43509 43761
43553 47296
43555 4406
43556 43749
43590 47283
43605 43813
43621 43858
43626 39037
43627 47316
43629 43877
43635 43940
43656 43925
43657 47310
43665 47387
43666 43909
43667 43910
43669 43975
43674 47396
43689 43927
43694 47336
43698 47360
43715 47368
43717 47420
43751 44031
43752 44032
43754 44048
43760 44054
43765 44005
43782 44036
43784 44128
43808 44085
43838 44170
43858 47535
43875 44089
43876 44090
43889 44234
43890 44235
43894 47518
43920 44198
43939 47595
43945 47555
43955 47566
43956 44168
43976 44263
44012 44279
44030 44253
44035 44364
44053 44362
44066 44306
44068 44403
44074 39614
44094 47668
44097 44419
44098 44420
44114 44302
44162 47634
44173 47646
44175 44498
44182 44464
44186 44585
44193 44456
44210 44542
44211 44465
44216 47680
44219 39983
44220 39984
44240 44544
44241 44519
44244 44573
44267 44672
44278 44525
44296 47889
44315 44591
44320 44619
44323 47910
44339 47852
44344 40140
44345 44673
44353 44686
44355 44682
44356 44683
44359 44784
44362 44708
44364 44706
44379 44730
44386 44646
44388 40363
44394 44744
44396 44696
44397 44697
44402 44746
44403 44755
44409 44765
44422 44833
44423 44844
44430 40423
44434 44652
44438 44726
44441 44849
44442 44850
44456 44775
44457 44776
44460 44734
44468 44819
44472 44773
44479 44812
44485 47973
44487 44845
44497 44853
44499 44796
44500 44797
44514 48004
44519 44768
44524 44860
44528 44873
44534 44884
44545 44825
44548 48047
44553 44830
44563 40405
44572 48051
44599 45014
44609 44905
44610 44906
44615 40580
44626 44984
44638 48126
44639 48127
44652 45017
44653 45018
44654 44948
44657 44938
44658 45087
44661 45021
44672 45038
44673 44970
44674 45041
44693 45049
44705 45056
44722 45140
44725 45077
44739 40771
44741 45090
44742 40860
44744 45092
44757 45170
44763 45163
44780 48187
44791 45207
44796 45094
44799 45096
44806 45154
44809 45168
44820 45157
44834 45312
44847 45204
44848 45213
44853 45218
44872 45175
44877 45160
44881 45255
44882 45256
44886 45276
44894 45239
44898 45261
44907 41092
44930 41243
44934 45294
44935 45295
44971 45334
44975 45245
45024 45318
45029 45320
45051 45410
45097 45389
45098 45445
45110 45464
45149 45426
45188 41574
45194 45524
45201 45507
45204 45581
45232 42061
45266 45584
45294 41564
45305 45590
45308 41694
45309 45662
45310 45663
45324 45724
45392 50809
45398 45676
45421 45858
45450 48674
45468 45790
45491 45819
45521 45856
45537 45867
45602 41999
45614 41942
45635 42085
45636 42086
45663 45964
45664 45965
45665 42061
45743 46033
45766 46062
45767 42226
45785 42207
45797 42051
45840 42256
45870 46126
45871 46073
45879 46111
45882 42289
45888 46023
45891 46175
45893 46133
45906 46041
45918 46153
45919 46154
45928 42204
45948 46195
45953 42251
45958 42310
45965 46187
46008 42336
46016 46320
46021 46291
46045 42345
46046 42346
46083 46275
46104 42565
46130 42538
46133 46330
46162 42613
46182 46347
46190 46382
46209 46406
46226 42704
46241 46418
46245 42719
46276 46461
46292 46454
46297 46498
46298 46384
46304 46393
46307 42813
46322 46538
46333 42810
46393 42791
46421 42917
46425 46511
46430 46567
46474 46561
46488 42912
46768 46806
46779 46908
46780 46909
46790 49521
46791 49522
46798 49464
46800 46927
46803 46862
46810 49512
46812 46828
46822 46922
46823 46923
46824 46936
46844 46916
46850 49499
46870 46997
46876 46985
46902 46944
46903 46949
46918 47031
46933 47045
46935 46965
46957 47061
46968 47090
46999 47168
47005 49667
47008 49665
47027 47155
47037 47142
47039 47097
47040 47143
47043 47211
47044 47212
47045 47099
47056 49683
47057 47117
47058 47116
47064 47108
47073 47199
47087 47262
47092 49722
47109 49716
47112 47252
47118 47301
47128 45613
47131 49718
47150 47290
47151 43889
47168 49750
47173 47337
47175 47319
47177 47321
47188 47339
47211 47398
47234 47435
47237 47394
47238 47395
47240 47442
47252 49862
47272 49843
47287 47492
47289 47425
47303 47475
47324 49839
47328 47528
47331 49893
47346 47460
47347 47463
47348 47517
47353 47592
47356 47539
47374 47541
47386 47501
47387 47559
47388 47560
47416 49886
47418 47513
47432 47612
47434 44319
47460 47616
47470 47639
47471 47640
47473 49942
47474 49943
47480 47654
47488 44395
47493 47662
47495 47581
47502 47657
47504 47618
47514 47679
47519 47650
47531 47667
47543 47697
47548 44454
47562 47731
47565 50000
47571 47717
47572 47718
47593 50011
47596 47737
47615 47751
47616 47752
47619 47758
47624 47859
47626 47858
47631 47765
47641 47875
47649 47891
47653 47755
47658 47895
47670 50179
47673 47919
47678 50138
47696 47877
47703 44721
47707 47885
47713 47865
47715 47819
47716 47820
47717 47845
47732 47836
47733 47837
47736 47922
47738 47921
47741 50161
47752 47997
47756 47945
47757 47881
47773 48039
47778 48035
47781 47883
47823 50174
47824 50175
47834 48022
47835 47976
47837 48074
47838 48079
47839 48027
47840 48028
47850 47954
47860 47952
47861 47968
47865 48063
47868 50262
47870 50263
47879 48037
47887 48131
47896 48100
47900 48055
47909 48056
47910 48176
47913 50324
47918 48129
47919 48130
47934 48114
47944 48207
47948 48134
47960 48182
47961 48188
47962 48147
47965 48195
47968 45044
47989 45125
47997 45211
47999 48223
48012 48277
48013 48278
48019 48284
48034 45246
48053 50399
48055 50367
48057 48238
48061 48270
48063 48271
48072 45169
48093 48353
48097 48306
48100 48250
48103 48269
48120 45316
48122 48276
48123 45229
48130 48348
48142 45242
48144 48294
48145 48386
48162 48362
48166 48301
48171 45328
48179 48384
48185 45459
48191 48392
48194 48396
48212 48399
48223 48397
48231 48406
48245 45419
48280 48529
48287 48484
48291 48473
48319 48565
48322 48493
48323 48494
48342 45641
48346 48499
48355 48505
48371 45578
48385 48556
48397 50581
48401 48566
48403 50620
48422 48584
48424 48571
48432 13088
48457 48595
48472 45817
48500 48730
48518 45794
48538 48699
48539 48700
48550 48714
48562 48719
48572 48726
48577 48779
48583 48804
48585 48731
48632 48703
48642 45942
48644 45941
48658 46005
48663 48799
48674 48811
48683 46048
48712 48878
48713 48883
48721 46087
48723 45980
48740 46131
48773 48948
48781 48953
48795 48965
48798 48877
48799 46179
48803 46158
48815 46182
48822 46185
48830 46075
48831 48981
48832 46197
48838 46217
48840 46176
48847 48955
48848 48956
48854 46220
48856 48967
48861 49001
48879 49024
48890 49035
48910 46148
48925 46261
48930 46164
48935 46171
48941 49079
48949 49005
48952 49008
48959 49091
48963 49081
48964 46196
48977 46300
48987 49146
48993 49110
48998 49139
49012 49154
49019 49145
49031 46377
49036 49168
49037 49169
49045 46439
49046 46440
49053 49158
49067 46398
49080 49200
49096 49202
49110 49225
49118 46472
49124 46376
49132 49257
49134 49178
49142 49224
49144 46408
49155 49264
49160 46435
49174 49212
49205 49241
49214 49258
49414 49487
49434 51241
49448 51310
49449 51311
49452 49532
49470 49484
49471 51291
49476 51285
49480 49510
49485 49513
49486 49514
49487 51327
49491 49543
49495 49520
49500 49519
49502 49561
49509 49565
49566 51339
49593 51365
49598 49679
49600 51368
49612 49620
49622 51375
49630 49674
49633 49640
49637 51417
49638 49690
49646 49703
49647 47148
49655 49663
49657 49684
49664 49676
49674 49758
49684 49739
49689 49747
49696 49738
49702 49827
49704 49778
49705 49756
49708 51509
49714 51506
49716 49762
49729 49806
49737 49787
49738 49788
49739 49789
49742 49859
49746 49857
49748 49849
49756 49868
49757 49843
49758 49807
49759 49809
49782 49802
49783 49803
49797 47538
49803 49869
49808 51580
49816 49914
49823 49920
49824 49921
49827 49930
49828 47596
49867 49902
49870 47629
49875 47626
49879 49943
49884 49982
49886 51615
49919 49997
49920 49998
49947 50000
49960 50039
49963 51648
49983 50111
50003 51688
50012 50139
50022 47930
50023 50110
50027 50194
50033 50131
50034 50114
50035 50204
50037 50143
50040 50137
50041 50130
50043 50208
50052 50166
50053 50133
50056 50151
50063 51750
50072 50163
50074 50154
50078 50210
50080 48039
50096 50191
50101 50174
50102 50175
50114 50281
50115 50282
50118 50287
50131 48110
50136 50269
50139 50302
50142 50270
50143 50236
50159 48181
50160 50306
50162 50332
50163 50311
50182 51829
50187 50307
50197 48157
50198 51842
50202 50348
50203 50342
50204 51862
50206 50375
50211 50395
50213 48218
50221 50354
50231 50360
50239 50380
50241 50390
50243 50387
50248 50407
50274 50437
50279 48268
50292 50450
50295 48288
50297 48308
50320 50478
50357 48397
50368 48400
50400 48522
50407 50539
50408 50540
50417 50547
50453 48498
50480 52042
50481 50578
50485 50581
50505 48570
50509 50690
50516 50635
50526 52061
50536 50662
50558 50738
50609 50727
50614 50695
50634 50789
50658 50784
50661 50790
50663 52175
50689 50825
50704 48907
50708 48880
50716 50861
50730 48829
50731 48830
50800 48889
50806 50894
50812 48901
50822 48933
50834 50960
50835 50913
50840 48999
50858 48958
50859 50949
50861 49049
50869 48979
50878 50988
50885 49005
50887 46268
50893 50936
50896 50983
50901 49039
50912 50992
50929 51068
50949 51048
50952 51041
50972 49200
50976 51093
50984 51023
50996 51101
50997 51102
51002 51038
51003 51040
51005 51098
51006 51109
51011 49236
51015 51056
51030 49261
51039 51078
51045 51128
51046 49218
51047 49219
51063 49278
51082 51129
51083 51130
51091 51132
51092 51133
51200 51284
51205 51282
51208 51244
51210 51241
51217 51272
51218 51273
51228 52500
51231 52460
51236 51286
51238 52481
51242 51312
51247 52488
51249 52509
51252 52504
51257 51300
51262 52492
51265 51331
51268 52497
51271 51343
51273 51345
51275 51315
51290 51321
51296 51369
51305 52571
51306 51381
51308 52578
51316 51362
51327 51416
51339 51433
51355 51390
51364 52640
51369 51432
51377 51431
51404 51479
51406 51475
51407 51476
51408 51462
51409 51463
51412 49824
51413 47407
51421 51490
51424 51496
51428 51497
51436 51511
51444 52661
51449 52690
51454 52667
51461 51547
51462 51547
51479 51530
51494 51542
51500 51536
51505 52729
51509 51590
51515 51595
51516 51596
51518 51594
51524 49957
51526 51583
51528 49967
51529 51577
51530 51578
51541 51573
51544 51614
51550 51587
51564 51638
51585 51657
51586 50024
51605 51686
51607 51674
51609 51687
51618 51696
51621 52789
51622 51694
51638 51726
51643 52797
51646 51731
51650 51706
51653 51772
51655 51739
51657 52856
51664 51748
51665 51749
51669 51727
51670 51728
51674 51732
51683 51771
51684 51730
51689 51777
51690 51797
51692 51778
51705 51790
51707 51780
51718 51806
51720 51800
51723 51774
51725 51808
51732 50273
51734 51779
51741 51824
51742 51825
51744 51803
51756 51816
51767 51844
51773 51847
51788 51845
51789 51846
51792 51863
51794 51866
51814 51888
51815 51884
51830 51901
51832 50405
51837 51903
51839 51882
51868 51973
51869 51974
51875 51938
51879 51922
51896 51962
51897 51963
51907 51986
51909 50480
51925 52004
51932 51990
51951 52013
51993 52061
52047 52111
52063 52128
52064 52129
52066 50779
52082 52139
52107 50857
52112 52198
52123 53178
52147 52210
52151 52212
52170 52223
52179 52208
52203 50872
52207 52236
52214 52222
52215 52260
52234 50912
52235 52272
52274 51013
52275 51014
52280 52322
52289 52331
52299 53299
52301 52344
52306 52343
52309 52337
52311 52336
52314 52358
52317 51116
52318 51080
52322 51119
52334 51014
52336 52371
52337 52372
52342 52361
52343 52366
52344 52369
52345 51059
52353 52368
52355 51127
52368 52384
52381 51121
52503 53410
52511 51334
52530 52516
52532 53428
52534 52573
52536 53465
52540 52576
52541 52577
52544 52575
52546 52579
52551 52595
52555 52566
52557 53469
52558 53470
52559 52581
52565 51420
52575 51427
52583 52616
52590 52608
52591 52609
52606 53494
52611 53507
52616 52646
52620 52634
52628 52677
52630 51499
52636 52668
52642 52662
52644 51528
52654 52667
52663 51554
52665 52671
52666 52697
52668 51534
52670 53555
52673 52698
52676 52724
52683 52733
52685 52726
52699 51620
52705 51639
52727 52761
52728 52762
52730 52771
52736 52773
52737 52774
52741 52760
52750 53575
52757 52767
52758 52768
52762 52776
52775 52792
52779 52790
52780 52805
52782 52798
52796 52819
52800 52815
52803 52863
52807 52824
52809 52825
52824 52821
52828 52858
52838 52849
52839 52854
52842 52842
52844 52883
52847 52898
52852 52876
52855 52892
52857 52895
52858 52896
52863 52913
52871 52920
52876 52917
52877 52916
52878 52924
52879 52925
52897 52921
52901 52942
52904 52940
52913 53684
52916 52948
52917 51897
52919 52953
52923 52962
52925 52937
52928 52949
52944 52974
52945 52975
52965 52989
52971 51941
52994 53022
53007 52044
53016 52048
53019 53027
53020 53034
53060 52076
53071 52125
53073 53076
53114 53149
53119 53129
53126 53151
53127 53152
53130 53155
53137 52174
53182 52180
53188 53192
53214 52260
53219 53240
53245 53290
53247 53298
53257 53313
53264 53312
53265 52350
53268 53308
53269 53314
53280 53324
53363 53915
53368 53412
53370 53415
53377 53419
53386 53941
53391 53447
53394 53445
53395 53446
53397 53458
53403 53961
53406 53959
53410 53960
53417 53968
53418 53440
53437 53491
53442 53482
53448 53496
53453 53981
53458 53505
53467 52670
53468 53521
53470 53514
53471 53518
53473 52683
53476 54001
53480 51546
53487 52676
53495 53543
53496 53544
53498 53555
53502 53540
53503 53541
53507 52745
53512 54012
53514 53557
53515 53550
53541 53582
53547 53591
53559 53601
53562 53623
53563 53638
53570 53651
53572 53643
53575 53625
53579 53627
53581 54061
53586 52895
53591 53661
53593 53662
53594 53663
53603 53669
53604 53670
53605 53671
53615 52926
53624 53685
53625 53676
53628 53693
53630 53689
53632 53702
53647 53717
53687 53746
53688 53747
53695 53738
53711 53760
53717 53076
53718 53100
53721 53762
53722 53763
53743 53129
53762 53172
53781 53176
53786 53824
53792 53190
53793 53191
53795 53229
53821 53857
53823 53862
53830 53293
53835 53302
53836 53301
53843 53312
53853 53879
53869 53345
53921 54220
53922 54221
53923 53930
53942 53933
53953 54250
53957 53977
53959 53991
53964 53996
53969 53995
53972 53999
53979 53530
53980 53998
53987 54260
53995 53548
53999 54020
54002 54275
54006 54021
54012 54035
54029 53598
54031 54043
54032 54044
54033 54041
54041 54301
54057 54072
54060 54073
54063 53679
54066 54080
54100 54113
54105 54119
54118 53774
54138 54150
54196 54180
54203 53871
54241 54238
54244 54236
54245 54237
54257 54247
54262 54252
54281 54444
54286 54278
54287 54279
54288 54284
54289 54289
54290 54290
54305 54300
54325 54484
54327 54313
54328 54314
54329 54318
54351 54333
54361 54334
54362 54341
54365 54342
54394 54373
54457 54426
54460 54428
54461 54429
54466 54563
54471 54436
54472 54571
54474 54439
54475 54440
54494 54455
54499 54464
54500 54463
54515 54476
54527 54504
54537 54509
54551 54382
54564 54536
54603 54657
54605 54658
54627 54584
54636 54588
54644 54485
54647 54490
54650 54611
54651 54612
54658 54617
54707 54659
54709 54662
54713 54665
54722 54676
54724 54678
54729 54687
54732 54692
54787 54740
54793 54744
54794 54745
54801 54755
54809 54764
54817 54797
54820 54778
54822 54779
54823 54780
54824 54783
54826 54784
54829 54785
54833 54759
54834 54788
54852 54801
54855 54802
54856 54803
54870 54819
54877 54825
54879 54811
54886 54831
54887 54832
54889 54836
54890 54835
54902 54839
