3266
69 1730
75 1825
82 1497
97 20368
111 20239
140 1528
141 1519
182 1613
213 1567
242 1673
264 20484
265 20561
295 1695
328 20331
354 20516
363 2332
405 20529
423 2389
432 1903
446 1836
455 1889
456 1890
463 2089
473 1537
486 20635
512 2315
534 20708
539 1378
549 2520
576 1989
597 2018
598 2019
633 2399
641 20710
657 2145
658 2146
665 20677
667 2196
678 2839
700 2939
713 2197
746 20391
747 20392
762 2562
772 2863
773 2753
777 1653
785 2033
862 2899
895 2359
904 21025
908 2934
924 21000
928 3014
967 2881
1034 2285
1052 2301
1064 2927
1136 2956
1175 2986
1184 21092
1198 21055
1202 21162
1222 3238
1244 2338
1245 21016
1260 2736
1277 20927
1280 2549
1297 3157
1304 2878
1311 3306
1342 3019
1343 3020
1361 3344
1374 20836
1401 3331
1406 3269
1427 21196
1466 21184
1467 21182
1474 2835
1475 2836
1512 21191
1523 21382
1602 3641
1603 3642
1633 21425
1659 3593
1673 3848
1674 3849
1698 3625
1771 21323
1772 21324
1782 3965
1797 3999
1845 3447
1864 3542
1865 3543
1868 3871
1918 3912
1926 3924
1934 4042
1935 3938
1957 3960
1970 21502
1974 21595
1996 21616
2010 4023
2015 4042
2019 4036
2033 4051
2068 4099
2109 4115
2116 4135
2117 4145
2189 21730
2190 21731
2244 4304
2271 21811
2295 21664
2296 21665
2321 21542
2348 21839
2356 3945
2364 4328
2420 4474
2428 3851
2470 5079
2471 5080
2478 3925
2510 3972
2512 4445
2519 4607
2536 21825
2538 21953
2543 4635
2583 4671
2633 21816
2804 4265
2807 22375
2856 4921
2857 4911
2870 5330
2887 4933
2905 5035
2949 22301
2955 4392
2970 5098
3013 5539
3015 5532
3028 22072
3039 5503
3040 21967
3081 4876
3082 5389
3106 5648
3107 5649
3307 5855
3388 22376
3492 5674
3504 6053
3533 6075
3570 6103
3584 5771
3643 22294
3702 5521
3726 6291
3738 22579
3739 5589
3757 5957
3758 5958
3825 6539
3852 6267
3854 6584
3903 6118
3920 6114
3944 6157
3945 6158
3982 22732
4005 22736
4061 6737
4063 6059
4120 6362
4148 6398
4270 6543
4308 6573
4320 7393
4325 6591
4326 6592
4343 6682
4371 23023
4404 6723
4405 6724
4452 6731
4482 6461
4490 6764
4491 6765
4514 6801
4525 6836
4543 20811
4563 6502
4573 7040
4593 6585
4594 6586
4657 6680
4661 51671
4691 7454
4761 7261
4770 23063
4784 7279
4809 7315
4812 6781
4859 2424
4879 23335
4880 23336
4889 7105
4891 6873
4892 7408
5007 23676
5011 23517
5054 23448
5065 6710
5084 7619
5107 7117
5108 7118
5194 7578
5201 23264
5271 8143
5421 23363
5438 23368
5478 8490
5527 8330
5617 8532
5618 8576
5635 8596
5646 7611
5686 7645
5693 7664
5725 8093
5732 8168
5829 23479
5848 23639
5891 7829
5899 23663
5924 8512
5934 8861
5936 7873
5958 8293
5963 7850
6025 24071
6026 24072
6130 8102
6142 8624
6220 8711
6253 8746
6260 8747
6296 8392
6322 8782
6323 8783
6365 9352
6398 8717
6444 8227
6466 8947
6513 8983
6531 8460
6540 8471
6549 8517
6592 8055
6768 9275
6769 9276
6792 24556
6809 9307
6818 9348
6891 8660
6905 9328
6926 9432
6927 9381
6929 9931
7112 9671
7117 9184
7126 9694
7192 9092
7201 29395
7229 9840
7230 9841
7234 9735
7248 24808
7249 24809
7315 9817
7316 9818
7346 9856
7379 24957
7458 10049
7478 9645
7501 9462
7507 9566
7519 9319
7540 9491
7541 9492
7546 9713
7568 10124
7572 9435
7576 9738
7607 9821
7659 9791
7677 9751
7678 9752
7709 9781
7725 24908
7729 9866
7782 9908
7783 9909
7839 9900
7861 9927
7863 9485
7864 9920
7879 10216
7894 10233
7895 10234
7909 10052
7960 10180
7980 10067
7981 10053
8017 10064
8018 10065
8033 10935
8034 10936
8055 25128
8059 10609
8114 10356
8234 10762
8237 10274
8256 10105
8323 10425
8356 10384
8524 11080
8534 11452
8537 10666
8550 10635
8560 10776
8605 10678
8606 10679
8676 10653
8699 10669
8706 10809
8736 11239
8775 10959
8843 11405
8875 11421
8907 10919
8911 11055
8913 11806
8959 11261
8960 11262
9029 11524
9031 11353
9049 11869
9124 11566
9129 11604
9137 11016
9163 11607
9179 11698
9184 12090
9186 11652
9192 11082
9193 11083
9211 11702
9218 11665
9240 11697
9241 11728
9261 11994
9301 11759
9368 11779
9386 26249
9403 46499
9415 11893
9466 11393
9470 11873
9493 11409
9538 11397
9586 12483
9638 11637
9639 11638
9641 12059
9651 12110
9654 11444
9662 12449
9717 12202
9765 12245
9844 12259
9900 11990
9902 12377
9907 12325
9908 12326
9934 12365
9935 12366
9990 12498
10015 12533
10045 12566
10067 39640
10081 12605
10142 12658
10239 12814
10266 12767
10321 12812
10391 12875
10433 13269
10437 12708
10468 13343
10469 13003
10487 12998
10570 13386
10578 12829
10579 26306
10662 12866
10663 13241
10668 12838
10669 12839
10727 13266
10800 13493
10801 13494
10818 13408
10819 13015
10856 13142
10877 26696
10985 27027
10995 13178
11096 13319
11148 13707
11191 49560
11200 13500
11279 13513
11302 13729
11352 13837
11361 13537
11449 13691
11475 13966
11535 14478
11541 13987
11588 14080
11618 14114
11671 13887
11729 13891
11730 13989
11732 13891
11753 14334
11763 14355
11774 14185
11790 14378
11791 14379
11996 14057
12004 14447
12148 14250
12404 15243
12421 15262
12439 6029
12698 14840
12714 15108
12836 14966
12881 15011
12883 15015
12909 15098
12969 15432
13250 15800
13252 15624
13277 15441
13307 15717
13426 15593
13442 15647
13522 28383
13554 15718
13667 15855
13849 16100
13939 16167
13969 15612
13970 15613
13988 16586
14064 16265
14090 16253
14091 16254
14114 16396
14115 16397
14129 16456
14159 16821
14161 16813
14162 16814
14181 16492
14207 16892
14260 16468
14337 16660
14338 16661
14382 28707
14383 28708
14432 17483
14462 17522
14464 51614
14528 16789
14555 16662
14607 16983
14671 17403
14691 17002
14692 17003
14816 16819
14860 17711
14965 17360
14999 17238
15038 17346
15052 17852
15200 17865
15240 17923
15324 17979
15375 17197
15432 29733
15433 29734
15479 29797
15644 18130
15815 18255
15824 18146
15851 18129
15889 17851
15947 17612
15977 18705
15979 18317
15980 18318
16001 18425
16092 18305
16098 18429
16237 17944
16251 18558
16268 18582
16414 18128
16493 30083
16494 30084
16524 19115
16573 18927
16646 19005
16647 19006
16709 19096
16750 18509
16795 18568
16813 19107
16850 19236
16929 19171
17009 19005
17010 19006
17041 18455
17151 18888
17152 18889
17173 19213
17416 19159
17594 19243
19109 20218
19127 20401
19129 20188
19136 20228
19137 20229
19216 20268
19221 20340
19231 20112
19251 20323
19285 31223
19290 20485
19312 20404
19314 20374
19321 20449
19322 31228
19342 20630
19347 31188
19367 31300
19381 20516
19382 20517
19387 20507
19399 20618
19410 31257
19441 31351
19451 20888
19458 20797
19464 20797
19522 31529
19523 31530
19530 31508
19551 20840
19557 20452
19561 3056
19581 31625
19658 21074
19661 20935
19662 20936
19700 21051
19729 31690
19743 31804
19754 20843
19755 20844
19761 21135
19834 20848
19836 21276
19842 21277
19865 20867
19911 31968
19932 31847
19977 21139
20014 21444
20015 21456
20016 21345
20042 31795
20047 31831
20052 21133
20074 21528
20078 21354
20094 21201
20099 21447
20127 21397
20154 3548
20161 21493
20177 21552
20206 21522
20224 21635
20227 31867
20231 21551
20232 21552
20241 32173
20258 21566
20297 21604
20328 32005
20329 31889
20404 21846
20414 21880
20441 32037
20468 21764
20477 21940
20488 32240
20497 21483
20540 21872
20541 21873
20565 21697
20591 22091
20606 21859
20610 22113
20674 32147
20675 32148
20699 21879
20734 22322
20762 22340
20889 32670
20897 21865
20924 22269
20946 21925
20952 22083
20953 21929
21016 22581
21136 32831
21164 22296
21219 22860
21220 5643
21255 22670
21269 22455
21317 22503
21328 22711
21329 22712
21351 22581
21353 22763
21370 22782
21373 22978
21379 22934
21380 22935
21382 22801
21402 22645
21404 32901
21426 22870
21439 32934
21442 32947
21512 22986
21529 23094
21533 22989
21568 33015
21576 23016
21585 23136
21609 23045
21612 23139
21615 33214
21616 23062
21626 22900
21660 23055
21661 33299
21663 23357
21664 33148
21674 6561
21675 6562
21679 23231
21681 33004
21706 33298
21731 23018
21739 23201
21740 23202
21778 23032
21823 23524
21825 23272
21826 23273
21862 23101
21894 23183
21902 23353
21916 23510
21923 7293
21951 7275
21975 9016
21983 23406
21984 33231
21995 23241
22131 33588
22148 33328
22196 23873
22253 33672
22323 33324
22326 24087
22331 33778
22394 33375
22415 16049
22437 24253
22483 23949
22521 23762
22570 24125
22663 24239
22664 24240
22680 33729
22681 33730
22692 24272
22743 24321
22746 24610
22797 24389
22798 24390
22799 24408
22825 34020
22857 24130
22894 23889
22917 33937
22919 24547
22931 24568
23051 24469
23052 24470
23063 9161
23091 24365
23145 24400
23147 24402
23155 24634
23180 24839
23196 24672
23204 15407
23213 24700
23220 34204
23238 24632
23274 11152
23280 24778
23342 24821
23344 24850
23345 24851
23351 9750
23372 24797
23402 34188
23437 9945
23438 9946
23455 24854
23459 24959
23477 24961
23504 25093
23510 25098
23516 25256
23518 24939
23539 10202
23545 10075
23562 34580
23575 10215
23579 10580
23583 25323
23596 25036
23597 10254
23598 10255
23606 25145
23607 25347
23608 25348
23620 25547
23621 25548
23655 24994
23657 10431
23665 25405
23701 10305
23741 25248
23758 25500
23761 34531
23786 25329
23797 25227
23798 25228
23807 25427
23828 25266
23831 25272
23832 25273
23847 25587
23858 25300
23869 25326
23870 25327
23926 25447
23960 10837
23961 10838
23996 10809
24006 25754
24019 10895
24041 35135
24058 25822
24059 25823
24060 25824
24061 11112
24070 25800
24076 26065
24088 26046
24118 25812
24119 25813
24130 26153
24132 34787
24135 25538
24139 25855
24149 11995
24153 11198
24166 11698
24175 25943
24177 25663
24179 11679
24192 25916
24196 11711
24201 25910
24222 25948
24223 25949
24228 25955
24230 25638
24241 25687
24244 26010
24245 26011
24250 26242
24261 26025
24287 25845
24292 25953
24297 11222
24303 26293
24304 26294
24336 11363
24339 26332
24340 26117
24352 11811
24359 25810
24383 26064
24406 25829
24417 12054
24422 35111
24485 25876
24487 25877
24506 25893
24520 25960
24524 25906
24527 26286
24540 11753
24578 26327
24580 26557
24603 11812
24620 26101
24639 26146
24640 26147
24645 25555
24650 26434
24652 26210
24658 26223
24694 11978
24700 26306
24708 26508
24720 26358
24724 26524
24740 26530
24750 26375
24751 26376
24768 26558
24795 26589
24816 26614
24823 12794
24827 12807
24829 26645
24840 26399
24847 26330
24859 26789
24862 12899
24873 4493
24878 26513
24895 26368
24896 26369
24912 26467
24920 13021
24924 26454
24985 26570
24992 26776
24999 26957
25003 26775
25005 26476
25018 26786
25038 26574
25047 13129
25058 26823
25108 26714
25113 26741
25126 26763
25131 26936
25140 13088
25167 26971
25184 26931
25214 26988
25216 26816
25280 26822
25291 26827
25300 26986
25301 26987
25314 27238
25321 26857
25336 13182
25373 26844
25400 27119
25407 27170
25444 13658
25453 27196
25462 27173
25490 35818
25547 13520
25554 27428
25566 27414
25567 27415
25581 13634
25602 13982
25611 13612
25625 27326
25638 14007
25647 14072
25660 27166
25671 27340
25672 27339
25674 13733
25675 27158
25707 27468
25711 27308
25749 27217
25761 13883
25763 13865
25778 27375
25782 36048
25850 27600
25942 27648
25949 14474
25972 14168
25975 27427
25984 27674
26002 27705
26058 14443
26077 29264
26094 27534
26141 15275
26142 15276
26160 15304
26196 14834
26200 27779
26328 14908
26331 27871
26359 27896
26383 14978
26511 15728
26513 28494
26526 28501
26538 15533
26539 15534
26570 15013
26588 28362
26589 28363
26624 28114
26708 15948
26724 28221
26756 28276
26758 15481
26771 28416
26839 28350
26841 28359
26842 28360
26918 28080
27045 16061
27057 28301
27093 28673
27243 28920
27248 16416
27270 16536
27285 28943
27302 29242
27332 16570
27334 29152
27353 28997
27355 28959
27402 29045
27403 29046
27418 17420
27419 17421
27427 29075
27445 16953
27473 29103
27487 37008
27524 29370
27543 17382
27586 17494
27597 29244
27626 29137
27632 29478
27646 17184
27651 29197
27686 17571
27704 29244
27741 17657
27784 29314
27810 17388
27831 17290
27846 29506
27857 37276
27871 17672
27872 17671
27873 29304
27882 17514
27887 29457
27929 29479
27945 29532
27956 29624
27959 17645
27982 29769
27986 29776
27987 29777
28112 29420
28113 29421
28147 29866
28186 29883
28195 29618
28282 18525
28292 17748
28303 29974
28323 18290
28336 18249
28339 18405
28344 30019
28373 18707
28508 30024
28513 18907
28518 30024
28522 29743
28533 30049
28575 19077
28595 30156
28596 29794
28601 29849
28642 18338
28643 30277
28658 18902
28661 18382
28662 18383
28694 18941
28703 30000
28778 18574
28849 18927
28870 30200
28875 30053
28887 30380
28889 19051
28890 19052
28913 30040
28971 30077
29015 30107
29813 36657
30097 38681
30106 38561
30109 38797
30114 38444
30116 31057
30117 31058
30134 31132
30139 31084
30140 31085
30141 31177
30142 31178
30153 38631
30154 31104
30155 31105
30163 38791
30164 38792
30165 38609
30168 31077
30176 20359
30190 31033
30204 31115
30217 31386
30222 31162
30223 31163
30228 38629
30229 38630
30230 38782
30242 20607
30245 31411
30260 31215
30261 31216
30268 31226
30270 31217
30271 31457
30272 31074
30274 31196
30288 31328
30303 38817
30309 31394
30314 31495
30322 31291
30327 38872
30332 31495
30335 31284
30341 31350
30347 7657
30351 38652
30379 38937
30380 31476
30384 31334
30397 38885
30404 31568
30407 31510
30408 38923
30431 31605
30447 31384
30475 31610
30476 31584
30501 31471
30508 31763
30511 31516
30526 31730
30527 31545
30529 31793
30533 31524
30534 31525
30539 31688
30547 39032
30558 31555
30559 31556
30578 31849
30587 31791
30588 31792
30594 31751
30606 31537
30607 31875
30620 31741
30628 31840
30637 39101
30676 39111
30689 31903
30716 21348
30719 31941
30721 32041
30725 31801
30732 32012
30811 32046
30821 39209
30848 32070
30852 32077
30915 32232
30930 32248
30972 32152
30983 32162
31003 32293
31007 39343
31010 32286
31050 32247
31095 32264
31117 32195
31122 32309
31134 39553
31143 32377
31183 32372
31211 32431
31312 32682
31325 32278
31392 39658
31415 32397
31420 32514
31456 32596
31458 32596
31467 22554
31483 39820
31493 8041
31508 32539
31516 32969
31526 32787
31546 39784
31592 32986
31671 22724
31678 38229
31679 32843
31699 32882
31716 39926
31750 39756
31751 33041
31774 39975
31784 39937
31787 40099
31788 40100
31800 33039
31804 33254
31806 32984
31808 33078
31868 33301
31908 23226
31922 33131
31930 33061
31953 40072
31964 23137
31978 33076
31988 33251
32064 33482
32068 33215
32070 33040
32071 39957
32079 40275
32088 33372
32092 33382
32095 33296
32101 40194
32137 40313
32163 33624
32164 33646
32196 33165
32204 40256
32236 33698
32237 33699
32241 33716
32254 33523
32274 33544
32277 33383
32285 33818
32296 33583
32311 33343
32335 40349
32341 33869
32354 33814
32376 23656
32386 33819
32393 33874
32423 33444
32441 33455
32491 33548
32517 33827
32591 33885
32609 33896
32627 33906
32650 33496
32658 33835
32678 33938
32683 33737
32730 33848
32731 33849
32776 40682
32787 34184
32792 33752
32842 33900
32843 33901
32849 34093
32901 34300
32956 33993
32989 34130
32991 33949
32992 34220
32996 34001
32997 33940
33034 34177
33070 34204
33078 34381
33131 34423
33136 24817
33137 24818
33142 34269
33159 34293
33168 34292
33174 24781
33206 24901
33207 25103
33234 34363
33235 34364
33254 34513
33268 34393
33305 34412
33306 34413
33307 34369
33320 34295
33326 25068
33368 34616
33381 34504
33403 34515
33411 34781
33412 34782
33433 34456
33449 34694
33548 34928
33552 34600
33554 34639
33559 34795
33560 34796
33592 34824
33597 34631
33628 34858
33631 34663
33636 34870
33638 34764
33656 34894
33663 41080
33677 34914
33681 34905
33686 34908
33689 34623
33696 34919
33705 34941
33710 25758
33745 34987
33763 35010
33778 34758
33784 35020
33795 34741
33797 35008
33813 25881
33820 35212
33823 35052
33825 35057
33833 25909
33841 35051
33870 35224
33871 35186
33872 35187
33887 34873
33888 34874
33893 34875
33894 35277
33911 35115
33917 35309
33922 34907
33926 11669
33927 11670
33932 35084
33933 35085
33934 34880
33949 35066
33950 35163
33969 35373
33970 34962
33983 35096
33989 34958
33991 35207
33994 35184
33999 26185
34010 35000
34017 25951
34018 25952
34023 35025
34025 26256
34051 26304
34061 35434
34070 26343
34080 35329
34089 35221
34128 41415
34142 35379
34150 35237
34157 35276
34158 26263
34186 35228
34187 35440
34189 26299
34190 35340
34193 26207
34206 35334
34224 35285
34232 35360
34242 35515
34243 35516
34254 35490
34265 35306
34268 35393
34306 35562
34313 35384
34314 35385
34325 35555
34326 35556
34333 35572
34348 35587
34350 35521
34351 35694
34385 35471
34396 35668
34402 35501
34403 35502
34405 35660
34425 35452
34426 35453
34442 35522
34453 35550
34457 35544
34496 35529
34510 35663
34524 41598
34534 35795
34543 35775
34546 35908
34548 35801
34554 7320
34560 35824
34561 26878
34585 41605
34613 27046
34614 26883
34616 35856
34620 35730
34642 35879
34676 35683
34686 27129
34711 36090
34718 35954
34744 35820
34745 35821
34758 41745
34776 35892
34795 36054
34797 35912
34826 35941
34857 41844
34899 36140
34903 36147
34919 36006
34920 36007
34921 36216
34960 36239
34962 36187
34964 36122
34982 36218
34989 36195
34990 36196
35006 36280
35025 36261
35060 27589
35074 36298
35100 36323
35174 27613
35213 27588
35227 36369
35257 27742
35266 27745
35350 36591
35351 36592
35383 36608
35391 28111
35393 36774
35423 36680
35496 28098
35509 36656
35522 28170
35528 36757
35530 28038
35544 36673
35558 36686
35560 35555
35571 28240
35616 28770
35619 36963
35627 28342
35652 36823
35657 36763
35659 36759
35704 28143
35749 16140
35757 36924
35759 42468
35772 28722
35817 37000
35850 37170
35857 37119
35875 37070
35876 28775
35877 37071
35881 37032
35898 29072
35923 37131
35942 37065
35945 37118
35959 29010
35978 28739
35991 36976
35997 37058
36015 37188
36017 37109
36055 29442
36056 29443
36088 29127
36089 37146
36099 29430
36109 37288
36112 37178
36121 29069
36138 37114
36153 29088
36162 29110
36171 37329
36179 29133
36207 37568
36230 37415
36310 37382
36316 37310
36333 37625
36349 37650
36353 37501
36359 37672
36439 29653
36444 37735
36445 37736
36468 29491
36494 29762
36541 37483
36578 29962
36638 37678
36639 18376
36650 30039
36665 29922
36679 30051
36693 29715
36703 30103
36705 30122
36706 30123
36713 37677
36725 30113
36735 37681
36737 37986
36749 30212
36781 37681
36782 29824
36829 30292
36832 37992
36909 37959
36939 37883
36949 38082
36997 30076
37007 37929
37027 38066
37033 43235
37834 38586
37838 43689
37841 38561
37845 43751
37848 38603
37849 43622
37851 43641
37859 43629
37867 38790
37870 38611
37883 43697
37890 38642
37895 38653
37914 38665
37915 38666
37939 38746
37948 38694
37955 38701
37956 38702
37960 38690
37964 38816
37967 38714
37971 38715
37976 38878
37983 38745
37984 38736
37990 43721
37992 43664
37994 38732
38007 38768
38008 38760
38009 38761
38013 38656
38015 43868
38016 38853
38030 38900
38047 43873
38068 38962
38085 38820
38097 31694
38099 38865
38100 38866
38122 43957
38125 39047
38134 38843
38148 39050
38156 39031
38157 39032
38162 43854
38174 43943
38189 38918
38195 38908
38206 44025
38208 43970
38210 43980
38212 39130
38225 43878
38226 43879
38235 43903
38237 44005
38259 31896
38271 39126
38279 44058
38288 39173
38309 43976
38310 39169
38318 39174
38339 38995
38347 39189
38348 43934
38359 39207
38374 39224
38379 39208
38380 39209
38400 39218
38405 44116
38406 39245
38415 39269
38424 44142
38434 39271
38437 39272
38481 39405
38486 32209
38506 39364
38526 39205
38528 39388
38566 39250
38592 39433
38629 39331
38643 39479
38690 39667
38706 39562
38718 39586
38721 39687
38770 39540
38772 39720
38782 39632
38794 39450
38802 39749
38808 39701
38809 39702
38815 39757
38816 44457
38837 39703
38850 39715
38852 39804
38860 44500
38890 44445
38897 32859
38900 39871
38908 39688
38919 39714
38956 44525
38961 39912
38969 39716
38977 44499
38983 39807
38990 39906
39004 39924
39009 39846
39012 39932
39026 40003
39039 39977
39044 40026
39051 40122
39052 40057
39053 40058
39055 39967
39070 39931
39089 40159
39095 39945
39107 40180
39124 44701
39126 44766
39147 40213
39148 40214
39153 44640
39159 44742
39176 44747
39183 44805
39221 40096
39222 40097
39225 44707
39227 40110
39241 44784
39244 40200
39259 40301
39261 40296
39280 40152
39284 44801
39290 40245
39299 40265
39300 40266
39305 40268
39310 44774
39316 44890
39355 40227
39357 33582
39379 40329
39402 40237
39408 40458
39433 40389
39463 24242
39481 40461
39502 40407
39505 24242
39539 40477
39549 40617
39557 40364
39563 40504
39568 33906
39578 40514
39586 40448
39602 40550
39627 40702
39630 40385
39643 33873
39652 40678
39657 33893
39684 40717
39687 40639
39730 40600
39732 40602
39759 40563
39780 40552
39783 40553
39794 40683
39795 40684
39811 40658
39814 40805
39815 40806
39849 40938
39850 45239
39854 40827
39860 40711
39875 40841
39876 40842
39882 40674
39884 34292
39887 40846
39890 40851
39916 45123
39923 40745
39934 40765
39948 34520
39981 34412
39982 34413
39983 45300
39984 45301
40019 40943
40021 40951
40036 40958
40039 41046
40054 40901
40074 40870
40097 34517
40111 41150
40120 25094
40136 41040
40141 41169
40148 40915
40157 40975
40162 41196
40185 40953
40187 41224
40188 41110
40189 41098
40205 41130
40217 41018
40218 41153
40221 41172
40226 41027
40236 41125
40237 41126
40238 34731
40262 41309
40263 41310
40269 41315
40293 34804
40298 41087
40311 34845
40322 41339
40324 45404
40333 41134
40342 41357
40343 41358
40360 41384
40363 41399
40365 41174
40366 41145
40367 41146
40375 45655
40376 35373
40380 41178
40393 41311
40402 41173
40403 41244
40404 41245
40423 41440
40424 41441
40425 41445
40440 41453
40441 41454
40452 41363
40454 41364
40455 41365
40459 35498
40481 41489
40486 45669
40500 35222
40512 41424
40525 41374
40532 41448
40534 35234
40553 41308
40568 41403
40569 41391
40575 35626
40582 45736
40583 45737
40584 41400
40585 41401
40603 41478
40604 41479
40614 41492
40626 41504
40628 41348
40643 41413
40655 35694
40656 41548
40673 41557
40688 41500
40706 41687
40707 41688
40709 41588
40710 41589
40714 41663
40716 41475
40724 41493
40731 41507
40738 41524
40746 35829
40757 41630
40767 41664
40771 45769
40810 41751
40812 35584
40813 35585
40830 35709
40861 41753
40862 41631
40866 41729
40880 35778
40896 41784
40935 35976
40946 41796
40961 35844
40963 41818
40970 41815
40988 41853
41008 41961
41010 41778
41011 41779
41045 36140
41048 36270
41146 41940
41188 42064
41200 36272
41207 42099
41208 42100
41210 42107
41241 42139
41242 36616
41243 36617
41270 42028
41367 42171
41368 42172
41379 42188
41387 42206
41395 36787
41405 42214
41486 36663
41511 42326
41528 42335
41538 42528
41572 47461
41639 46350
41645 28658
41646 42491
41647 42492
41659 42477
41665 37102
41678 37139
41679 37140
41694 37162
41698 42617
41753 42595
41768 46539
41797 37100
41837 42662
41863 42656
41867 42852
41883 42768
41909 42776
41928 37407
41930 42666
41987 42727
42047 37599
42051 42810
42053 37713
42056 42904
42061 42969
42106 37450
42122 42848
42126 37675
42153 37743
42194 37731
42207 43094
42221 46750
42285 43137
42299 37728
42300 37729
42306 37734
42330 43228
42334 37757
42342 37875
42345 37797
42346 37798
42395 43229
42460 37962
42854 18069
43000 43609
43009 43637
43010 43638
43011 43628
43018 43631
43037 43696
43047 47191
43049 43711
43056 47196
43057 47197
43058 43759
43063 43607
43075 47227
43076 47228
43081 43630
43088 47140
43100 47163
43103 43658
43107 43744
43108 43745
43131 43694
43136 43864
43140 43749
43145 43857
43149 43871
43151 43915
43154 43876
43155 43861
43156 43862
43164 43775
43165 43916
43174 43901
43176 47296
43178 43821
43182 43757
43195 47288
43204 43921
43221 47334
43223 47239
43243 43969
43244 43956
43245 43967
43253 47303
43261 44009
43265 43986
43275 47351
43278 43867
43287 47394
43289 43870
43292 43949
43293 44010
43295 49912
43311 44064
43314 44018
43315 44019
43321 44036
43344 47410
43353 47335
43368 44084
43370 43977
43371 43978
43372 44103
43380 44088
43381 44108
43392 44096
43401 44109
43406 47367
43418 44136
43426 47450
43427 47451
43429 44033
43435 44152
43437 39297
43449 44199
43463 44253
43470 44215
43520 44262
43542 44222
43563 44381
43578 44272
43581 44273
43591 44290
43604 44274
43639 47564
43641 47560
43651 47603
43658 44282
43661 44466
43679 44432
43681 44418
43690 44326
43691 44327
43723 44370
43724 44371
43727 47693
43728 44380
43758 44537
43769 44430
43770 44431
43781 44559
43785 44552
43786 44556
43791 44622
43806 44578
43813 47754
43841 44606
43854 44633
43884 44599
43910 44610
43927 44638
43936 44710
43940 44735
43953 44769
43956 44734
43960 44676
43961 44663
43962 44673
43963 47874
43964 44655
43975 44749
43976 44689
43983 44817
43991 47818
44001 44819
44005 44724
44027 44869
44032 44790
44036 44745
44039 44792
44051 47972
44052 47973
44057 44894
44072 44909
44086 44930
44095 44923
44099 44748
44105 44886
44112 44893
44125 44982
44126 44764
44135 44976
44136 44953
44145 44987
44152 45000
44162 44914
44166 44936
44198 44968
44199 44990
44267 48125
44273 44939
44292 45063
44307 48221
44360 40659
44361 45110
44362 45111
44386 45143
44406 45161
44439 45205
44456 45160
44472 45140
44476 48175
44478 45228
44493 45238
44495 45336
44498 45251
44517 48309
44523 45182
44525 45183
44526 48251
44542 45291
44573 45323
44584 45207
44597 45284
44609 45280
44617 45285
44619 45308
44627 40911
44632 45321
44635 40972
44638 45350
44639 45351
44645 45374
44646 45325
44653 45415
44654 45416
44656 45370
44664 45338
44667 45432
44668 45433
44669 48394
44670 45421
44672 45503
44675 45333
44682 45437
44683 45438
44686 45449
44691 45439
44701 45345
44711 45457
44719 41154
44721 45466
44722 45467
44723 41170
44731 45450
44732 45451
44734 45379
44736 41189
44746 45492
44752 45462
44753 45504
44766 45471
44770 45468
44784 41341
44799 45440
44804 41280
44811 48408
44812 45550
44814 45584
44818 45554
44819 45581
44821 45531
44825 45472
44833 45653
44839 45593
44846 45596
44854 41228
44856 48593
44860 41338
44901 45644
44902 45645
44920 45730
44922 41464
44925 41563
44938 45624
44948 45671
44965 45686
44969 45691
44970 45692
44982 41476
45001 41613
45017 45806
45020 41519
45038 41643
45039 48680
45041 45840
45044 45774
45077 45859
45083 45805
45090 41734
45091 45839
45106 45838
45114 45901
45120 45916
45126 45846
45140 41914
45145 45845
45152 46002
45154 45948
45157 45940
45174 45959
45175 45897
45181 41865
45183 45961
45188 45983
45189 45979
45197 45968
45198 45924
45204 45980
45207 41973
45213 41910
45228 41835
45232 41849
45239 46009
45240 41877
45242 45953
45261 46029
45275 41872
45283 48813
45326 46054
45334 46083
45371 41996
45417 42170
45426 42061
45467 46178
45475 46169
45478 46155
45479 46156
45480 46134
45507 42225
45524 46214
45530 42312
45533 42254
45534 42255
45540 46225
45541 46226
45575 42378
45578 46254
45584 46259
45596 46428
45597 46429
45601 46282
45614 46312
45637 42400
45640 46278
45695 46398
45697 46387
45699 42511
45724 46480
45732 46490
45739 46494
45744 42544
45761 46550
45804 46514
45819 42664
45834 42689
45835 46438
45836 46439
45861 42797
45885 46581
45898 42801
45899 42802
45900 42803
45934 46651
45967 42775
45989 46665
45992 46603
45993 46666
46005 43053
46010 46690
46018 46648
46026 42873
46027 42874
46029 43036
46032 42885
46034 46730
46036 42879
46051 46742
46052 46694
46058 43081
46061 43076
46064 43081
46087 43142
46090 46692
46091 46684
46099 43164
46101 43159
46110 42973
46126 43130
46131 46855
46135 43225
46148 43042
46157 43043
46158 43174
46163 43058
46164 46757
46169 2143
46171 43078
46176 46863
46196 43108
46625 47158
46626 47159
46628 49698
46631 47183
46642 49721
46655 47187
46661 49733
46662 49717
46663 47137
46675 47185
46676 47186
46693 47188
46694 49761
46700 43827
46720 47284
46725 47293
46728 47289
46729 49822
46737 47305
46738 47297
46739 47298
46745 47308
46751 47309
46752 47233
46767 47280
46769 47315
46772 47316
46781 47295
46783 47329
46785 49771
46788 47337
46798 47230
46799 47273
46800 47331
46805 43950
46815 43831
46828 47272
46834 47360
46858 49931
46868 47300
46869 49899
46877 49904
46890 47409
46908 47436
46921 49977
46926 47363
46930 47361
46938 47417
46939 47418
46943 47377
46948 47431
46966 47422
46973 47523
46977 50003
46990 47434
46994 47535
47000 47535
47024 47578
47034 50068
47046 49972
47047 50078
47056 47499
47061 50060
47068 50106
47073 47691
47074 47692
47089 50015
47097 47566
47099 47567
47100 47623
47121 47742
47134 47748
47142 47671
47144 47613
47145 47755
47148 47615
47155 50125
47163 47627
47173 47735
47211 50174
47230 47815
47236 50151
47237 50152
47242 47833
47246 47816
47249 47826
47279 47787
47283 47825
47296 47867
47306 47761
47310 47814
47318 47901
47334 47864
47336 47839
47348 50244
47359 47920
47360 47887
47365 47861
47371 47933
47385 50300
47387 50323
47391 50274
47424 47944
47435 48021
47447 47963
47475 48004
47486 48064
47501 47949
47518 48041
47519 48061
47520 48062
47524 50424
47535 48108
47546 48017
47555 48087
47556 48088
47560 48093
47566 48098
47619 48166
47620 44950
47621 48045
47639 48183
47640 48184
47654 48205
47657 48173
47662 48214
47667 48182
47671 48239
47679 48224
47681 45064
47683 48189
47689 48147
47695 48319
47711 48274
47719 48175
47728 45263
47737 48258
47780 48370
47784 48293
47798 48403
47803 48314
47804 48359
47814 48363
47820 48297
47836 48307
47864 48333
47870 48432
47876 48443
47885 48430
47891 48517
47895 45590
47910 48535
47919 48543
47922 48485
47923 48479
47927 48407
47930 48555
47945 48516
47950 48429
47954 48449
47955 48442
47976 48506
47987 48465
47991 48603
47992 48604
47997 45716
48022 45664
48030 48514
48047 48590
48113 45739
48114 45740
48117 48640
48126 50790
48127 50791
48130 48644
48131 48684
48133 45804
48134 45759
48135 45760
48146 48679
48147 45772
48153 48668
48156 48639
48175 48647
48181 48734
48201 45796
48207 45958
48217 48732
48218 48731
48220 45923
48270 46000
48271 45999
48278 46049
48294 48768
48306 48811
48311 48812
48320 45974
48325 46053
48327 48853
48337 48847
48362 46075
48386 48927
48391 48913
48392 48908
48419 48868
48475 48978
48483 48947
48487 46315
48505 46229
48522 49059
48529 49073
48532 46255
48536 49086
48550 46292
48566 49032
48583 49070
48584 46392
48593 49068
48597 49084
48600 49090
48611 49209
48639 46575
48643 49128
48672 49096
48677 46508
48686 49113
48699 49175
48700 49176
48703 49120
48705 46482
48714 46529
48717 49198
48720 49210
48726 46552
48761 49306
48762 49239
48766 49253
48768 51138
48788 49371
48799 46624
48811 49304
48829 46615
48846 46702
48852 46758
48859 46744
48876 46663
48880 46763
48883 49416
48896 49338
48904 49423
48907 46825
48914 46781
48924 49360
48932 46698
48933 46706
48944 46839
48962 46721
48963 46764
48965 49455
48966 46870
48979 49396
48983 46748
48999 49442
49001 49456
49005 46776
49006 46777
49012 46808
49035 49485
49049 49491
49060 49497
49087 49475
49340 51517
49343 49769
49349 51491
49350 51537
49351 51538
49353 49783
49362 49691
49366 49761
49370 51521
49371 49736
49372 51472
49373 49807
49374 49808
49376 51541
49378 51473
49381 49794
49385 49798
49386 51480
49387 51481
49393 49825
49395 51562
49400 51492
49408 47309
49416 51584
49420 49764
49430 49771
49451 51550
49455 49868
49459 49869
49464 49817
49469 49818
49484 51573
49487 49911
49495 49935
49497 49859
49498 51650
49499 51603
49505 51624
49506 49942
49510 49907
49532 51683
49560 50008
49561 50013
49565 50022
49570 51722
49590 50078
49591 50079
49615 47667
49640 50049
49652 47613
49655 51753
49663 50065
49666 51775
49667 51776
49671 50164
49674 50116
49675 50076
49676 50087
49681 50098
49687 51779
49704 50230
49718 50196
49720 50171
49733 52934
49740 50189
49747 50246
49749 50207
49750 50267
49753 50234
49758 50306
49763 50244
49772 50239
49773 50240
49776 50245
49789 50253
49796 50300
49797 50301
49806 51852
49807 50271
49809 50273
49817 50290
49822 51844
49827 50362
49838 50266
49859 50380
49880 50370
49882 50372
49903 51918
49905 50338
49911 44999
49915 50446
49920 50407
49921 50408
49922 50409
49942 50392
49943 50393
49964 50360
49967 50461
49973 50466
49981 50516
49982 50479
50001 48255
50002 50509
50007 50558
50019 51987
50034 50535
50047 50481
50048 50482
50071 50493
50110 50549
50111 50591
50114 50556
50119 41068
50121 50661
50123 50615
50129 50619
50130 50575
50133 50572
50135 50642
50137 50599
50138 50635
50140 50647
50147 50594
50148 50595
50149 48443
50159 50667
50160 50668
50173 50679
50174 50596
50175 50597
50179 50715
50191 50651
50194 48564
50197 48569
50203 50743
50204 50741
50205 52068
50216 50716
50218 50689
50228 50686
50246 50760
50262 48610
50263 48611
50266 50740
50267 48563
50270 50770
50282 50798
50303 50792
50306 50799
50311 50803
50334 48675
50343 50819
50356 48733
50361 50856
50367 50824
50373 52211
50375 48803
50380 50867
50383 50843
50386 50871
50387 50872
50389 50879
50390 50880
50396 50848
50397 52216
50402 50858
50407 50894
50417 50902
50424 52236
50427 48783
50434 50924
50437 50919
50487 50938
50510 50971
50529 48940
50536 50982
50569 51055
50574 48990
50589 46390
50594 51031
50595 51032
50620 51048
50629 49046
50634 51046
50635 49077
50641 51058
50643 51062
50647 49090
50653 51103
50667 49208
50683 49114
50695 51073
50724 49260
50727 49190
50738 52479
50784 51190
50789 51234
50825 51243
50839 49294
50853 51268
50862 49417
50877 49363
50886 49360
50890 51308
50894 51259
50899 49454
50913 51287
50971 51307
51186 52686
51187 51508
51188 52715
51190 51525
51200 10324
51212 52741
51214 51544
51217 51509
51224 51581
51227 52754
51228 52755
51244 51531
51247 51599
51255 52763
51259 51606
51277 52786
51280 52792
51285 51592
51288 51632
51311 51676
51327 51672
51331 51682
51336 52836
51339 51648
51344 51693
51345 51694
51363 51671
51398 50143
51402 52861
51420 51790
51431 51767
51432 51782
51446 51755
51462 51800
51463 51801
51468 51818
51469 51838
51471 51804
51476 52948
51490 51840
51491 52958
51493 51850
51494 51851
51504 51885
51509 52995
51510 51823
51536 52954
51553 45001
51562 51920
51587 51914
51589 51938
51595 51940
51596 51941
51615 51954
51638 51978
51645 51980
51648 51943
51649 51987
51650 51988
51657 51967
51672 52004
51674 51986
51676 50563
51686 52028
51694 52020
51700 52036
51709 52022
51717 52026
51718 52041
51719 52085
51724 52049
51725 50644
51727 52033
51728 52034
51730 52032
51731 52075
51732 52044
51737 50712
51738 50713
51739 52086
51754 52128
51755 52096
51771 52106
51778 52125
51781 52091
51790 52140
51792 52121
51798 52126
51800 52148
51803 53170
51816 52142
51824 50783
51825 50784
51829 50763
51832 52151
51835 52182
51841 52169
51842 52164
51844 52192
51850 52180
51862 50831
51863 52214
51864 50815
51866 52215
51867 52189
51872 52206
51876 50886
51884 52233
51888 50862
51890 52234
51891 52235
51892 52199
51902 52238
51903 50881
51904 50882
51906 50852
51910 52228
51917 52254
51922 50876
51926 52266
51938 52286
51967 50959
51989 50950
51993 52321
52027 52348
52061 51068
52074 52397
52123 51132
52129 52457
52143 52490
52145 51227
52148 52523
52150 52497
52157 53394
52174 52525
52177 51192
52180 52491
52197 52553
52211 51296
52212 51297
52217 52556
52226 51244
52231 51324
52236 51284
52248 51265
52250 52563
52260 52581
52407 53494
52414 53501
52416 52713
52418 52718
52424 52733
52430 53509
52434 52742
52441 52743
52454 52727
52460 52730
52461 52731
52464 52776
52469 52781
52473 52780
52488 52778
52491 51639
52496 53562
52510 52817
52550 52841
52576 52880
52577 52881
52578 52889
52579 52878
52584 53620
52595 52908
52608 52902
52617 52936
52629 52926
52634 51798
52645 52959
52646 52944
52662 52964
52664 51835
52677 53006
52683 52999
52689 51904
52697 53004
52720 53008
52722 53031
52726 53020
52752 51950
52753 51951
52761 53053
52762 53054
52768 53036
52786 53079
52789 53056
52792 53073
52796 53066
52808 53127
52811 53088
52812 53089
52815 53096
52824 53113
52825 53104
52828 53130
52839 53125
52842 53106
52845 53149
52854 53128
52855 53154
52856 52138
52867 53174
52876 52123
52883 53175
52888 53188
52889 53189
52891 53190
52892 52168
52912 52227
52913 53217
52916 53208
52917 53211
52934 53239
52936 52221
52937 52222
52942 52247
52953 53244
52976 52285
52989 53263
52995 53880
52997 53269
53040 52384
53067 53349
53080 53347
53089 53383
53091 53905
53092 51174
53107 53371
53128 53387
53135 53376
53144 52477
53145 52478
53151 53409
53152 53410
53155 52532
53156 53408
53168 53414
53176 53399
53180 53425
53182 52548
53188 53437
53190 52533
53191 52534
53200 52545
53219 53435
53230 53424
53353 53494
53362 54005
53363 53512
53369 53513
53377 54006
53378 53536
53381 54018
53383 54021
53385 54027
53388 53543
53396 53555
53409 53562
53415 54049
53416 54050
53417 53554
53419 53575
53428 53559
53433 53561
53434 54069
53440 53570
53458 54088
53460 53607
53467 54065
53470 54078
53482 53628
53489 53635
53490 53636
53491 54112
53494 53646
53505 53649
53507 53673
53511 53672
53514 53666
53519 53680
53521 53679
53526 53682
53527 53684
53534 53694
53535 53676
53543 54137
53544 54138
53567 53716
53571 53037
53581 53721
53589 53079
53591 54164
53600 53085
53603 53081
53609 53743
53615 53119
53617 53744
53619 53759
53623 53765
53625 53749
53630 53149
53638 53795
53643 53786
53651 53799
53654 53193
53659 53790
53664 53805
53666 53801
53669 53813
53670 53814
53671 53815
53675 53833
53678 53834
53684 53826
53685 53229
53692 53856
53693 53857
53704 54205
53710 53863
53720 53263
53724 53872
53763 53319
53771 53913
53779 53383
53785 53343
53811 53933
53819 53935
53898 54300
53901 54010
53909 54007
53915 54315
53917 54331
53918 54332
53925 54326
53947 54055
53953 54080
53960 54092
53965 54102
53972 54353
53977 54100
53978 54105
53981 54103
53986 54108
53995 54111
54021 54140
54028 54153
54035 54399
54043 54171
54044 54172
54058 54176
54063 54182
54078 53846
54079 53847
54087 54209
54090 54208
54099 54227
54109 54240
54112 54232
54140 53397
54160 53942
54202 54535
54211 54309
54220 54544
54221 54545
54226 54557
54231 54333
54237 54338
54245 54348
54250 54566
54251 54355
54253 54569
54255 54359
54259 54581
54271 54371
54272 54373
54278 54381
54286 54157
54289 54400
54290 54401
54292 54406
54293 54407
54294 54163
54304 54417
54307 54421
54315 54193
54318 54442
54323 54444
54325 54448
54333 54462
54334 54220
54344 54472
54345 54234
54359 54485
54373 54495
54374 54496
54382 54274
54421 54550
54434 54563
54435 54691
54437 54568
54439 54573
54444 54578
54451 54588
54455 54590
54457 54598
54463 54600
54464 54601
54465 54595
54472 54606
54474 54607
54476 54418
54479 54613
54485 54615
54486 54616
54488 54440
54489 54618
54490 54619
54492 54445
54493 54446
54504 54628
54509 54469
54510 54639
54511 54643
54513 54641
54514 54642
54550 54761
54551 54680
54552 54681
54567 54773
54571 54703
54583 54712
54594 54726
54597 54729
54598 54617
54610 54738
54616 54650
54617 54742
54618 54743
54648 54824
54649 54765
54650 54768
54651 54769
54657 54774
54658 54834
54659 54775
54662 54709
54664 54778
54667 54779
54676 54786
54685 54789
54692 54733
54693 54794
54694 54799
54720 54824
54721 54821
54722 54822
54724 54868
54727 54871
54730 54831
54736 54835
54737 54836
54739 54839
54741 54787
54748 54795
54755 54803
54769 54864
54771 54866
54774 54898
54777 54870
54778 54874
54779 54877
54783 54883
54785 54853
54787 54886
54788 54856
54791 54888
54802 54904
54803 54906
54832 54918
54835 54920
54837 54921
54839 54929
