1301
147 18329
504 19066
1171 17788
1230 48536
1238 17985
1268 16028
1304 28789
1374 28601
1386 17398
1408 17398
1471 17306
1512 17256
1545 17444
1583 16907
1589 17395
1602 17388
1603 17387
1633 16730
1671 16817
1672 16818
1726 9479
1771 17489
1938 15492
1970 17366
1996 36855
2295 16866
2296 16865
2405 16771
2411 27846
2510 27805
2570 15931
2639 15857
2679 28163
2758 16133
2808 16130
2827 16414
2889 15420
2946 27484
3028 16385
3029 16386
3057 27702
3072 27700
3107 15853
3365 4477
3657 27102
3738 14895
3950 27970
4135 14558
4159 15016
4178 14486
4183 15286
4255 14408
4256 14407
4260 14408
4261 14407
4404 14258
4482 15170
4510 15135
4563 15156
4564 15157
4608 26996
4660 14361
4951 14836
5422 14378
5563 40369
5623 13665
5747 25759
6135 12514
6142 12520
6230 12450
6253 12387
6296 25687
6411 34925
6465 12178
6613 25138
6787 12168
6819 11966
6974 11958
7058 25084
7175 10048
7652 9804
7820 24606
7822 10000
7832 12151
7960 12003
7978 10875
7997 11994
8017 9433
8018 9432
8097 24612
8146 10885
8237 24545
8324 24533
8387 9037
8406 24266
8550 24413
8589 24628
8699 24248
8736 9756
8844 9857
8951 24191
9197 23660
9218 9768
9328 23764
9336 24036
9458 8103
9474 33236
9631 8764
9792 3045
9801 23201
9844 8825
9847 10645
10006 8327
10081 23969
10206 9309
10260 8237
10266 8984
10315 7928
10321 8932
10418 7852
10469 23835
10475 33035
10590 23288
10694 23032
10780 7282
10787 22972
10788 22971
10818 7654
10819 32595
10867 23322
10975 23452
10995 22805
11120 22460
11131 9461
11160 6764
11233 7079
11240 12780
11273 5268
11367 5190
11394 7206
11395 7205
11428 7261
11429 7260
11623 9177
11717 23531
11823 22740
12036 22544
12037 22543
12086 5878
12404 6545
12440 31669
12444 5157
12996 21952
13000 5872
13051 15025
13085 5097
13307 4493
13397 7075
13662 2278
14432 4766
14555 19925
14672 3575
14802 20877
14816 19724
14825 20514
14886 2993
14888 2992
15139 3603
15565 1336
15606 52485
16170 326
18278 302
19300 29856
19332 29522
19563 29262
19587 29145
19602 28821
19608 18634
19704 29204
19707 29527
19734 37011
19743 29175
19836 29095
19842 29090
19843 29089
19852 29336
19972 18258
20015 28926
20047 36816
20050 29102
20074 16668
20094 36736
20109 28973
20157 28726
20168 29497
20176 29216
20200 17138
20231 29182
20232 29181
20328 36606
20417 28456
20456 28896
20468 16705
20488 28449
20541 15870
20610 28115
20734 16024
20889 28336
20919 15703
20924 16092
21131 36179
21132 36180
21140 14956
21146 14956
21172 15227
21206 36731
21252 27524
21315 14844
21391 14814
21498 27555
21529 27792
21533 14365
21637 28025
21659 27807
21660 27806
21674 15068
21732 27753
21758 35536
21902 13757
21936 14676
22099 14068
22198 26422
22252 35334
22253 35335
22269 3224
22291 35317
22331 35312
22338 35054
22460 26495
22521 13985
22680 34860
22681 34861
22692 26339
22695 34777
22716 26236
22779 26913
22798 26359
22840 12945
22841 12944
23071 34411
23100 34333
23110 34369
23145 34346
23146 34347
23147 34345
23164 25950
23181 4164
23204 3560
23263 34206
23269 34286
23272 930
23280 26404
23319 34128
23330 11306
23477 26294
23480 34309
23481 34308
23596 34054
23607 10964
23608 10963
23656 11868
23752 25993
23769 33951
23786 25954
23820 25058
23823 10867
23845 25355
23915 24261
24041 25254
24080 24589
24113 24817
24207 15688
24217 33621
24261 24417
24300 24390
24340 24289
24341 24288
24406 33226
24408 39908
24489 24121
24515 33076
24519 10761
24622 25412
24686 23960
24702 39768
24708 24114
24751 23635
24758 24004
24760 33176
24772 23842
24786 23870
24795 33529
24841 10346
24867 32824
24912 33053
25024 33408
25036 33255
25099 33370
25128 9601
25140 23259
25184 23338
25205 33163
25209 23333
25219 24087
25220 33103
25273 9694
25313 9644
25321 32503
25379 33307
25380 33306
25399 8792
25466 8695
25521 32821
25547 9276
25588 23355
25602 22977
25611 9233
25620 22814
25625 23657
25651 24509
25672 22770
25674 24512
25691 22875
25711 21889
25715 32157
25763 24437
25930 32585
26047 22421
26171 6824
26382 7682
26390 22321
26456 21926
26482 7210
26538 7386
26539 24054
26546 7453
26576 31407
26594 20861
26651 6832
26670 21516
26807 7239
26830 23319
26924 20506
27045 31035
27055 21633
27056 21632
27132 31468
27150 43263
27155 31354
27285 21433
27332 30828
27416 20046
27449 30677
27649 21386
27684 31051
27720 5369
27741 3748
27784 20725
27810 20363
27811 20362
27824 31255
27866 20388
27873 30342
27882 20185
27995 30228
28110 4240
28427 20193
28666 4117
28768 19897
28787 3636
28964 30559
29479 2078
29588 19790
29713 30413
30193 42398
30245 29522
30252 46403
30356 29322
30379 37559
30384 30023
30429 42385
30431 29807
30453 29490
30505 37441
30508 37273
30512 29866
30516 25427
30522 42187
30529 37242
30546 37516
30547 37517
30568 2213
30611 42182
30637 37431
30698 42162
30724 36589
30770 42497
30793 31539
30911 41948
30915 36787
30939 36657
31003 36694
31013 36776
31041 41794
31042 41793
31063 41785
31064 41784
31134 28562
31156 36666
31182 41695
31192 41740
31280 36958
31312 36651
31406 36510
31445 41549
31514 36457
31526 27953
31564 41469
31591 36408
31592 36407
31648 36371
31672 36531
31774 36048
31784 27843
31787 35824
31788 35823
31800 27825
31805 35806
31867 41476
31900 41410
32042 45366
32064 35561
32101 35725
32115 35175
32137 41283
32172 41149
32194 35422
32205 35636
32206 35626
32207 35625
32231 35196
32279 41195
32305 35297
32322 27188
32324 26909
32325 41153
32386 41106
32517 35396
32576 40852
32612 40928
32613 40927
32627 35324
32650 40718
32730 40827
32787 40900
32788 40899
32942 40619
32979 26014
33207 25692
33234 26238
33235 26239
33240 34167
33254 34847
33268 26214
33320 40392
33403 35164
33437 34438
33438 40399
33469 40374
33507 34632
33569 25976
33639 25063
33687 40242
33704 25878
33705 25127
33777 24929
33813 34164
33927 10818
33950 33840
33980 39907
33989 33419
33991 40272
34025 33743
34050 24849
34066 25522
34128 40162
34133 34647
34135 39791
34146 33604
34162 33625
34187 33578
34189 34621
34198 33579
34212 39711
34233 24613
34291 39671
34292 39670
34325 8969
34326 8968
34328 25152
34340 33403
34349 39662
34392 33191
34397 33183
34425 44161
34426 44160
34453 39571
34457 39734
34485 39705
34487 33252
34488 33253
34497 39457
34501 33339
34507 33214
34540 39674
34543 33117
34554 13491
34560 33305
34616 33078
34626 33073
34642 39792
34665 39334
34676 39433
34681 39797
34732 33093
34784 34033
34797 39516
34814 23863
34821 32774
34822 32773
34825 39599
34826 39507
34827 39508
34858 39592
34891 32742
34898 32859
34899 39648
34903 39668
34961 39604
34963 39603
34964 39094
35035 32640
35045 39497
35046 32560
35055 32615
35074 32551
35086 24218
35087 24217
35100 39486
35131 24134
35172 32492
35178 39418
35213 8381
35383 32427
35384 32426
35438 23476
35560 8969
35611 38601
35652 43522
35659 23168
35665 17679
35726 31321
36035 22796
36089 38223
36121 38439
36171 38660
36179 38176
36204 38498
36205 38497
36353 38682
36359 31765
36494 30741
36911 31381
37186 2057
37201 35374
37272 38403
37359 30716
37466 30343
37605 2363
37948 46403
37965 46475
37994 42453
38068 37532
38097 37471
38100 42885
38199 46109
38210 46279
38259 37258
38266 42040
38272 37259
38309 46138
38318 37336
38326 37165
38328 42304
38374 37136
38465 36904
38506 36750
38528 36728
38534 41769
38581 42324
38710 36820
38721 42087
38772 36613
38815 42024
38824 45638
38837 36353
38859 41843
38890 42101
38894 41894
38915 41469
38926 45708
39044 36185
39050 41625
39055 36310
39159 45470
39176 45451
39183 45507
39215 45482
39246 45445
39258 45425
39259 45423
39269 35865
39304 35831
39310 45270
39317 45380
39329 45349
39379 41322
39394 45124
39463 26029
39464 41235
39472 41236
39489 41216
39497 41213
39505 26029
39568 35324
39592 40714
39611 35590
39612 35589
39614 44984
39643 34697
39721 35205
39726 41073
39731 35560
39732 35557
39783 44863
39815 35110
39875 34884
39882 44815
39887 40957
39890 40943
39920 34896
39923 44831
39934 44827
39965 45171
40136 34619
40140 44792
40148 44671
40156 35073
40217 44617
40236 40337
40237 40336
40269 40667
40302 34373
40308 34405
40309 44555
40313 40442
40364 44571
40381 44394
40382 44393
40389 40551
40390 40300
40399 44352
40416 44345
40417 44344
40422 10372
40423 40566
40440 34275
40452 40230
40455 40215
40481 34228
40494 34636
40584 44451
40585 44450
40589 34524
40603 40097
40604 40096
40614 44525
40625 40078
40661 44324
40699 34390
40706 34013
40707 34014
40757 44399
40767 40108
40768 39948
40827 39940
40834 39993
40835 39992
40861 39825
40862 44194
40866 44428
40872 47511
40885 39892
40887 44275
40896 39885
40902 39797
40929 43991
40935 39826
40946 39888
40951 44312
40971 39896
40989 39646
40999 39785
41045 39648
41046 39647
41052 44094
41054 39971
41055 39621
41095 39365
41113 39567
41188 44068
41208 44052
41233 31858
41235 43746
41241 39411
41242 39723
41243 39722
41256 43882
41387 43804
41447 33225
41478 39207
41528 38916
41530 43720
41645 33028
41646 39009
41647 39008
41657 32433
41862 43361
41890 43190
41990 43369
42085 31882
42086 31881
42181 5354
42240 38064
42263 38604
42264 38603
43052 46325
43057 49313
43081 49173
43103 46303
43153 46306
43178 42892
43194 46685
43223 49054
43243 46460
43259 49156
43265 49279
43275 49138
43282 46448
43298 46480
43299 46479
43314 42566
43315 42565
43321 42573
43346 46430
43350 46176
43351 46175
43369 46166
43380 46154
43381 42471
43386 46155
43392 46137
43406 48948
43407 48947
43412 46105
43418 46101
43425 46091
43435 46079
43463 46131
43528 48817
43531 49062
43542 45883
43543 46135
43545 45755
43578 42362
43583 46281
43591 42347
43635 46065
43668 45670
43679 46118
43681 46112
43682 46113
43758 45840
43806 41807
43909 41878
43936 45595
43953 45516
43961 41836
43991 48466
44001 48597
44005 48512
44018 45344
44036 48491
44051 48548
44053 45644
44067 45348
44095 48483
44098 45720
44112 45427
44128 48476
44136 45243
44198 45365
44253 48310
44263 45468
44271 45276
44413 41192
44445 41030
44478 45134
44483 48113
44498 45105
44503 41230
44504 41199
44525 48099
44542 40901
44583 48011
44609 45258
44617 48044
44657 50592
44658 44889
44670 44828
44675 47954
44679 47959
44686 44926
44696 44698
44697 44697
44706 44879
44726 40986
44730 44764
44734 47932
44746 44872
44752 47987
44755 44746
44766 44644
44770 47928
44771 47917
44784 40617
44819 44639
44844 40543
44861 40452
44882 40750
44884 47883
44902 44471
44920 44539
44922 44513
44938 47634
44997 44573
44998 47590
45005 40618
45017 47778
45018 47777
45031 44414
45042 44411
45043 47747
45065 34112
45077 47719
45083 47623
45090 44337
45092 44328
45094 47531
45149 44772
45154 44260
45157 44354
45160 40426
45175 43963
45180 47654
45198 47557
45204 47605
45218 47613
45277 44493
45295 44132
45311 44090
45334 47558
45343 47308
45345 44057
45371 33709
45431 43878
45467 47253
45482 43924
45489 47403
45530 43959
45533 43766
45572 47404
45625 43485
45637 43686
45640 47160
45657 47222
45724 31310
45798 47037
45799 43359
45825 47012
45867 47145
46101 38828
46131 43650
46175 38697
46176 43053
46694 51219
46720 46588
46725 46574
46738 46605
46739 46604
46745 46554
46765 49470
46776 49106
46815 49030
46819 49156
46824 51054
46825 51053
46858 46316
46869 49280
46890 49083
46896 49217
46916 46518
46927 49235
46933 49230
46975 46219
46977 49048
46995 46110
47018 49057
47097 48767
47099 48757
47113 48999
47117 50894
47134 46012
47148 50863
47155 45957
47212 48909
47246 45895
47249 45892
47270 48780
47283 45729
47300 48672
47308 48882
47310 45877
47315 48810
47362 50796
47385 48654
47386 48655
47435 50728
47442 50717
47486 50690
47494 50677
47513 52163
47519 48509
47555 45295
47559 48493
47566 45311
47581 50524
47604 50732
47612 48457
47619 45278
47628 48465
47631 45229
47634 48187
47646 50483
47681 48149
47689 50459
47692 50478
47710 45117
47737 45315
47774 45290
47803 45238
47822 15137
47876 48181
47886 45092
47907 50344
47923 48125
47954 50272
47964 51917
48004 47929
48022 47912
48027 47898
48028 47899
48039 44837
48047 47875
48055 44979
48063 47865
48086 47817
48087 47816
48114 44871
48129 50231
48130 50230
48134 47741
48135 47740
48147 47717
48167 47766
48188 47774
48195 47831
48200 50040
48217 50165
48223 47662
48237 50028
48250 48040
48257 50145
48268 48029
48269 50075
48270 47637
48271 47641
48277 44522
48278 44523
48306 50102
48362 47554
48392 50038
48406 47429
48452 47446
48484 47471
48499 44392
48517 49818
48532 47281
48570 49837
48584 47345
48648 47243
48707 47012
48714 47228
48857 47011
48880 49642
48907 43667
48959 49824
49170 44930
49281 46941
49282 46940
49347 51173
49362 52532
49366 51219
49372 52526
49383 52528
49393 49377
49420 51096
49426 51324
49434 49450
49435 52502
49445 52500
49466 51054
49467 51053
49477 49247
49484 52463
49510 51055
49519 52436
49520 52432
49526 49230
49565 51060
49570 52445
49577 52381
49611 52411
49616 52353
49629 50893
49640 50886
49666 50944
49667 50943
49675 50843
49676 50839
49681 50827
49728 48929
49738 48882
49742 48810
49758 52284
49778 50850
49786 52272
49802 50666
49806 50815
49817 52225
49827 48686
49920 50720
49921 50719
49967 52218
49982 50656
50002 48402
50011 52069
50024 48516
50034 50609
50035 50608
50047 52047
50071 52032
50079 52048
50083 50570
50099 50456
50114 50381
50133 50353
50147 50338
50149 48181
50159 48177
50173 50472
50194 50480
50204 50474
50209 51900
50210 51998
50270 50278
50272 50289
50273 50290
50281 48092
50282 48091
50306 50262
50311 50240
50331 47919
50332 47985
50355 50165
50375 44581
50380 51857
50383 48007
50384 48006
50386 50122
50387 50123
50390 50145
50396 51808
50402 50075
50408 50076
50437 50092
50447 50069
50511 50042
50537 51691
50539 49955
50574 49874
50578 51607
50581 49810
50619 49844
50638 51542
50662 49885
50695 51499
50703 49854
50727 49841
50785 49728
51046 49619
51188 53465
51227 52577
51241 53376
51244 53380
51247 52589
51256 52605
51313 52486
51333 51144
51334 51143
51338 51059
51345 52505
51350 52452
51379 53293
51390 53274
51393 52312
51430 52393
51462 50991
51463 50990
51506 53233
51536 53180
51576 53191
51588 50696
51590 50695
51596 50686
51609 50791
51648 53112
51672 52092
51674 50698
51698 52037
51706 53088
51711 53115
51727 53081
51728 53080
51730 53062
51732 53073
51737 50496
51738 50495
51748 50441
51749 50442
51772 50475
51775 52116
51776 52148
51777 51989
51778 51986
51790 51976
51795 52126
51800 51971
51803 53038
51816 51911
51824 51931
51825 51930
51828 50270
51844 50244
51862 51870
51863 51884
51866 51869
51876 50318
51884 51861
51888 51866
51903 51839
51910 51722
52027 52867
52111 51584
52112 51583
52424 53495
52454 52666
52464 53448
52473 53453
52475 53430
52488 53368
52522 52519
52566 53289
52634 52410
52640 53265
52662 52294
52671 53854
52672 53853
52683 52323
52737 52270
52767 53802
52775 52241
52786 53166
52787 52233
52845 53109
52855 53102
52883 53061
52888 53043
52889 53044
52925 51980
52942 52988
52975 52955
52989 52941
52997 53684
53009 51862
53018 52894
53019 53658
53178 53574
53223 52807
53366 54007
53370 53532
53371 53531
53377 54360
53410 54341
53424 53359
53455 54317
53482 53925
53494 53911
53527 54269
53549 53842
53571 53229
53589 53166
53591 53859
53598 53788
53623 53804
53630 53109
53638 53118
53670 53739
53671 53737
53685 53716
53702 53701
53779 51670
53902 54603
54012 54520
54035 54249
54043 54221
54044 54220
54063 53135
54070 54465
54072 54185
54132 54120
54203 54603
54209 54740
54234 54726
54247 54327
54279 54702
54289 54524
54290 54525
54293 54517
54318 54680
54333 54665
54334 54449
54382 54446
54451 54542
54455 54536
54476 54241
54509 54783
54513 54777
54514 54776
54536 54636
54552 54913
54606 54800
54610 54790
54640 54974
54651 54849
54676 54943
54692 54881
54736 54899
54745 54883
54755 54930
54757 54928
