1198
254 1215
348 37067
926 30067
1230 36012
1602 19019
1603 19018
1660 19219
1681 18953
1754 19096
1771 18992
1772 18991
1933 19034
2014 19034
2195 18223
2295 18518
2296 18517
2571 18257
2681 17880
2709 18148
2807 16335
2827 18108
3128 15622
3176 28708
3199 17793
3497 17668
3648 26409
3738 16734
3739 29338
3966 17362
4159 17001
4215 16362
4227 16823
4234 16342
4329 16877
4404 16199
4405 16198
4428 16667
4461 27986
4482 16780
4666 16105
4820 15807
4864 16525
4896 15713
5081 15527
5422 16054
5623 15643
5681 15999
5848 27117
5891 15821
5899 27085
5937 15706
5938 15705
6411 36090
6819 14194
7029 26352
7030 26350
7031 26351
7059 26336
7073 14724
7136 26272
7175 12116
7486 27663
7580 26141
7783 14186
7803 14277
7821 14084
7830 14245
7831 14244
7894 12245
7940 14245
7941 14244
7942 42716
7980 14077
8006 11581
8017 26005
8146 13170
8406 25553
8586 14245
8648 25691
8736 12153
8888 10840
9221 29093
9267 26078
9356 12876
9361 25591
9403 11237
9442 25231
9458 10292
9606 11849
9607 11848
9651 25769
9652 25768
9662 12535
9844 11190
9940 10865
9957 12475
9992 10807
9997 24331
10045 25557
10089 10780
10260 10681
10266 11253
10298 10849
10579 3382
10694 24434
10741 10596
10749 10435
10774 25087
10787 24378
10812 24092
10813 24091
10818 10138
10819 33669
10902 24055
10975 9888
10999 24799
11082 24654
11090 10164
11117 9659
11189 9649
11292 24620
11361 7636
11429 9573
11472 10769
11584 23586
11585 23585
11623 10973
11631 8674
11917 33115
12028 3418
12086 8305
12300 23949
12318 23008
12404 9298
12440 22927
12615 9025
12813 23556
12889 9372
13003 7485
13085 7373
13307 6853
13597 32829
13633 8437
13644 4828
13667 32608
13891 8565
13988 8180
14052 46219
14213 22205
14639 22648
14640 22647
14816 21195
14886 5080
14888 5079
15074 6099
15139 6047
15195 8437
15215 21824
15276 8306
15366 43951
15565 21374
15606 52884
15637 21332
15878 5864
15979 21285
15980 21284
15985 18392
16407 20034
16444 4384
16480 26404
16483 30890
16691 20057
16692 20056
16749 20114
16850 4405
16883 1570
17148 19362
17205 19595
17287 19815
17533 19867
17759 19926
17889 19867
18214 19657
18614 2050
18821 2492
19223 29655
19384 30186
19665 37444
19743 30121
19817 30208
19842 30044
20023 18907
20028 18777
20049 29989
20088 29188
20094 29335
20127 18868
20131 29411
20157 29757
20158 29756
20161 18982
20168 30200
20277 37155
20297 29937
20303 29969
20414 18450
20488 17781
20610 29371
20734 18071
20745 17655
20786 26404
20798 18183
20804 16335
20889 29428
20919 17717
20924 17827
20957 17931
21029 17571
21051 17779
21132 17041
21185 17639
21255 16698
21269 17466
21281 28913
21306 17389
21317 17344
21351 17106
21353 16683
21391 16614
21423 16515
21467 17166
21488 16893
21489 16892
21530 28907
21540 16877
21550 16667
21597 16801
21598 16802
21675 28865
21678 15800
21679 15801
21902 15804
22061 36637
22083 21644
22171 15931
22173 28375
22436 15605
22471 27739
22570 14749
22663 14591
22683 27657
23086 35300
23087 35301
23096 14552
23145 35266
23146 35267
23154 14468
23191 14372
23323 27625
23355 27624
23404 14355
23493 4777
23521 27434
23545 14100
23547 34923
23596 35033
23628 13201
23643 25911
23752 27076
23820 26469
23831 34836
23858 27109
23896 12525
23901 13567
23982 3036
24113 26238
24130 26702
24140 13012
24175 26050
24228 26147
24261 25958
24265 34099
24374 34959
24421 34936
24442 25813
24519 26559
24639 26462
24696 25622
24750 34407
24795 34680
24796 34005
24912 34051
24975 26061
25002 25083
25035 25137
25036 25024
25097 25042
25122 25340
25123 34260
25127 33557
25190 25077
25197 25091
25214 25109
25243 9571
25321 33541
25380 34309
25420 24825
25443 25068
25453 24820
25462 34068
25488 33962
25536 25851
25588 24776
25620 33847
25633 24403
25638 24320
25673 33807
25777 33161
25866 33769
25930 24096
26200 33171
26456 33150
26482 9667
26563 9191
26614 9386
26807 9028
26830 8982
26854 32191
26917 24199
26935 23044
26940 8509
26944 32247
27006 39393
27012 22119
27201 39314
27270 22856
27285 32741
27294 23538
27418 23395
27419 23394
27560 32360
27757 2955
27824 32180
27873 38875
27882 31845
28380 22732
28889 20006
28890 20005
29129 38606
29174 30488
29186 19916
29232 19861
29343 21080
29406 30337
29466 20711
29481 20691
29620 21446
29628 5778
29781 30966
29931 20824
29971 30293
30692 30040
30693 30039
30753 37938
30770 37958
30793 37938
30809 30010
30848 29993
30966 37887
30977 42675
31013 29467
31041 42566
31042 42565
31063 42541
31064 42540
31089 29626
31127 29637
31183 29557
31248 29386
31280 29561
31311 37583
31324 29537
31343 37602
31360 29482
31406 37323
31415 42368
31432 29429
31437 37437
31445 42319
31506 37384
31513 37331
31514 37330
31591 37316
31592 37315
31646 37123
31649 29039
31672 37269
31770 28881
31777 36860
31783 28864
31800 16622
31826 28970
31960 36206
32016 28427
32069 36702
32101 36691
32204 36616
32241 36563
32347 35921
32375 13313
32386 42108
32517 27753
32591 27670
32609 36240
32613 41724
32650 41427
32737 26771
32964 27724
33018 41382
33034 27575
33120 36201
33142 27479
33224 35177
33254 26982
33344 35068
33379 26837
33401 41223
33438 41208
33469 41188
33548 27002
33600 35263
33681 35257
33710 26389
33713 35180
33745 35153
33758 26733
33783 35136
33794 26699
33877 46341
33894 35497
33911 35205
33918 40933
33969 26500
33994 34991
34025 34860
34066 26621
34097 41096
34128 41078
34162 34756
34240 41007
34291 40539
34292 40538
34340 34524
34351 35051
34377 34506
34392 34199
34397 34180
34409 40642
34453 40493
34457 40586
34482 34366
34499 34427
34501 34426
34540 40531
34543 34202
34548 40852
34560 40865
34579 34682
34582 25461
34613 34251
34616 34159
34641 34239
34681 40709
34784 25717
34795 34009
34797 40391
34899 40561
34976 33789
35025 33757
35035 33716
35050 25312
35100 40416
35157 25299
35159 25140
35172 33536
35183 39949
35222 33507
35334 33830
35383 33371
35438 24587
35459 39990
35463 24559
35529 32804
35638 24299
35652 44421
35659 33785
35703 32801
35726 32201
35749 32955
35945 32556
35964 44115
36010 39140
36069 22174
36171 39488
36179 43994
36293 38834
36331 38877
36332 38876
36523 39343
36816 32469
36851 31803
36892 38734
36909 30795
36992 38277
37010 39054
37133 38579
37162 31503
37359 39121
37994 43227
38085 43115
38141 42928
38199 42848
38202 42944
38259 37991
38273 37983
38318 38036
38364 42774
38386 37992
38405 43001
38419 42982
38462 43246
38463 43245
38470 37887
38495 43951
38506 37558
38528 29419
38572 42492
38650 43112
38702 37619
38710 37598
38733 37574
38772 37505
38814 42919
38815 42918
38816 42801
38820 37307
38837 37230
38843 42480
38859 37196
38860 37195
38889 42441
38890 37384
38894 37246
38898 37463
38908 37420
38953 37119
38971 42814
38981 37324
39037 37247
39044 37099
39187 37039
39215 42410
39259 42315
39269 36913
39284 42312
39295 46326
39304 36878
39310 42001
39333 46286
39407 42165
39452 42392
39463 42002
39464 42114
39472 42111
39489 42093
39497 42089
39505 42002
39592 41422
39599 36560
39614 45808
39617 41642
39643 41619
39656 41821
39657 41600
39699 36111
39721 36079
39763 42117
39794 36175
39795 36176
39797 27575
39848 36120
39860 42004
39875 35820
39887 41747
39934 41319
39957 41291
40140 45670
40148 45513
40156 35836
40170 45515
40171 45514
40188 35537
40217 45462
40236 41185
40237 41184
40269 41566
40302 35525
40333 45297
40342 35509
40343 35510
40363 41506
40390 41186
40418 26409
40421 43951
40423 41468
40429 35145
40461 35313
40480 35379
40524 41086
40569 45348
40584 45318
40589 35305
40603 41011
40604 41010
40613 35240
40614 45432
40625 40985
40656 40964
40661 45198
40706 41275
40707 41276
40724 45140
40757 45310
40767 40994
40768 40856
40795 40847
40827 45314
40847 45301
40852 45214
40860 45294
40872 48272
40885 40818
40896 40812
40902 40709
40919 34807
40920 34806
40922 34546
40945 34519
40956 45190
40987 44980
40994 40688
40999 45199
41046 40560
41055 40532
41174 40416
41212 9564
41242 40684
41243 40683
41287 44879
41315 39806
41434 40252
41478 44765
41528 44568
41645 33814
41657 33467
41862 44197
41967 44399
42043 43871
42053 39849
42085 39830
42087 32852
42217 44151
42228 43789
42247 43808
42317 39141
42379 44162
42391 32412
42465 43797
42501 38208
42509 38579
42520 38562
42589 38888
42613 43722
42661 47257
42662 47256
42854 43587
42908 38160
43191 46878
43265 49858
43275 46990
43314 43383
43315 43382
43321 43404
43344 43075
43345 47121
43346 47120
43371 46690
43381 43305
43383 46949
43386 43022
43418 42982
43442 47060
43471 43217
43520 43140
43543 46838
43548 43082
43591 43107
43635 46831
43636 46830
43668 49321
43679 46817
43680 46818
43707 42910
43757 46712
43761 42899
43782 42753
43783 42754
43785 37191
43786 42698
43833 42729
43838 46654
43861 46631
43884 42672
43975 42513
44005 46215
44031 42341
44036 49153
44051 46335
44053 46449
44054 46448
44096 46412
44112 42187
44159 42138
44166 42104
44229 42311
44239 42313
44319 49050
44334 41943
44335 41942
44366 48827
44374 46272
44409 42098
44478 45995
44498 45965
44503 46130
44516 51220
44542 41693
44577 45881
44591 41846
44632 41773
44640 45822
44649 41504
44729 41605
44730 45676
44731 45601
44734 48653
44752 45573
44755 45659
44778 41553
44804 45612
44807 41519
44853 45518
44902 45354
44920 45443
44948 50795
45017 48543
45018 48542
45028 45352
45041 45332
45042 45331
45086 48356
45090 45268
45092 45244
45125 48463
45140 41090
45154 45159
45157 45236
45170 41040
45175 44833
45181 45101
45188 48428
45198 48297
45204 45065
45218 45075
45239 45014
45246 45404
45255 45093
45334 48323
45385 44892
45386 44891
45445 44813
45457 44818
45475 44684
45482 44803
45490 48218
45530 44801
45540 47342
45554 45191
45572 48121
45582 48108
45637 47959
45640 47848
45663 47829
45664 47993
45675 44327
45780 47762
45794 47904
45867 47841
46052 47483
46072 47442
46176 47461
46194 43667
46220 47578
46283 47299
46284 47300
46382 44428
46478 47220
46807 49846
46815 49577
46869 49850
46908 47099
46913 49751
46916 49856
46972 47024
46994 46968
46995 46833
47000 46968
47024 46798
47034 49630
47043 49618
47100 46886
47111 46870
47113 46806
47140 46810
47148 51386
47151 49625
47155 46699
47163 49288
47173 42772
47198 46762
47199 46590
47211 49538
47229 46697
47277 46665
47283 46531
47308 49471
47315 49448
47328 46637
47385 46395
47387 49297
47420 49259
47442 49230
47460 46462
47463 46457
47566 46184
47581 51070
47619 46137
47628 46118
47631 46097
47639 46106
47640 46107
47646 51033
47662 46061
47680 48805
47689 48815
47705 46187
47749 46131
47765 46105
47814 48947
47873 45930
47876 48886
47877 48849
47885 52530
47919 45835
47921 45739
47923 48829
47949 50847
47950 50848
48027 48671
48028 48672
48039 45746
48047 48645
48055 45770
48086 48595
48122 50715
48130 50853
48134 48484
48135 48483
48147 48448
48167 48526
48188 48530
48189 50832
48195 48589
48200 50646
48201 50645
48217 50791
48218 50779
48227 48500
48240 50622
48255 48502
48268 48678
48269 50683
48270 48379
48277 45419
48278 45420
48289 50648
48291 50647
48306 50720
48311 48324
48396 50649
48452 48198
48468 50463
48517 52089
48570 50429
48584 50510
48586 52038
48593 50414
48646 50416
48707 50273
48714 47930
48761 48069
48768 50129
48769 48048
48802 44205
48907 47957
48955 47402
48956 47401
48967 50064
49025 50092
49059 50170
49091 47243
49139 47299
49144 47624
49145 47362
49155 47545
49225 47619
49420 51591
49445 51623
49477 51710
49487 51729
49495 51685
49505 51590
49512 49742
49531 49806
49554 46987
49561 51598
49603 49677
49629 51429
49635 51597
49640 51412
49642 49642
49674 51586
49675 51360
49676 51367
49681 51345
49684 49591
49689 49485
49703 49454
49718 49425
49728 49507
49738 49471
49742 49448
49778 51415
49806 51381
49827 49361
49838 52619
49856 49221
49880 49194
49920 49152
49921 49151
49967 51233
49982 51223
50001 49090
50002 49064
50004 49166
50011 51009
50024 49120
50047 52510
50071 50968
50079 51000
50110 50967
50130 52486
50138 51068
50139 51060
50140 48920
50144 52503
50147 50916
50149 48886
50154 52448
50159 48879
50173 51048
50191 52438
50203 48900
50204 51077
50219 45815
50263 50896
50272 52453
50273 52454
50282 48813
50287 48797
50311 50862
50331 48646
50332 48733
50342 50798
50346 50945
50348 50863
50354 50818
50360 50815
50380 52346
50384 48676
50387 52338
50389 52351
50390 52350
50396 53368
50402 50683
50427 50643
50437 52315
50450 50711
50464 50536
50493 50649
50511 50657
50539 50573
50547 50606
50575 54024
50578 52085
50638 52046
50655 50722
50683 50280
50696 50257
50698 51984
50711 50399
50727 50430
50733 52017
50779 50489
50853 51936
50862 51934
50863 51933
50913 50052
50935 50013
50949 51795
50954 51790
51172 53009
51223 52911
51300 51715
51313 52915
51327 51677
51334 51669
51393 52751
51420 52831
51430 52842
51452 51497
51463 51503
51472 51493
51490 52763
51494 51425
51501 51349
51534 52781
51571 51374
51577 53594
51578 53593
51595 52675
51596 52674
51623 52532
51648 52526
51672 52564
51674 51219
51675 51134
51676 51135
51692 51205
51694 51188
51727 53498
51732 53487
51737 51101
51738 51100
51747 51018
51771 52515
51790 52466
51794 52562
51795 52561
51803 53463
51816 52394
51824 52432
51825 52431
51847 52395
51862 52378
51866 53435
51867 52267
51890 53421
51891 53422
51903 52333
51904 52332
51912 52341
52027 53282
52095 52116
52098 53255
52196 53076
52225 53053
52236 51858
52250 53079
52260 51813
52361 53056
52369 51782
52460 53792
52462 54346
52490 52990
52500 53829
52550 52908
52562 52898
52576 52856
52577 52857
52595 52859
52597 51546
52603 52813
52639 51492
52640 52800
52661 53640
52666 53665
52683 52783
52695 53656
52698 52772
52775 52664
52776 52663
52787 52654
52789 53531
52805 52569
52819 53555
52849 52577
52875 53570
52889 53473
52917 53449
52942 53411
52948 54092
52974 53389
52975 53388
52990 52408
52997 54072
53062 53230
53064 53225
53076 54026
53185 53069
53248 53897
53366 53812
53394 54346
53419 53811
53424 52907
53482 53726
53495 51492
53505 53706
53506 53737
53507 54273
53514 54263
53521 53713
53535 54271
53589 53597
53591 53617
53623 54168
53630 53538
53670 54114
53671 54113
53679 54557
53685 54105
53702 54093
53963 54343
53972 54685
53977 54318
53980 54309
53986 54638
54025 54856
54043 54583
54072 54563
54124 54493
54132 54489
54247 54681
54258 54908
54279 55031
54282 54625
54290 54872
54298 54610
54333 54807
54334 54986
54450 54627
54451 54628
54461 55034
54501 54833
54504 54998
54506 55095
54536 54972
54552 55172
54592 55039
54643 55243
54650 55171
54651 55170
54684 55273
54692 55213
54744 55274
54745 55275
54755 55264
54808 55346
