3005
57 2078
97 2546
101 20689
104 20754
123 20443
127 20759
154 20777
155 20464
176 31172
179 2040
240 20910
244 2311
298 21036
307 20681
328 20700
331 2745
404 20703
414 2909
415 21066
421 2308
455 20964
456 20965
472 2955
498 21128
501 2273
539 20574
597 2678
599 2832
622 2930
651 3105
657 2606
666 21086
677 20772
691 2917
732 3084
862 3373
913 20870
953 20900
954 2884
1047 21373
1232 3142
1237 3438
1247 21637
1255 3865
1262 3452
1317 3509
1318 3597
1335 21426
1351 21702
1352 21982
1355 3557
1363 3555
1378 4190
1385 21366
1408 3763
1413 3306
1468 4412
1472 4065
1508 3836
1517 3529
1523 21826
1528 3914
1566 3757
1596 4292
1626 4415
1632 4502
1647 4932
1693 3863
1695 3303
1707 4140
1727 22200
1730 4562
1771 21930
1825 4676
1884 4827
1889 3478
1895 4047
1905 4828
1906 3591
1915 4112
1948 21764
1950 3555
1979 3708
1989 4172
2001 3597
2018 4191
2019 4192
2020 21894
2035 5067
2043 22157
2160 4345
2161 4346
2197 4390
2238 5552
2262 5208
2276 5036
2289 4781
2439 22117
2464 5702
2467 4810
2469 5506
2562 5555
2585 5586
2594 5710
2651 22612
2674 5789
2796 6058
2798 5778
2803 5810
2832 22559
2836 5111
2863 22732
2956 5866
3018 5963
3055 22651
3058 6324
3065 5991
3103 6211
3110 6085
3113 22708
3117 22778
3151 9048
3211 6369
3227 6082
3236 6464
3237 6463
3245 6098
3287 6149
3288 6456
3306 6236
3309 6477
3315 6311
3340 5863
3369 6252
3372 6291
3420 5979
3462 6618
3469 22971
3548 22755
3612 6954
3619 6298
3625 6439
3626 6440
3635 23252
3636 23253
3695 6356
3709 6532
3750 6632
3765 23122
3827 23192
3843 7156
3844 7208
3848 7171
3849 7172
3896 6808
3910 6822
3923 6836
3938 6854
3943 23210
3965 7333
3996 6917
4023 6926
4042 23191
4051 6970
4092 6508
4103 7207
4115 7031
4121 5698
4133 7047
4134 7048
4169 7064
4178 23370
4182 23378
4216 23090
4303 7284
4343 23514
4371 7871
4452 7959
4474 7555
4518 7654
4549 7667
4565 8069
4566 8070
4586 23416
4595 7718
4607 23675
4635 23698
4665 8945
4705 7277
4797 23940
4843 8324
4876 7435
4905 7461
4906 7462
4924 7346
4957 8084
5036 8499
5048 8521
5049 8522
5097 23914
5102 23533
5106 8194
5107 8195
5133 8598
5404 24307
5409 8937
5484 8212
5610 9139
5616 8703
5707 8272
5752 8873
5772 24359
5778 8636
5829 9328
5851 8959
5852 9046
5858 8470
5884 9091
5904 8410
5905 8411
5924 9129
5974 9186
5975 9187
5986 9589
6036 9155
6054 9183
6166 9741
6241 9502
6275 9429
6280 9429
6362 9608
6390 9661
6398 9660
6441 9732
6448 24783
6455 9648
6482 9754
6483 9755
6503 9212
6521 10373
6532 9721
6549 9307
6552 10421
6553 10422
6565 9946
6584 10450
6585 9325
6586 9326
6591 9788
6592 9789
6622 9462
6645 9851
6670 9377
6672 9928
6673 9929
6675 25144
6680 9412
6695 24675
6723 24905
6724 24906
6750 10012
6786 9497
6809 9500
6836 10082
6848 10056
6859 9254
6860 24772
6873 9551
6893 25249
6907 10211
6908 10212
6913 10135
7015 10300
7016 10301
7108 10371
7204 10507
7240 10203
7266 25451
7267 25452
7274 11008
7279 10578
7294 10480
7315 10616
7320 10924
7342 24816
7344 10861
7377 10061
7384 11068
7450 10746
7490 10792
7531 10821
7533 10198
7553 25401
7580 10107
7581 11017
7588 10391
7612 10831
7613 10973
7663 10353
7739 25525
7785 11192
7831 10994
7879 11230
7880 11231
7981 11115
8113 10861
8210 24658
8224 11944
8228 10788
8232 11512
8238 9321
8240 11986
8241 11987
8293 25667
8294 25668
8404 12128
8452 12188
8498 12039
8576 12265
8596 12283
8745 12026
8746 12027
8747 12028
8782 12018
8783 12019
8927 12207
8954 12820
9121 11289
9129 11307
9167 26171
9196 25875
9307 12510
9327 11912
9406 12434
9408 12947
9409 12948
9432 12647
9652 13189
9687 11869
9713 12465
9731 12315
9738 12484
9741 13348
9791 12410
9792 12365
9838 13410
9856 13078
9866 12414
9927 12474
9929 12682
9937 12365
9980 12480
9989 12414
10031 12698
10064 12749
10065 12750
10100 12772
10116 13440
10124 13289
10162 13628
10241 12937
10342 13757
10350 13466
10356 13090
10398 13497
10430 13158
10520 13140
10566 13192
10587 13241
10589 12328
10590 12329
10646 13194
10669 13294
10752 13806
10835 13916
10879 13755
10903 13493
10919 13555
10948 13335
10950 26986
10997 14082
11080 14164
11128 13842
11222 26962
11296 14315
11297 13740
11341 13688
11353 14217
11421 14436
11422 13872
11487 13944
11553 14541
11566 14534
11595 14652
11603 14589
11604 14590
11649 14551
11710 14070
11753 14071
11812 14275
11829 27364
11830 27363
11858 14899
12086 15090
12099 14714
12102 14552
12103 14553
12126 14636
12259 15184
12310 15274
12317 15246
12366 15258
12406 15280
12407 15281
12605 15499
12613 15458
12642 15543
12652 15516
12708 15187
12783 23680
12794 15674
12829 22469
12838 15336
12847 15179
12848 15417
12931 15751
12985 15317
13021 15978
13078 15963
13088 15701
13118 15588
13128 15945
13129 15946
13146 16085
13319 15698
13470 16411
13603 15981
13613 15950
13796 14619
13810 16576
13811 16577
13916 16666
13917 16667
13918 16633
13931 16686
14007 16746
14057 16342
14058 16343
14062 16644
14080 16803
14120 16845
14219 17051
14262 16941
14272 17095
14358 16754
14391 17115
14420 16774
14478 17619
14487 17209
14561 17555
14593 17316
14594 17317
14761 17668
14796 29221
14845 17585
14874 17490
14933 17637
14960 17934
14980 17490
15082 17386
15085 18041
15115 17630
15177 17484
15397 18076
15398 18077
15491 17862
15509 18400
15524 17890
15532 17891
15535 18384
15536 18385
15547 18401
15578 17924
15580 18422
15581 18423
15598 18450
15599 18451
15619 18455
15630 18237
15639 17981
15641 17890
15646 17977
15658 18455
15679 18559
15680 18537
15682 18015
15747 18476
16113 18033
16289 18834
16301 18805
16351 18812
16492 19126
16494 19073
16495 19074
16546 18429
16583 18458
16602 17965
16662 19001
17048 18486
17275 22784
17401 4726
18356 15390
19374 1943
19380 31211
19390 2288
19391 2289
19400 20412
19419 20785
19422 1805
19428 20764
19437 20858
19447 20672
19462 30925
19486 20642
19503 20726
19544 31260
19551 20715
19570 20966
19580 20756
19581 20757
19608 31266
19612 20897
19619 20630
19640 20621
19684 20648
19721 20939
19728 20883
19767 21284
19771 21217
19772 21218
19834 21202
19897 20890
19910 21089
19940 21214
19948 31542
19966 21575
19999 3303
20055 21253
20056 31625
20060 21257
20061 21692
20067 31496
20068 31497
20073 21276
20083 3468
20093 21294
20094 21295
20104 21300
20105 21301
20122 21439
20132 21702
20196 21583
20213 31929
20222 31628
20228 21459
20229 21460
20255 21780
20256 21501
20268 21559
20286 21806
20303 32008
20319 31990
20320 31991
20374 21598
20407 31643
20485 21863
20486 4490
20506 21717
20507 21718
20522 32109
20531 32121
20580 22268
20597 32306
20598 22003
20625 22074
20628 5308
20630 32224
20640 22236
20668 22112
20692 32385
20704 5351
20705 5352
20708 22413
20710 32285
20755 22388
20782 32340
20797 5804
20867 32165
20877 22347
20878 22519
20883 32525
20884 22185
20894 22539
20914 22252
20917 22657
20927 6564
20936 22603
20980 22694
21008 22622
21009 22623
21011 22633
21042 6335
21055 22671
21089 32738
21092 32695
21107 41923
21134 22783
21137 22967
21149 32794
21150 32795
21162 23075
21171 32697
21177 23097
21178 6656
21182 32708
21191 22906
21192 22907
21201 32547
21268 22871
21269 22872
21276 23179
21297 32651
21298 22771
21342 32787
21345 32820
21346 32681
21406 23048
21425 23348
21426 32729
21432 23131
21440 22720
21498 23190
21522 7012
21523 6703
21551 23257
21552 23258
21583 23550
21587 23287
21595 23527
21604 32968
21606 23574
21616 33141
21635 33165
21640 7649
21664 23365
21665 23366
21684 23512
21736 23743
21751 23579
21760 23413
21764 23501
21766 23418
21773 23583
21774 23584
21784 23623
21792 33213
21804 23278
21830 23661
21846 23853
21867 32984
21871 33254
21890 23323
21940 33426
21952 7752
21953 23985
22003 23716
22042 24198
22045 24198
22230 8842
22231 23905
22343 23980
22404 33412
22471 24515
22507 33684
22508 33471
22514 24166
22545 24364
22547 24431
22558 24217
22579 24470
22670 24563
22673 8835
22675 24628
22698 33823
22711 24553
22712 24554
22744 24856
22745 24857
22761 33683
22790 24677
22798 24414
22801 24681
22835 24662
22865 24779
22876 24739
22877 24488
22884 24469
22939 25050
22944 24805
22953 24832
22989 24865
22997 24839
23029 24617
23063 9470
23158 24800
23167 9645
23270 10759
23274 25103
23290 25407
23335 25227
23336 25228
23344 34290
23351 10980
23356 25503
23401 25319
23406 10586
23460 11305
23482 25327
23485 25365
23540 25679
23557 25416
23607 25766
23639 25254
23663 10651
23668 34197
23685 25840
23688 25542
23707 25231
23792 25265
23803 25261
23834 34863
23843 25682
23889 25154
23942 25790
23968 25798
23984 25419
23992 25869
24071 25936
24073 25937
24092 26093
24105 26163
24106 26164
24129 25529
24146 26010
24149 11165
24153 26016
24171 25589
24226 26154
24232 26064
24239 26085
24261 34565
24270 11999
24300 25662
24301 26148
24334 26172
24390 26187
24419 12331
24421 12333
24449 25795
24478 35230
24525 26521
24626 35118
24633 26220
24634 26230
24672 26211
24691 26684
24692 12700
24710 26190
24723 26719
24730 26760
24733 26522
24778 26311
24786 13254
24796 12328
24798 12329
24821 26372
24839 13029
24845 26665
24846 26666
24856 26294
24875 12569
24908 26452
24939 12666
24958 12447
24961 26419
24970 26729
24971 26376
24995 12579
25000 13234
25025 35598
25034 26796
25036 26505
25047 12822
25056 26200
25065 26536
25069 26518
25078 26756
25121 26587
25132 13231
25145 26673
25158 26794
25246 35593
25248 13059
25272 26708
25273 26709
25300 13065
25320 13115
25326 13255
25327 13256
25329 13307
25338 13171
25343 26723
25399 13369
25404 27301
25405 13811
25409 26749
25421 27088
25422 26851
25427 26942
25450 13335
25476 14039
25494 26851
25539 13458
25547 27377
25548 27378
25555 13482
25556 26965
25654 27325
25655 27326
25705 14184
25730 27391
25731 27142
25733 27041
25734 27042
25754 14413
25758 27415
25759 27416
25794 14473
25800 27456
25812 27467
25822 27512
25824 27514
25855 14560
25893 27229
25928 27286
25929 27287
25939 27256
25943 27646
25951 13458
25952 14080
25954 27604
25960 14039
25978 27448
25990 27796
25992 14139
26005 14096
26037 14840
26056 27300
26065 27876
26075 14860
26088 14257
26101 27432
26112 14914
26117 14975
26140 15003
26144 27464
26177 14536
26186 27612
26190 15309
26209 27567
26222 27541
26256 27879
26294 28088
26299 14750
26328 15493
26331 14657
26332 28086
26343 27947
26391 27670
26399 14814
26400 14815
26403 27969
26459 15240
26461 28082
26491 28110
26497 27824
26512 28126
26528 27776
26542 28156
26550 27976
26557 15745
26558 15570
26559 27884
26567 28182
26589 15620
26614 15619
26622 28210
26645 15689
26683 27995
26699 28266
26707 28280
26725 15324
26739 15828
26743 15868
26763 15604
26764 28137
26776 15866
26785 28342
26789 16149
26823 28373
26827 28202
26843 28260
26846 28128
26853 28122
26857 28188
26878 15780
26889 28272
26915 28461
26936 28527
26957 16441
26959 28603
27026 16483
27037 16379
27108 28707
27155 16068
27170 28703
27173 28674
27174 16594
27175 16593
27186 16507
27232 16374
27264 28781
27284 16664
27299 16306
27339 28832
27416 28879
27427 16450
27438 28638
27447 28745
27504 29025
27534 28714
27584 28777
27598 16757
27599 16758
27600 17273
27759 16885
27779 17232
27847 29206
27874 17610
27913 29022
27920 17694
27954 17866
28027 29348
28061 29550
28062 29551
28074 29271
28075 29472
28088 29169
28143 17074
28170 29408
28213 29609
28240 29404
28266 29439
28273 29450
28276 29451
28320 29660
28329 17925
28335 29509
28336 29510
28340 29511
28361 29498
28363 29686
28429 29584
28452 18797
28467 29627
28488 29628
28507 18670
28570 18578
28631 29792
28684 29886
28707 29524
28708 29525
28739 29542
28797 29910
28826 29923
28856 29899
28857 29900
28860 18988
28869 19068
28881 29975
28894 18959
28896 18345
28910 30045
28915 19149
28939 29924
28945 19102
28959 19076
28963 30051
29018 29804
29059 29999
29088 37924
29110 19110
29134 30063
29263 18572
30427 30928
30430 31033
30433 38676
30444 31118
30448 30908
30456 38591
30460 38715
30468 31045
30474 38802
30505 30947
30511 20908
30512 20909
30513 38799
30537 31152
30542 31039
30560 31001
30561 38776
30562 31055
30565 38838
30574 31212
30575 31213
30589 31228
30591 31094
30594 38811
30611 38864
30612 38865
30622 31233
30623 31210
30624 38930
30632 38940
30663 38757
30670 38954
30695 31314
30702 31322
30718 38970
30724 31419
30728 31477
30740 31612
30742 38925
30753 31620
30757 38983
30758 38984
30760 31283
30763 38914
30785 31405
30790 20912
30803 38941
30854 31312
30875 31530
30876 31531
30950 31822
30951 31823
30963 39199
30964 39200
31011 31602
31041 39269
31076 31699
31084 31709
31117 31970
31131 31964
31132 31965
31140 31754
31158 31783
31161 31993
31167 31999
31170 31812
31181 31830
31184 39449
31185 39450
31187 39494
31188 31824
31196 31820
31217 31547
31241 39526
31242 32275
31245 39310
31263 31772
31275 31959
31292 39347
31327 39464
31354 32241
31366 32207
31408 32271
31444 32295
31455 31962
31475 32308
31476 32342
31477 32322
31531 32401
31532 32402
31537 32112
31540 32093
31549 32159
31568 32524
31577 32438
31590 39644
31623 32175
31649 32192
31688 32537
31730 32645
31732 39801
31738 32751
31751 32586
31763 32767
31766 32663
31791 32684
31793 32797
31801 32528
31827 32704
31854 39724
31875 32914
31883 39731
31930 39854
31959 32994
31968 33058
31982 33053
31983 32651
32004 33079
32015 32894
32026 40057
32037 32746
32070 32939
32097 33046
32107 39990
32141 33061
32143 33025
32148 32802
32149 33042
32155 39891
32173 33275
32220 33353
32236 40221
32240 33222
32247 33219
32307 33034
32317 33435
32329 33272
32331 39989
32336 33054
32337 33055
32343 33437
32366 33197
32372 33262
32388 40030
32395 33384
32415 33389
32496 33319
32504 33468
32605 33474
32640 33763
32652 33624
32658 40438
32768 33926
32830 33777
32855 33818
32901 33880
32922 33908
32951 33766
32977 34131
33000 33957
33024 34016
33041 34042
33061 33856
33067 33912
33072 33963
33075 40673
33076 33906
33078 34083
33102 34110
33137 34141
33148 34226
33149 24780
33165 33847
33200 33989
33203 34256
33216 34194
33231 40806
33254 34436
33262 34279
33266 34339
33294 41037
33296 34160
33299 34502
33328 40834
33333 41059
33334 34112
33366 34378
33382 34397
33404 34624
33416 25425
33439 25121
33482 34654
33485 34488
33542 34629
33600 34876
33607 34689
33623 34679
33624 26051
33648 34623
33666 34718
33681 34942
33682 34943
33690 26082
33716 34965
33744 34782
33784 34787
33788 34811
33798 34485
33824 34855
33827 34857
33842 34854
33849 34674
33874 35070
33896 34947
33902 34946
33912 26352
33913 26353
33916 41341
33938 34933
33962 35005
34047 35242
34050 35119
34078 35315
34101 41452
34136 34888
34188 41313
34204 35069
34212 35200
34213 35268
34231 26534
34260 26217
34263 35036
34268 35097
34269 35098
34271 35331
34293 35136
34303 35347
34304 35348
34327 34918
34363 35207
34369 26351
34383 35171
34393 35243
34397 26335
34402 35216
34419 26447
34423 26764
34430 26495
34436 35191
34489 35514
34492 26754
34493 26869
34503 35352
34504 35353
34513 35546
34515 35364
34601 35449
34616 35659
34631 35459
34675 35579
34698 35710
34709 35536
34715 15680
34731 35528
34758 35559
34772 35633
34787 26983
34789 41720
34794 35574
34796 35853
34858 35913
34870 35925
34891 41750
34911 27098
34914 35953
34919 27397
34920 27398
34928 27599
34932 27171
34941 27452
34946 35775
34950 35988
34962 35764
34963 35765
34987 27540
34999 35815
35005 35948
35020 36063
35021 35934
35031 35828
35032 35829
35047 27598
35052 36079
35066 35967
35096 27473
35097 27697
35117 36143
35119 35949
35138 36307
35139 35982
35163 27777
35181 27551
35186 36298
35206 36245
35207 36246
35212 28052
35218 36025
35222 27571
35235 36184
35236 36185
35252 36448
35273 14750
35284 27921
35292 36309
35301 36306
35309 36481
35329 36338
35341 36129
35370 36373
35373 28223
35380 36157
35384 36163
35385 36164
35392 36411
35421 36409
35429 36339
35432 27726
35453 36196
35454 27776
35463 27866
35484 36220
35489 36488
35500 36249
35512 28201
35526 28021
35550 27986
35555 28225
35556 28226
35562 28259
35563 36413
35564 36415
35569 28245
35580 36588
35581 36589
35610 28162
35611 28163
35616 36672
35649 28016
35661 36734
35663 36510
35668 28366
35675 36472
35686 36439
35687 36440
35691 36443
35695 36444
35709 36530
35710 28392
35801 36777
35811 36603
35849 36718
35856 28565
35920 28390
35921 36886
35935 36692
35965 36703
35998 28462
36009 36922
36017 28483
36021 36565
36054 28789
36090 28989
36092 28844
36101 37006
36117 37012
36126 36959
36127 36960
36147 37039
36213 37108
36219 37216
36254 29087
36261 29043
36282 37182
36296 29156
36310 37201
36323 37212
36326 29150
36368 42906
36404 37295
36419 37190
36432 37195
36435 29285
36444 37340
36473 37304
36474 37033
36551 37448
36562 29252
36592 29474
36593 29552
36596 37489
36600 37603
36612 37566
36615 29292
36616 37655
36656 37433
36678 37592
36682 37472
36685 29059
36686 29484
36691 29596
36692 29496
36732 37230
36739 37683
36757 37670
36759 29539
36766 37515
36797 29757
36798 29758
36812 29793
36830 29625
36848 29807
36955 37739
37008 29618
37026 37636
37033 29918
37047 37908
37048 37909
37071 37935
37080 37902
37093 37937
37107 37806
37113 37724
37114 37725
37129 37880
37178 37854
37180 37899
37183 37780
37276 29974
37297 37895
37298 37896
37309 37865
37382 37787
38151 38722
38192 43656
38201 38821
38204 43623
38207 20909
38229 38733
38240 38904
38261 43683
38270 43661
38271 43662
38275 38774
38280 38899
38294 43716
38312 38843
38367 43762
38373 43916
38374 43917
38388 43928
38449 38963
38482 38990
38488 43862
38519 39027
38529 39182
38537 43909
38546 38961
38560 39103
38562 39070
38564 39099
38586 39092
38603 39152
38611 39109
38613 39169
38624 44150
38644 39380
38665 43988
38666 43989
38667 39245
38670 43965
38681 39365
38692 44141
38702 44017
38715 39206
38732 39263
38733 39310
38735 39414
38741 39266
38750 44191
38762 39259
38764 39299
38791 39548
38792 39549
38816 39512
38817 39492
38820 39341
38831 39620
38839 39530
38870 44264
38872 44300
38885 39589
38899 44303
38900 44330
38905 44204
38910 39415
38929 44142
38937 39671
38953 39629
38968 44382
39047 44458
39059 39682
39075 39767
39094 39611
39101 39799
39111 39843
39130 39925
39169 40056
39197 39918
39205 39742
39227 40044
39228 40070
39230 39758
39269 39952
39296 39973
39300 40039
39343 40106
39345 40080
39351 40115
39364 44697
39372 44685
39383 40242
39388 40169
39425 40006
39449 40131
39499 40276
39551 40294
39638 40347
39641 40348
39660 40357
39661 40353
39662 40438
39667 33732
39686 40230
39703 40502
39714 44840
39749 40665
39767 40677
39790 33488
39799 40579
39804 45076
39816 40729
39820 40744
39926 33991
39931 40616
39943 34016
39947 40641
39950 40865
39964 33718
39975 40765
40026 40819
40028 40930
40048 34162
40069 45083
40071 40751
40086 40876
40087 40877
40096 40747
40097 40748
40122 41053
40154 45204
40170 40963
40172 45228
40181 40762
40186 40987
40219 41120
40220 40961
40240 41070
40245 41071
40257 41195
40258 40999
40265 41081
40266 41082
40268 41085
40295 41064
40313 41230
40318 41001
40370 45393
40381 40996
40384 45288
40385 40998
40389 41207
40391 41336
40467 41290
40474 41298
40475 35064
40502 41383
40505 41341
40514 41345
40527 45595
40541 41475
40546 41443
40563 41205
40571 41210
40588 34709
40591 35196
40624 41534
40638 41452
40667 41343
40668 34913
40671 41457
40695 45474
40701 41358
40706 35209
40707 41607
40743 35080
40765 41438
40766 41439
40771 41575
40789 41466
40790 41467
40802 41667
40803 41668
40813 41428
40818 41469
40821 41517
40827 35446
40841 35462
40842 35463
40846 41663
40852 41488
40872 41649
40915 41598
40918 35603
40931 41755
40932 41752
40940 41580
40954 41774
40974 41672
40975 41673
40998 41768
41010 35482
41027 41718
41035 41809
41054 35592
41061 41720
41089 41901
41099 35836
41110 41920
41111 45923
41125 41872
41126 41873
41127 41813
41130 41925
41149 42035
41154 41950
41169 42045
41170 41965
41174 35756
41177 41833
41182 41824
41183 42031
41196 42061
41224 42079
41228 41891
41229 41892
41280 42074
41303 36341
41306 36357
41307 36016
41309 42199
41311 42095
41315 42209
41318 42005
41339 42228
41363 42167
41364 42168
41365 42169
41401 42118
41425 42230
41428 36409
41439 36326
41448 42254
41469 36562
41478 36508
41479 36509
41488 42365
41489 42366
41492 42299
41504 36533
41510 42313
41524 42143
41530 36413
41531 36415
41542 42323
41547 42218
41548 42338
41557 36578
41568 42348
41572 36609
41597 36472
41599 36680
41602 42286
41603 42287
41606 36423
41607 36424
41614 42381
41615 42382
41629 42396
41630 42397
41635 36763
41637 42429
41638 42430
41663 36798
41664 36752
41668 42458
41670 42362
41707 42488
41735 42496
41765 36659
41784 36886
41786 42388
41794 42435
41796 42533
41807 42403
41835 36729
41844 36800
41850 36712
41853 42595
41865 42596
41910 42642
41911 46416
41922 37007
41923 37008
41945 42606
41946 42548
41948 37030
41961 37165
41981 37065
42007 37054
42045 42682
42062 42879
42097 42906
42099 42782
42100 42783
42107 37270
42219 42894
42223 37459
42244 37566
42284 37432
42285 37433
42312 42957
42313 42974
42316 42754
42335 37498
42354 46632
42455 43033
42468 43045
42476 46635
42492 27143
42566 43062
42584 43069
42720 37865
43301 43707
43312 24046
43314 47265
43321 43671
43323 43576
43344 31262
43357 43594
43370 22307
43376 43606
43384 47271
43386 43663
43393 43778
43394 38744
43398 47297
43404 43667
43406 47306
43415 47267
43421 43750
43424 43788
43431 43798
43435 47339
43440 47287
43446 47321
43452 43861
43456 43834
43468 43918
43493 43846
43500 47408
43506 43746
43507 43843
43517 47391
43532 43847
43580 47372
43585 47473
43609 43923
43612 43852
43617 44079
43619 47495
43625 44076
43628 43934
43629 43962
43631 43932
43633 44168
43641 43951
43647 43948
43652 44014
43658 43884
43672 44094
43681 43994
43683 47570
43688 44068
43694 43939
43696 44064
43697 47539
43699 44024
43707 44024
43716 44157
43720 44021
43732 44106
43741 44034
43742 44035
43754 44170
43766 47621
43772 44211
43775 44054
43779 44128
43780 47601
43794 44027
43812 44247
43813 44248
43819 44305
43828 44114
43829 44282
43857 44293
43865 47701
43868 44356
43869 44337
43870 44138
43873 44333
43897 44312
43906 44395
43915 44409
43916 44401
43943 44405
43956 47762
43969 39766
43976 44355
43978 47661
43998 47700
44005 44451
44010 47789
44017 47760
44018 44436
44019 44437
44025 44530
44033 47735
44034 44486
44035 44477
44036 44468
44052 47840
44055 47950
44060 44389
44092 44448
44093 44427
44109 39942
44113 47882
44136 44576
44138 44574
44142 47892
44152 44595
44167 44471
44173 47913
44174 47914
44177 44608
44182 47900
44209 44668
44211 44654
44223 44671
44253 44774
44263 44789
44271 44596
44280 44689
44283 47899
44295 40055
44299 44665
44327 44633
44370 44670
44379 44919
44380 44682
44383 44838
44393 44802
44429 44967
44434 44973
44453 48192
44457 40447
44460 44805
44503 44790
44515 40529
44525 44933
44529 44990
44532 44987
44537 45007
44545 45068
44550 45023
44552 45008
44559 45032
44586 44975
44593 45013
44594 48213
44599 40595
44609 40607
44615 45154
44622 45162
44624 48326
44625 48256
44626 45115
44627 18908
44632 45119
44638 45058
44642 45120
44649 45192
44654 45065
44658 45061
44678 45142
44681 45174
44693 45033
44724 45134
44727 45171
44729 45200
44734 45203
44742 45231
44745 45163
44749 45220
44769 45316
44770 40908
44772 45247
44781 45181
44783 48475
44788 45257
44789 45258
44790 45267
44793 45350
44805 45380
44817 45391
44885 45382
44887 45425
44892 45367
44894 45455
44906 45185
44909 45457
44913 41145
44923 45481
44952 41266
44968 45451
44976 45565
44987 45573
44993 45310
44994 45313
45016 45520
45057 41111
45066 45577
45067 45578
45088 45441
45104 41458
45116 45494
45117 45662
45123 41296
45136 48602
45140 45512
45143 45657
45148 45571
45159 45575
45160 45576
45161 45660
45175 41551
45192 45695
45206 48756
45207 41427
45209 45643
45214 45605
45237 41537
45243 45653
45246 45625
45251 45738
45291 45782
45300 41742
45301 41743
45317 41613
45323 45826
45333 45722
45338 45733
45345 45730
45350 45793
45379 45792
45396 45788
45403 45900
45415 45915
45416 45916
45417 41908
45421 45910
45433 45929
45449 45927
45450 41885
45451 41886
45453 45935
45471 45924
45504 45973
45507 45897
45514 42024
45518 45949
45534 41910
45560 46026
45566 46121
45590 46140
45603 42114
45610 45982
45643 46132
45644 42101
45645 42102
45647 46123
45648 46029
45651 46127
45664 46151
45669 42208
45671 42097
45686 46087
45692 42112
45730 42284
45734 46229
45759 46178
45763 46145
45767 42333
45770 42222
45772 46190
45775 42217
45787 42237
45789 46259
45801 46166
45804 46274
45805 46193
45806 46270
45809 46213
45821 46286
45835 46299
45838 42329
45839 42312
45872 42499
45875 46252
45897 46277
45918 46281
45920 42447
45927 46278
45932 42616
45933 42421
45940 42555
45942 42426
45944 46308
45948 46393
45949 49146
45953 42466
45979 46412
45980 46402
45983 46414
45985 46413
45997 42487
45999 46422
46000 46420
46003 46324
46022 42604
46026 42617
46048 42780
46049 46518
46051 42717
46062 42609
46067 42786
46075 46504
46082 42810
46103 46464
46117 46491
46131 46549
46133 46548
46153 46524
46155 46465
46178 46558
46201 42907
46204 46591
46215 46625
46220 49426
46226 42921
46229 46603
46243 46618
46249 46667
46254 42932
46287 43005
46293 46643
46331 42990
46342 46753
46380 46790
46387 46716
46388 46724
46392 46743
46455 46707
46477 46793
46926 47209
46941 49879
46963 47194
46965 47274
46966 47173
46980 47175
46983 47288
46985 47319
47001 49905
47004 47212
47005 47213
47006 49878
47014 47326
47021 47431
47027 47225
47037 49876
47045 47366
47046 47367
47049 47362
47069 47420
47077 49931
47088 47433
47092 47384
47112 47484
47117 47372
47122 49892
47125 47477
47138 43910
47142 50001
47164 47533
47167 47520
47171 47493
47172 49973
47178 47570
47183 47559
47188 47505
47191 50034
47194 50015
47197 47554
47201 47592
47205 47541
47210 47587
47227 47641
47228 47642
47233 47551
47243 47628
47249 50092
47276 50154
47278 50061
47289 47706
47298 47711
47302 47738
47309 47736
47315 44400
47316 50178
47329 47758
47334 47784
47338 47768
47388 47834
47410 47827
47417 47795
47418 47796
47434 47761
47436 47852
47451 47880
47475 47799
47477 47929
47487 47940
47492 47997
47499 47823
47520 47968
47542 47993
47553 48045
47554 47875
47560 50271
47566 47893
47567 44582
47568 47989
47584 48012
47591 47934
47627 47944
47640 48123
47643 44788
47658 48049
47665 48140
47668 48162
47695 48205
47700 50489
47706 50492
47708 48192
47730 48228
47735 48167
47754 44920
47758 48234
47787 50495
47797 48283
47801 48216
47810 45108
47812 48244
47814 45026
47825 48327
47833 48378
47839 48302
47850 48296
47860 48321
47861 48308
47865 48298
47867 48408
47880 50584
47885 48388
47891 48433
47893 45299
47895 48400
47899 50608
47900 48459
47901 48460
47915 48385
47961 48473
47963 48474
47971 48521
47972 48522
47973 48523
47976 48545
47982 48484
47985 48547
47986 45254
48021 48578
48023 48570
48024 48510
48036 48592
48040 48540
48041 48544
48067 45562
48086 48583
48088 45503
48098 48585
48104 48591
48108 48647
48134 48626
48156 48700
48167 45487
48180 45615
48183 48673
48184 48674
48197 48573
48202 48607
48205 48698
48221 48774
48239 48735
48244 48641
48246 48717
48251 45574
48254 48654
48263 48649
48267 48664
48274 48765
48293 45650
48296 45640
48297 45641
48324 48819
48326 48803
48359 48861
48363 48862
48365 48794
48366 48795
48387 45960
48388 45904
48395 48870
48400 48891
48403 48935
48420 45952
48430 48913
48432 48918
48435 48846
48439 45856
48443 48925
48444 48919
48449 48873
48459 48867
48473 48945
48479 48952
48484 48961
48496 46035
48498 45933
48517 46133
48519 46049
48535 46153
48543 46168
48546 48992
48555 46182
48560 48997
48561 48950
48563 48956
48564 49077
48568 46029
48580 49087
48581 49030
48592 46094
48600 46183
48610 49080
48611 49079
48613 49034
48618 49062
48621 49103
48630 49064
48633 49075
48640 46240
48644 49105
48655 46296
48660 49070
48661 49071
48666 49151
48706 49189
48712 46338
48722 49109
48730 46397
48731 49188
48732 49192
48733 49193
48734 46394
48735 49204
48750 49149
48751 49213
48762 49266
48771 46310
48775 46398
48776 46399
48798 51235
48803 49304
48811 49286
48817 49225
48819 49327
48853 46512
48858 46430
48861 46443
48865 49324
48867 49313
48868 49257
48873 49342
48884 46541
48900 49331
48908 46550
48946 49397
48948 49425
48949 46563
48958 49353
48962 46576
48978 49431
48990 46613
48995 46658
49034 46704
49081 49497
49088 49505
49113 49455
49539 49855
49547 49757
49552 51592
49554 47300
49560 49822
49561 51636
49568 49874
49579 49882
49589 49863
49596 49885
49599 49807
49602 49907
49606 49899
49607 49900
49608 49903
49612 51672
49623 49926
49631 49888
49641 49931
49650 47384
49664 49927
49668 49915
49669 49883
49681 49947
49683 51693
49687 49943
49689 49908
49690 49909
49717 49975
49723 50051
49725 51749
49729 50047
49731 51774
49748 50052
49759 51794
49760 51795
49761 51765
49764 51716
49765 51801
49778 50121
49780 47642
49783 50097
49784 50098
49802 50149
49807 51825
49808 51826
49810 50064
49811 50065
49815 50154
49816 50056
49817 50057
49825 50133
49841 50117
49849 51812
49866 50203
49867 50204
49869 51864
49871 51849
49872 51850
49880 50163
49881 47717
49885 50228
49904 50217
49905 50251
49907 50187
49912 51910
49918 50302
49919 50303
49945 50252
49950 51916
49951 51917
49959 47894
49963 50284
49972 50206
49977 50351
49984 51932
49992 50300
49993 50301
50010 50341
50013 50347
50015 50254
50023 50392
50031 50275
50054 50352
50062 50380
50063 50425
50065 50309
50068 50434
50078 50446
50079 50447
50087 50329
50098 50338
50106 52022
50119 50494
50125 50460
50147 50450
50153 50484
50171 50481
50172 50482
50186 48216
50195 50583
50203 50569
50212 50575
50242 50593
50243 50549
50246 50599
50250 50622
50258 50611
50259 50612
50266 50526
50274 50573
50284 50637
50290 50619
50295 52130
50300 50653
50301 50654
50306 50686
50307 50602
50322 50680
50337 50636
50343 50700
50345 50696
50390 50675
50406 50804
50407 50769
50408 50770
50409 50771
50416 50777
50424 50806
50446 50826
50452 50800
50466 50805
50475 48763
50487 50775
50493 50776
50498 48615
50545 50828
50549 50834
50563 50904
50571 50909
50572 52279
50576 50913
50584 50888
50591 50931
50594 50895
50595 50896
50596 50870
50597 50871
50598 50872
50599 50898
50606 50953
50615 48883
50619 50963
50628 50966
50632 50980
50635 48893
50643 50984
50647 50994
50654 51032
50663 50995
50664 50996
50669 50990
50677 50948
50684 50969
50686 48890
50690 50986
50691 50982
50711 49035
50715 49054
50723 48991
50737 51064
50741 51112
50743 49084
50744 51084
50745 49087
50763 51086
50777 51139
50790 51143
50791 51144
50792 49117
50795 51103
50796 51096
50797 52440
50799 51152
50800 51100
50803 51150
50812 51102
50839 49124
50841 49204
50846 51211
50856 49216
50862 51212
50866 49278
50867 49248
50870 51241
50871 49250
50872 49251
50879 51231
50880 51232
50882 51225
50894 51240
50900 51222
50901 51223
50916 51259
50919 49307
50922 51216
50924 49330
50926 51254
50939 49293
50943 51272
50950 49291
50963 51265
50970 51275
50971 49391
50982 51313
50983 51314
51016 51324
51018 51343
51035 49450
51054 49502
51060 52585
51366 51624
51367 49767
51378 52757
51387 51664
51393 51660
51395 51648
51414 52784
51425 52772
51432 51689
51446 52799
51453 51691
51460 52792
51468 52828
51472 51684
51478 52830
51482 52848
51484 51757
51485 51758
51487 51729
51489 52840
51492 52796
51493 51733
51508 52850
51509 51728
51513 51715
51517 50084
51523 51787
51525 52859
51528 51799
51538 51811
51539 52858
51550 51750
51563 52881
51573 51786
51584 51859
51585 51835
51592 52866
51603 51813
51605 51809
51606 52913
51610 51842
51620 51901
51624 51861
51635 51855
51648 51858
51667 51927
51683 51976
51693 51944
51730 51939
51739 52030
51744 52992
51767 52013
51775 52071
51776 52072
51779 52055
51798 52046
51800 50506
51801 50507
51816 52080
51818 52105
51827 52116
51828 52120
51852 52139
51857 50615
51867 52118
51902 52222
51918 52219
51925 52161
51936 52253
51944 52244
51966 52238
51967 52236
51970 52286
51976 52230
51978 50840
51982 52296
51986 50822
52004 52284
52014 50880
52020 52283
52033 52293
52034 52294
52036 52319
52044 52304
52059 50974
52068 52312
52081 52324
52082 50962
52086 52359
52097 52342
52098 52347
52099 51053
52119 51074
52120 51075
52129 52369
52133 52393
52138 52414
52140 52399
52148 52409
52151 52383
52154 52386
52164 51088
52168 52427
52169 52406
52172 53347
52192 52448
52204 51199
52214 52462
52215 52463
52218 52475
52224 51179
52229 52447
52230 51207
52233 52473
52234 51208
52236 53355
52237 51237
52276 51250
52285 52514
52349 52574
52378 52583
52397 52603
52621 53532
52630 52749
52633 52761
52636 53540
52653 52745
52677 52788
52680 52792
52682 52789
52694 52809
52698 52843
52702 53592
52706 52833
52708 52834
52713 53591
52732 52888
52733 52887
52742 52895
52747 52894
52754 53623
52755 53624
52762 52865
52817 51941
52819 53645
52823 52943
52829 52980
52835 52976
52847 52958
52854 52975
52878 53021
52882 53012
52889 53727
52893 52013
52920 53079
52928 53056
52935 53089
52942 53127
52944 53107
52948 53115
52954 53082
52956 53096
52962 53130
52964 53129
52967 53144
52979 53140
52988 53149
53006 52228
53010 53178
53029 53187
53031 52259
53036 53173
53046 53181
53050 53230
53053 52281
53054 52282
53056 52249
53057 52250
53079 53246
53085 53243
53093 53253
53113 52335
53127 53301
53132 53277
53133 53278
53137 53269
53141 53294
53149 53298
53154 53302
53155 53305
53156 53318
53172 53307
53173 52423
53174 52421
53175 52408
53181 53332
53187 52435
53190 52419
53201 52455
53203 52457
53208 53358
53217 52485
53224 53363
53225 52479
53228 53371
53229 52492
53238 53368
53244 52503
53249 53394
53253 52487
53256 52502
53260 53395
53263 52538
53269 53410
53270 52549
53285 52547
53288 53421
53297 52574
53303 53430
53461 54000
53468 53553
53470 54010
53479 53569
53482 53562
53483 53544
53484 53557
53494 53575
53495 53582
53500 53594
53509 53598
53521 53608
53524 53606
53525 53622
53528 54056
53554 53610
53561 53626
53570 54062
53586 53684
53609 54110
53614 53726
53620 53734
53623 53731
53624 54133
53628 53736
53632 53743
53639 54150
53649 53756
53663 53767
53672 53787
53674 53775
53675 53776
53680 53794
53684 54188
53698 53184
53705 53793
53736 53827
53744 53828
53747 53254
53750 53842
53754 53840
53762 53864
53775 53284
53777 53318
53778 53869
53786 53871
53789 53866
53800 53881
53814 53361
53816 53362
53846 53921
53847 53922
53853 53914
53854 53915
53856 53924
53857 53925
53858 53396
53861 53917
53868 53387
53876 53409
53970 54302
53975 54003
53978 54006
53981 54309
53992 54313
54004 54043
54011 54338
54014 54035
54018 54047
54021 54049
54024 54059
54029 54067
54039 54063
54040 54090
54050 54101
54064 54077
54065 54078
54069 54109
54078 53681
54082 54120
54088 54124
54089 54125
54091 54129
54095 54379
54097 54389
54104 54387
54111 54156
54112 54170
54113 54162
54131 54187
54135 54180
54137 53801
54138 53802
54151 54411
54164 53824
54165 54205
54174 54209
54177 54226
54178 54220
54192 54243
54203 54253
54204 53909
54205 54248
54227 53938
54232 54268
54233 54269
54234 54267
54287 54310
54291 54308
54296 54519
54301 54325
54312 54336
54315 54526
54319 54347
54321 54340
54324 54341
54339 54556
54344 54376
54346 54367
54354 54378
54359 54397
54362 54402
54387 54420
54401 54430
54406 54433
54407 54434
54414 54441
54415 54439
54417 54218
54429 54452
54440 53907
54442 54458
54463 54479
54476 54486
54520 54514
54525 54668
54528 54671
54529 54672
54535 54523
54548 54535
54566 54561
54569 54697
54572 54573
54573 54574
54581 54583
54587 54588
54595 54595
54616 54621
54617 54622
54628 54473
54672 54757
54677 54669
54680 54673
54681 54674
54690 54689
54693 54699
54695 54769
54697 54700
54698 54569
54705 54704
54708 54703
54710 54710
54712 54591
54717 54714
54726 54616
54732 54631
54733 54632
54753 54833
54754 54834
54759 54763
54764 54765
54775 54774
54777 54850
54778 54780
54779 54781
54787 54797
54793 54727
54794 54806
54795 54807
54821 54878
54824 54848
54828 54846
54840 54858
54841 54863
54863 54875
54869 54883
54871 54882
54899 54909
54905 54913
54906 54896
54912 54930
54917 54931
