1265
538 18678
745 17851
913 17760
953 29364
1016 22791
1383 29270
1507 18073
1737 28901
1788 18084
1909 18604
2006 17844
2087 17580
2153 18827
2358 16380
2717 18595
3096 29708
3114 17584
3231 15492
3247 16693
3248 16692
3443 29426
3641 17388
3642 17387
3709 17538
3730 17653
3802 15387
3853 16817
3934 16739
4189 17152
4198 33191
4777 15758
4778 15757
4781 45863
4812 16358
4847 28401
5013 16524
5075 15618
5453 15075
5891 14927
5907 15547
6343 14627
6461 15170
6482 14450
6502 15156
6552 14392
6561 15068
6583 14369
6584 14368
6723 14258
6922 26167
6950 26465
7217 13681
7266 27077
7267 27076
7300 13611
7342 25805
7423 26020
7742 26445
7764 13097
7889 26768
7959 11283
8027 12628
8053 13665
8117 25682
8218 13541
8329 26364
8392 25687
8440 26435
8452 12509
8498 12049
8562 10858
8624 12520
8664 12469
8692 12472
8735 29456
8746 12387
9093 9951
9121 24550
9349 11966
9384 9941
9462 24900
9965 12230
10212 23866
10233 9903
10241 11994
10274 24545
10414 24388
10430 11868
10669 24248
10813 9368
10833 11596
10873 24206
11210 10458
11211 10457
11217 9764
11239 9756
11350 23956
11421 10260
11473 23710
11488 23715
11511 24045
11603 9858
11665 9768
11715 9182
12110 8729
12259 8825
12310 9082
12377 9382
12548 8346
12605 23969
12767 8984
12812 8932
12925 23006
12931 8855
13003 23835
13015 32595
13088 23259
13196 22278
13207 32287
13361 5328
13408 7654
13658 7439
13876 22527
13899 7261
13900 7260
13916 22951
13917 22952
13918 22785
13959 22922
13982 22977
14022 22999
14032 7321
14058 8799
14114 22887
14594 5862
15192 22013
15243 6545
15244 6544
15263 22297
15366 21516
15404 21952
15488 36783
15523 6110
15534 24054
15604 31353
15679 6890
15754 2672
15971 21471
16321 19855
16348 21356
16536 21448
16662 19925
16712 2581
16779 19736
16786 19552
16799 19544
16819 19724
17056 30598
17136 7096
17168 5834
17422 4377
17483 4766
17484 4765
17651 277
17772 1025
18318 19805
18525 4032
18942 20408
19151 19222
19551 30017
19769 18004
19897 29373
19940 37652
20163 29409
20442 41891
20586 28821
20597 18708
20606 18680
20638 29583
20721 29522
20805 29759
20836 28601
20856 29708
20877 29856
20912 29376
21008 17659
21051 29418
21120 28859
21121 28858
21134 29468
21135 29359
21177 29171
21178 17254
21191 17256
21197 28825
21201 36736
21237 28785
21238 28784
21276 29095
21277 29090
21278 29089
21348 29301
21374 17567
21379 28378
21406 17453
21425 16730
21447 16900
21456 28926
21476 28909
21494 17389
21502 17366
21551 29182
21583 28763
21586 17270
21587 17172
21605 28726
21664 16866
21665 16865
21760 15098
21774 15520
21872 15871
21873 15870
21934 27702
22017 16431
22050 15598
22072 16385
22113 28115
22230 28010
22322 16024
22323 26882
22375 14320
22382 6203
22471 28347
22514 27190
22577 27089
22579 14895
22596 15516
22670 14835
22716 35376
22735 14961
22761 15257
22779 15228
22853 14558
22951 14407
22969 27954
22989 14365
23011 27910
23094 27792
23101 14940
23138 14124
23167 27764
23191 26961
23264 35256
23290 27151
23634 26642
23684 35584
23835 35418
24071 12531
24072 12530
24074 35410
24146 12514
24153 26416
24239 12412
24242 26029
24253 13246
24272 26339
24390 26359
24400 34346
24401 34347
24402 34345
24430 12944
24899 24052
25036 34054
25056 33543
25103 25692
25113 24625
25114 24626
25204 11054
25272 33863
25323 11017
25326 33852
25329 25954
25347 10964
25348 10963
25383 10919
25557 25058
25623 33130
25661 33048
25812 9319
25813 9318
25848 25073
25869 24774
25876 23589
25896 34116
25943 24526
25994 36167
26025 24417
26074 10468
26117 24289
26122 33262
26168 33818
26170 25132
26220 32863
26256 33743
26304 24167
26316 9119
26371 24284
26376 23635
26451 33604
26467 33053
26508 24114
26589 33529
26739 23681
26776 8772
26822 39449
26845 39331
26857 32503
26972 23825
27016 23541
27017 23540
27040 23452
27267 24132
27308 21889
27326 23657
27468 23563
27728 22118
27738 6269
28240 7141
28355 7267
28356 7266
28418 7096
28467 20633
28570 32044
28881 20724
28957 30704
29058 20426
29133 38176
29134 30447
29304 30342
29357 31255
29468 21386
29614 19474
29628 30645
29642 31811
29762 30741
30174 30238
30201 50756
30560 37658
30566 37651
30567 42897
30717 37823
30732 37734
30790 37404
30992 37649
31035 37572
31039 42724
31177 37476
31264 37172
31275 37160
31313 37861
31334 30023
31411 29522
31434 37836
31435 37837
31516 37018
31518 37524
31582 36706
31605 29807
31688 17634
31694 37471
31763 37273
31766 29360
31793 37242
31796 42143
31903 29098
31906 29186
31978 17026
32070 29155
32139 29026
32171 36627
32220 36809
32232 36787
32240 28449
32254 28945
32293 36694
32317 28360
32327 28408
32336 36052
32337 36051
32343 36709
32372 28663
32394 36734
32461 28640
32658 36510
32670 28336
32682 36651
32693 28312
32696 28056
32710 35862
32775 15490
32787 27953
32830 36355
32888 27623
32895 28048
32944 27673
32950 36130
32951 27944
32984 27900
32985 36408
32986 36407
33023 27509
33026 36371
33027 36370
33039 27825
33059 36049
33063 36357
33075 41311
33081 36053
33123 35498
33139 35472
33239 35823
33305 14536
33367 41449
33380 35707
33441 35054
33496 40718
33554 35940
33556 35480
33627 35407
33638 40924
33663 35461
33671 35334
33681 35445
33696 27188
33701 34777
33705 40740
33722 35377
33729 34860
33730 34861
33744 26452
33818 26969
33819 41106
33824 35402
33827 35396
33834 35173
33848 40827
33849 40826
33873 34697
33893 34666
33906 35324
33916 35264
34092 26213
34247 34800
34293 26356
34363 26238
34364 26239
34393 26214
34397 40339
34426 40783
34430 34055
34492 34287
34515 35164
34627 26176
34694 25525
34698 34211
34709 33758
34786 34219
34808 39861
34860 34292
34941 25127
35011 34009
35115 34162
35138 34541
35160 25247
35163 33840
35176 34636
35185 25132
35197 40300
35205 39711
35206 40273
35207 40272
35231 27548
35233 32863
35253 34404
35292 33732
35305 39673
35324 32896
35370 40161
35431 44202
35440 33578
35452 44161
35453 44160
35489 33949
35500 39527
35539 24824
35544 39734
35555 8969
35568 24340
35570 39440
35645 39506
35696 35976
35703 33163
35710 33195
35718 39334
35790 32708
35796 39846
35797 39845
35808 33177
35824 33305
35856 33078
35869 34033
35879 39792
35893 45894
35921 39885
35976 39826
35977 39725
35992 39706
36026 44086
36054 32906
36058 39599
36090 33640
36111 32731
36122 39094
36140 39648
36188 39603
36209 31971
36213 32802
36261 39578
36298 32551
36315 32597
36323 39486
36326 32594
36404 39418
36423 39090
36432 39062
36444 32396
36526 979
36587 39017
36608 32427
36617 39722
36635 32415
36660 33161
36695 32286
36736 43543
36823 43522
36873 20518
36986 39014
37036 38316
37048 31723
37057 43238
37070 31718
37071 31707
37118 38814
37129 43419
37141 32433
37268 38838
37316 30478
37324 38696
37329 38660
37476 43031
37501 38682
37635 31081
38274 42875
38458 42512
38572 42724
38683 42663
38691 42484
38694 46403
38729 37860
38732 42453
38763 37725
38768 37931
38806 42385
38810 46192
38811 46191
38820 46299
38872 42574
38937 37559
38946 36114
38962 37532
38999 37620
39023 37552
39045 37582
39062 37464
39087 42555
39101 37431
39110 37361
39121 42291
39161 42497
39165 37259
39174 37336
39224 37136
39285 37190
39307 41944
39343 42155
39364 36750
39388 36728
39401 42340
39442 36684
39443 36685
39449 45795
39502 42043
39529 36886
39530 36885
39611 45685
39662 36510
39687 42087
39703 36353
39720 36613
39749 36306
39757 42024
39774 36617
39790 41231
39799 36356
39861 36271
39975 36048
40026 36185
40031 41795
40048 36168
40143 41194
40170 41728
40180 41479
40181 40969
40194 35725
40204 45418
40245 35642
40301 45423
40313 41283
40329 41322
40359 45348
40381 40723
40385 44970
40474 41181
40505 35264
40600 35559
40601 35560
40602 35557
40624 45136
40643 44814
40682 45084
40760 41230
40764 40836
40765 44827
40790 44805
40806 35110
40832 40783
40842 34885
40846 40957
40850 40942
40851 40943
40854 44535
40915 44671
40974 35073
41010 35029
41011 40242
41018 44617
41038 44722
41040 34619
41057 40990
41089 40511
41111 40653
41114 44326
41118 40271
41125 40337
41153 34380
41157 40489
41168 34727
41174 44406
41189 40640
41228 39998
41229 39997
41315 40667
41341 40617
41348 44212
41363 40230
41365 40215
41372 40452
41400 44451
41401 44450
41415 40162
41427 34019
41433 40543
41440 40566
41453 34275
41464 44513
41465 44188
41478 40097
41479 40096
41492 44525
41504 40077
41551 44262
41568 39987
41572 40084
41628 44413
41629 44400
41630 44399
41631 44194
41664 40108
41668 44423
41707 39950
41708 39949
41729 44428
41734 44337
41735 44328
41749 34114
41753 39825
41784 39885
41810 39807
41811 39806
41816 39898
41854 44249
41862 44086
41865 44223
41866 39627
41880 44027
41949 39594
41976 43892
42064 44068
42099 44053
42100 44052
42101 40011
42109 39405
42139 39411
42223 43950
42254 43766
42255 43765
42284 38962
42312 43959
42318 43925
42335 38916
42349 39560
42378 43860
42400 43686
42455 43476
42491 39009
42492 39008
42495 44044
42541 43359
42578 38932
42606 43737
42656 43360
42729 38696
42780 43507
42819 38077
42825 38192
43376 46622
43389 29379
43403 46710
43415 46701
43461 46653
43493 46631
43551 46659
43612 46336
43645 42918
43672 46569
43694 46269
43695 46750
43737 38347
43779 46690
43795 46707
43809 49063
43821 42892
43831 49030
43869 42543
43881 42604
43889 37707
43980 46279
44018 42566
44028 46436
44036 42573
44078 46166
44084 42414
44088 46154
44094 46144
44096 46137
44105 42505
44106 46301
44107 42472
44108 42471
44114 45834
44152 46079
44156 42104
44158 46350
44167 48857
44177 46068
44211 46021
44215 46327
44253 46131
44280 42324
44325 48725
44398 42166
44412 45550
44418 46112
44419 46113
44429 45888
44432 46118
44433 46119
44445 42101
44452 48620
44463 46065
44464 46064
44491 42051
44500 41842
44515 41894
44533 42004
44537 45840
44565 41968
44578 41807
44584 45520
44623 45708
44632 45850
44638 41818
44641 45841
44660 45824
44661 45823
44678 41759
44693 45188
44710 45595
44719 41561
44724 48512
44742 45470
44747 45451
44749 41648
44765 45582
44769 45516
44772 41507
44788 41490
44789 41489
44802 45490
44805 45507
44817 45488
44819 48597
44893 45427
44910 45411
44922 48484
44923 48483
44953 45243
44968 45365
44987 48464
44995 45489
45016 45275
45064 48149
45065 48148
45067 45221
45093 45277
45135 48131
45136 48132
45175 41049
45177 48331
45183 48099
45198 48031
45251 45105
45280 45258
45285 48044
45291 40901
45333 47954
45372 44983
45379 47932
45392 44698
45393 44697
45413 47806
45417 40739
45421 44828
45449 44926
45450 44713
45462 47987
45468 47928
45471 44644
45507 47824
45510 40869
45575 50224
45613 40709
45624 47634
45645 44471
45664 47912
45671 47718
45692 47709
45708 47691
45759 47741
45760 47740
45772 47717
45796 50039
45805 47623
45806 47778
45832 47511
45846 47479
45872 39940
45897 43963
45924 47557
45940 44354
45948 44260
45960 44295
45980 47605
45985 44225
45999 47641
46000 47637
46044 47351
46049 44523
46054 47337
46069 47529
46075 47554
46083 47558
46169 43815
46198 47357
46255 47281
46259 47291
46292 43511
46341 39801
46392 47345
46485 47012
46529 47228
46730 46908
46809 43494
46825 43667
46855 43650
46863 43053
46954 46622
46963 49409
47049 49451
47053 49400
47054 49399
47058 49397
47059 49396
47088 49429
47092 51260
47100 49436
47205 46716
47239 49054
47273 46656
47297 46605
47298 46604
47303 46234
47335 48991
47351 49138
47409 49083
47422 50999
47424 42551
47477 49012
47487 49001
47494 46357
47498 45758
47518 49183
47542 46110
47566 48767
47567 48757
47578 46072
47587 46265
47623 46220
47633 48697
47723 42107
47732 50782
47748 46012
47758 45812
47786 45946
47801 48929
47814 45877
47815 45911
47818 48466
47821 48730
47825 45729
47900 48663
47966 50767
47972 48548
47976 48575
48011 50524
48021 50728
48023 50717
48064 50690
48090 48078
48092 48493
48098 45311
48145 50648
48147 50459
48166 45278
48184 45247
48190 45237
48215 41239
48243 45345
48344 50460
48351 50345
48365 45158
48439 45090
48440 45089
48443 48181
48449 50272
48473 48133
48479 48125
48528 48062
48564 50480
48579 47918
48590 47875
48600 47865
48610 47890
48633 50188
48644 50230
48689 50205
48716 47563
48732 47692
48734 47981
48735 47812
48748 47685
48751 47686
48757 50133
48803 44581
48811 50102
48826 47862
48832 49969
48840 50111
48908 50038
48990 49874
48995 47431
49015 47263
49091 47500
49128 49798
49190 49841
49333 46806
49455 49530
49643 52662
49650 51260
49664 51245
49759 49408
49764 51096
49825 49377
49843 51224
49868 49311
49869 51140
49880 51087
49899 49280
49914 51047
49918 49204
49931 46316
49935 51160
49945 51085
49976 49185
49992 46295
50003 49048
50022 51060
50023 49034
50049 50886
50065 50862
50076 50843
50098 50827
50104 48917
50125 45957
50153 48898
50175 48909
50186 48929
50196 48796
50206 50904
50207 50786
50245 48856
50264 50734
50306 52284
50362 48686
50407 50720
50408 50719
50416 48473
50461 52218
50465 52060
50468 50662
50479 50656
50481 52047
50509 48402
50513 52019
50535 50609
50549 50392
50556 50381
50563 50578
50575 52011
50596 51940
50597 51941
50618 48362
50628 50525
50642 50520
50643 50452
50651 51963
50664 51996
50686 50252
50712 50496
50727 48201
50741 50474
50783 51931
50784 51930
50785 51922
50799 50262
50803 50240
50817 50205
50831 51870
50833 47563
50835 50220
50836 50219
50841 47812
50844 48006
50856 51871
50862 51866
50867 51857
50871 50122
50872 50123
50880 50145
50881 51839
50886 50318
50919 50092
50935 49899
50943 51645
51020 49964
51034 51562
51054 51681
51068 47690
51073 51499
51126 51584
51208 51472
51268 51434
51432 52664
51439 51305
51446 52650
51466 51337
51517 51327
51573 52463
51585 51249
51598 51263
51599 52589
51606 52603
51624 52474
51666 51161
51682 52477
51689 51059
51694 52505
51722 52445
51743 51070
51775 50944
51776 50943
51798 52410
51818 52336
51827 50866
51829 52306
51832 50850
51840 52296
51852 50815
51940 50687
51943 53112
51944 50681
51986 50698
52004 52092
52017 53088
52032 53062
52033 53081
52043 53074
52044 53073
52059 50497
52135 50475
52140 51976
52177 52028
52192 50244
52195 52926
52214 51884
52215 51869
52221 52942
52233 51861
52247 52988
52248 52923
52268 52981
52329 51862
52348 52867
52393 52869
52499 51483
52513 51656
52631 53528
52666 53507
52715 53465
52718 53460
52727 52666
52730 53375
52754 52577
52763 52604
52776 53448
52780 53453
52795 52560
52805 52551
52860 52483
52878 52425
52889 53318
52908 52409
52920 52393
52932 53906
52964 52294
52987 53233
52995 53240
52999 52323
53037 53229
53045 52241
53079 53166
53089 53774
53115 53746
53149 53109
53154 53102
53170 53038
53188 53043
53220 53687
53225 53012
53229 53716
53254 52955
53263 52941
53269 53684
53285 53658
53286 51862
53318 53622
53383 51670
53430 53566
53491 54068
53603 53955
53628 53925
53649 53284
53666 53894
53680 54270
53684 54269
53747 53823
53763 54190
53765 53804
53795 53118
53811 54161
53814 53739
53815 53737
53816 53738
53842 53723
53872 53650
53893 53655
53909 53636
53914 54120
54006 54360
54024 54035
54085 53986
54140 54508
54145 53885
54187 54465
54220 54449
54353 54338
54399 54249
54400 54524
54401 54525
54406 54518
54407 54517
54442 54680
54459 54467
54461 54460
54462 54665
54546 54614
54596 54524
54597 54525
54641 54777
54642 54776
54645 54640
54677 54921
54681 54913
54698 54724
54699 54723
54709 54835
54733 54881
54740 54777
54768 54850
54795 54877
54802 54928
54803 54930
54830 54907
54888 54981
54889 54980
