1498
161 29414
201 19181
377 18337
415 18844
451 17485
458 17650
520 32255
732 29134
825 19354
929 35313
953 28804
1208 19142
1335 18676
1363 18379
1384 18821
1385 18820
1434 18893
1565 18830
1628 28461
1632 17705
1714 18615
1989 18404
2006 16768
2068 18378
2145 18351
2146 18352
2159 28190
2217 18378
2240 16319
2307 16597
2341 28217
2433 16430
2464 16704
2476 16355
2498 16588
2609 27992
2635 27986
2685 18300
2749 45254
2863 16299
2864 16164
2986 28074
3001 16178
3044 16137
3198 15893
3469 27787
3601 16434
3709 16345
3812 16312
3853 15265
3854 15266
3939 15185
4006 14717
4007 14716
4051 16008
4092 13776
4106 27299
4257 14543
4424 14003
4425 14004
4437 13965
4529 13061
4579 14141
4607 14483
4759 26692
4847 14087
4850 15138
5080 13532
5282 13592
5575 26740
5743 13975
5907 14224
6238 14029
6241 12922
6243 47081
6341 13422
6342 12929
6482 12793
6483 12792
6583 11716
6584 11715
6616 13740
6723 12566
6724 12565
6750 12550
6886 25344
6907 12982
7136 26365
7203 12924
7217 25739
7252 25732
7266 25723
7274 10981
7300 25716
7344 12832
7385 25583
7482 24935
7553 11593
7554 11592
7580 9559
7746 9631
7770 12406
7945 10294
7959 9435
8180 14017
8452 9791
8498 24890
8983 10517
9244 24089
9409 8420
9462 33451
9928 10650
9929 10651
10048 9853
10049 9852
10065 23790
10083 23895
10100 23773
10212 23212
10241 10434
10274 23672
10275 23671
10322 7145
10364 10328
10398 9163
10565 6986
10669 23369
10808 23373
10813 7209
10835 8027
11210 8471
11341 22500
11480 22362
11488 22880
11554 23480
11604 7815
11665 7694
11697 7444
11893 6607
11978 22566
12027 6348
12103 22382
12110 6420
12111 6419
12122 23269
12156 6468
12207 6741
12259 6647
12266 21900
12301 5758
12310 6869
12421 879
12516 5510
12605 5983
12745 5935
12976 6688
12994 22272
13147 21891
13196 31558
13286 7859
13287 7858
13415 22152
13474 4460
13559 31512
13612 7585
13658 5435
13868 13318
13886 4764
13887 21648
13959 21893
13987 5037
14022 4320
14379 5395
14471 21608
14479 3901
14486 3768
14487 3767
14594 3656
14737 3071
14874 1721
14886 1189
14980 1721
15046 1553
15098 21005
15304 3528
15312 19907
15373 3348
15482 21768
15619 4664
15679 4755
15717 2489
16536 2118
16579 3832
16826 606
16870 14892
16938 1844
16939 1843
16947 1640
17168 3654
17295 1113
17352 1019
17389 399
17400 3386
17559 430
18038 1942
18355 1826
18707 1918
18941 698
18942 697
19390 29539
19391 29540
19444 19210
19486 29457
19505 29428
19580 37273
19581 37272
19640 29077
19682 29713
19721 30070
19830 37070
19866 28849
20067 29895
20068 29896
20095 29626
20124 29840
20157 29816
20227 36564
20374 18560
20507 18425
20517 29529
20529 28639
20566 28327
20601 28734
20608 29071
20680 28925
20710 36542
20741 36454
20760 36714
20867 36221
20939 17422
21011 28800
21070 28502
21071 28501
21082 16501
21123 28532
21134 16788
21135 28503
21137 15544
21139 28865
21143 16656
21178 28175
21182 36195
21192 28348
21201 36024
21237 36149
21238 36148
21256 28116
21276 28101
21290 20438
21317 36097
21406 16267
21440 35630
21444 15996
21472 14962
21476 27877
21483 35619
21487 27860
21494 16123
21498 16140
21574 15923
21587 15912
21616 35951
21635 35934
21664 15638
21665 15637
21679 15748
21692 27981
21759 27408
21764 15457
21766 35586
21767 35585
21773 27248
21781 15569
21782 27443
21846 27401
21872 14389
21873 14388
21895 27068
21933 27468
21940 27296
21948 35287
21952 15126
22012 35352
22050 27161
22060 14058
22471 14010
22514 35003
22547 13341
22554 26901
22603 26196
22609 13638
22670 26822
22711 13421
22763 26902
22807 13243
22821 34981
22844 12915
22853 12895
22861 13201
22870 26761
22887 13754
22892 34738
22902 12813
22953 26597
22982 13010
22989 26570
23235 34424
23290 34692
23351 25648
23353 26190
23561 25887
23564 11514
23598 34156
23616 34019
23624 26310
23639 34109
23940 24580
24072 25486
24182 34037
24239 10448
24253 11089
24281 33581
24300 33577
24389 25471
24390 25470
24412 11438
24438 24540
24469 11382
24568 10060
24697 33618
24700 10907
24710 23979
24742 10351
24778 25659
24854 23873
24874 23860
24875 23859
24899 23374
24908 10658
24961 25606
25036 33190
25047 23741
25128 25423
25204 9148
25272 32991
25273 32990
25322 24727
25326 32969
25327 32968
25329 10081
25383 9008
25384 9007
25490 24565
25512 32843
25513 32842
25551 23554
25614 32425
25623 32427
25639 22656
25661 32379
25728 40405
25733 32447
25734 32446
25829 32341
25863 32250
25869 7550
25876 22759
25916 23788
25953 24519
25966 24514
25988 9471
26025 23331
26144 24753
26168 23183
26185 23429
26186 24724
26215 24704
26256 32748
26299 24704
26301 23987
26304 23092
26311 24614
26343 23049
26375 22679
26376 22678
26390 22666
26391 24538
26392 24539
26396 22710
26434 22992
26458 22921
26461 22935
26513 22503
26528 31796
26536 7418
26542 22904
26576 38955
26577 38954
26589 22815
26642 22701
26645 22756
26697 8296
26698 8295
26719 22829
26737 8197
26739 22597
26777 22471
26782 8148
26827 31938
26856 22359
26857 31617
26861 31748
26915 22191
26931 22264
26957 6918
26967 22733
27037 22334
27068 31371
27129 32709
27166 7511
27170 22782
27173 22030
27197 22245
27217 7423
27240 7217
27267 6242
27326 22775
27375 20812
27459 20906
27504 5492
27610 21626
27720 6628
27728 21314
27920 3540
28192 21367
28240 5611
28276 22730
28336 22674
28383 20668
28418 4819
28423 42601
28856 5062
28910 30975
28943 20749
29046 21933
29047 19932
29075 4231
29103 21880
29105 4216
29183 30379
29314 20149
29354 20101
29468 1729
29830 31031
30242 20410
30460 42709
30462 42849
30558 37593
30560 37114
30561 42607
30566 37110
30567 42589
30702 29988
30703 42380
30717 42515
30731 37157
30732 42464
30740 37319
30763 37749
30772 36835
30790 42331
30840 37043
30871 37083
30875 42372
30981 29384
30998 42302
31024 29556
31057 37567
31094 42161
31104 37544
31105 37543
31148 29637
31215 29559
31226 37438
31257 29507
31300 36690
31334 29413
31362 28738
31378 36560
31516 42010
31532 37075
31537 41932
31542 28773
31630 36735
31722 28480
31723 28479
31755 41849
31763 36431
31766 28514
31793 36407
31804 36403
31843 41839
31968 36135
31991 36413
31997 28157
32005 35870
32046 28157
32070 28284
32141 35773
32143 28009
32147 35430
32148 35431
32149 27967
32161 35777
32220 35841
32232 35820
32236 35879
32240 27512
32244 27405
32264 27998
32317 35689
32327 27251
32336 35292
32337 35291
32372 27795
32389 41297
32411 41272
32451 27249
32504 27377
32593 41255
32669 41207
32670 27282
32696 27141
32775 35871
32787 27042
32818 41211
32830 35502
32831 35141
32876 35428
32888 35090
32951 27128
32976 35035
32985 35469
33024 35190
33059 35143
33063 35401
33197 26342
33215 40752
33234 26670
33249 34240
33305 26625
33332 40853
33333 40854
33343 40600
33373 40830
33381 26680
33382 26062
33467 26598
33482 34389
33548 40472
33588 40661
33624 34305
33663 34268
33690 25896
33693 40319
33705 44719
33716 34186
33722 34165
33730 33952
33877 40219
33878 40218
33896 34431
34126 25554
34208 40229
34268 25629
34269 25630
34287 34245
34294 33321
34295 39939
34311 39936
34345 25454
34363 25539
34397 39887
34402 33211
34414 39880
34423 34095
34424 34094
34489 33947
34497 39910
34513 33938
34515 34409
34600 33065
34601 34334
34694 24595
34709 32881
34772 25088
34778 1436
34787 32826
34808 39438
34809 39437
34858 33638
34940 24402
34941 24191
34955 39753
34958 32585
34965 39376
34987 33008
34994 24907
35052 24011
35115 33253
35135 24087
35163 32838
35184 32992
35192 32750
35197 39716
35212 33353
35234 33848
35273 24704
35284 32732
35334 39488
35341 8734
35344 39594
35356 33776
35370 39575
35432 39020
35433 39019
35440 32593
35452 39000
35453 38999
35454 31796
35539 23778
35548 32481
35550 38988
35568 23391
35570 38881
35670 38790
35683 38963
35691 24130
35761 32300
35776 32183
35791 32889
35797 39284
35820 38727
35856 22161
35869 33302
35879 32116
35912 31839
35916 32126
35930 23262
35976 32181
35992 31977
36040 38966
36060 39081
36126 20737
36127 20736
36140 31902
36146 32010
36147 31928
36187 31855
36222 31880
36259 22853
36282 31767
36298 31695
36315 31755
36323 31729
36432 38576
36444 31560
36534 31546
36551 31413
36616 21847
36617 21846
36823 38080
36958 30469
36986 38531
37130 38197
37213 37988
37225 43746
37233 21884
37480 30240
37656 30334
37856 31422
38192 46499
38201 42883
38242 42765
38310 46408
38435 37772
38449 37721
38460 37083
38482 42911
38519 42750
38562 42852
38586 37576
38611 42802
38631 37541
38635 46086
38636 37509
38641 46572
38642 42797
38667 42666
38694 46085
38715 42732
38732 42136
38736 42724
38745 37406
38746 37239
38748 37238
38755 42288
38768 37379
38843 45975
38844 45909
38872 42164
38900 42139
38907 45917
38911 42002
38929 45824
38937 36773
38994 45881
39032 36778
39036 42019
39064 42250
39101 36682
39136 46098
39139 36490
39165 36473
39189 45793
39204 41569
39205 41570
39230 41558
39250 41539
39278 41814
39285 36426
39345 41631
39364 41757
39378 41751
39388 35929
39389 45595
39413 45570
39449 45496
39479 41891
39480 41584
39488 35786
39499 35914
39502 41600
39539 41215
39596 41566
39598 41158
39610 45366
39611 45365
39662 35685
39667 35767
39687 41657
39703 41506
39715 41492
39769 35814
39790 40934
39861 35400
39885 35383
39932 35319
39939 41135
39964 40763
39987 41081
40000 44987
40026 41387
40048 35267
40131 41107
40143 44968
40145 44868
40154 41204
40180 40848
40204 44969
40279 41151
40296 44931
40301 44932
40313 40669
40329 40891
40359 44876
40385 44712
40391 44892
40397 40545
40425 34995
40451 44803
40467 40747
40468 44647
40469 44646
40474 40728
40487 40986
40491 47924
40527 44782
40601 34776
40602 34779
40612 40271
40622 40126
40674 44524
40695 44485
40717 40156
40743 40066
40745 40053
40790 44501
40821 40804
40826 44488
40846 40477
40850 40459
40854 39719
40878 33947
40915 44391
40931 33883
40974 34338
40975 34339
40998 44460
41002 33818
41011 39756
41018 44312
41024 33864
41038 44380
41076 39976
41089 39969
41114 44049
41123 40291
41125 39797
41126 39796
41130 33531
41134 44066
41153 33492
41157 39961
41160 39442
41173 44117
41174 44037
41189 40144
41192 39635
41207 44014
41221 33348
41229 44133
41268 40130
41298 33425
41307 39417
41308 44030
41315 33384
41339 33403
41340 33402
41358 23937
41363 39656
41364 39628
41365 39627
41390 39594
41397 44110
41415 39576
41440 33243
41454 33258
41459 43788
41464 44118
41467 38973
41478 39523
41479 39522
41492 39531
41504 39500
41547 43882
41548 39475
41551 43905
41557 32913
41572 39524
41614 39351
41615 39350
41629 44000
41630 43999
41631 39110
41664 32606
41713 39250
41729 39432
41734 43952
41735 39265
41765 33291
41794 38664
41866 39058
41891 38926
41938 39150
41939 43698
41949 39026
42003 43536
42065 38678
42099 43715
42109 38840
42174 38804
42223 38705
42224 31413
42227 43249
42285 38477
42335 38428
42367 43093
42377 43607
42480 32233
42606 38460
42629 38006
42688 43344
42733 38817
42859 37901
43329 29463
43339 49191
43361 46455
43376 46364
43394 46382
43403 46422
43413 46321
43415 49174
43477 49135
43501 46306
43506 49033
43507 46645
43523 46271
43532 42926
43563 49048
43568 49016
43569 49015
43609 42808
43610 42809
43628 42827
43630 48926
43631 46605
43647 46583
43658 46040
43664 46044
43673 48900
43696 42647
43739 46517
43740 46516
43745 42720
43809 45927
43869 46054
43918 48730
43950 46105
43967 46092
43970 48795
43976 48753
43981 46003
43986 46079
44017 48739
44018 46111
44019 46110
44036 42190
44042 48706
44072 45705
44084 45989
44088 48725
44107 42098
44108 42097
44116 45755
44117 45740
44123 45566
44136 45737
44137 45751
44142 48681
44152 45718
44160 45727
44167 48579
44174 45706
44177 45703
44211 48631
44222 48569
44232 45752
44253 45712
44262 45938
44289 45410
44325 48443
44350 48428
44357 45571
44370 48410
44380 48406
44395 45535
44405 48389
44428 48466
44429 48465
44432 45779
44457 41610
44463 45661
44499 45222
44500 41478
44515 41555
44533 45698
44537 41462
44552 41517
44617 48326
44622 48364
44625 45113
44632 45488
44641 45484
44643 41271
44661 45472
44684 8413
44724 48159
44735 45255
44745 48130
44749 41248
44765 45218
44779 41370
44780 48070
44788 45231
44789 45230
44793 45009
44801 45165
44805 45005
44884 48272
44893 45060
44910 45048
44923 48052
44936 40783
44948 44852
44950 44663
44952 40767
44953 44795
44968 45011
44987 48026
44992 48007
44993 47912
45016 44935
45057 44499
45067 44889
45093 44950
45123 47827
45160 40874
45168 47821
45183 44506
45198 47781
45207 44431
45251 44796
45280 40784
45291 40410
45333 47707
45345 47693
45378 44688
45379 47677
45393 44363
45421 44476
45450 44375
45451 44374
45504 40083
45507 47581
45510 40498
45542 43946
45566 40119
45569 44283
45578 44177
45581 44269
45587 40406
45590 40103
45591 32192
45610 44754
45645 44109
45650 47454
45659 40302
45660 40301
45664 44210
45670 44196
45692 47430
45730 44155
45734 40020
45759 47460
45760 47459
45770 40120
45772 47444
45794 47197
45800 40136
45801 40137
45805 47323
45839 40046
45845 47238
45860 39284
45872 39366
45897 47150
45916 47420
45924 47274
45948 43877
45949 47791
45960 43918
45968 43982
45985 43838
45999 47313
46000 47311
46028 39602
46049 44147
46117 46970
46133 43679
46229 43472
46259 43458
46392 47070
46529 43387
46554 37933
46809 43243
46931 49340
47017 49207
47037 46682
47046 49183
47053 49115
47057 51040
47088 49130
47158 49297
47159 49296
47188 48935
47197 49006
47218 46234
47229 50843
47239 48803
47271 50822
47297 46226
47298 46225
47303 48807
47309 49001
47335 50770
47417 50750
47418 50749
47434 48599
47451 48686
47475 48549
47477 48664
47487 48655
47498 48537
47535 45939
47542 48711
47553 48645
47554 50648
47555 50647
47560 48478
47614 48431
47691 50619
47692 50618
47732 50503
47735 45588
47749 45611
47758 41435
47769 48654
47825 45381
47861 45510
47867 48305
47885 45296
47895 45411
47899 45422
47900 50452
47901 50451
47908 41288
47920 50423
47933 50395
47963 48244
47966 50386
47967 50385
47972 48093
47976 48114
48021 50349
48023 50340
48069 50212
48092 48157
48093 48158
48098 48153
48125 44936
48134 48098
48145 50270
48147 50183
48166 48135
48183 44928
48184 44929
48197 47833
48243 45084
48258 45056
48293 45038
48387 40334
48430 50120
48432 44610
48439 44850
48440 44849
48459 49897
48473 47852
48479 47836
48484 47858
48493 47634
48494 47635
48505 47720
48517 44578
48543 44531
48560 49950
48561 49822
48563 47979
48564 47845
48579 47625
48580 44508
48590 47572
48611 49956
48644 47484
48679 47619
48703 39805
48712 47369
48717 39783
48722 47825
48731 47366
48732 47381
48735 47524
48739 47692
48777 47575
48803 44220
48805 44208
48811 47282
48822 47241
48854 47264
48908 47196
48990 47020
49080 31650
49084 46878
49579 51166
49599 52371
49602 51145
49630 49224
49643 53246
49691 50925
49695 52286
49736 52291
49759 49053
49760 49052
49764 52249
49796 52231
49802 48996
49818 52226
49825 51009
49869 50833
49880 50796
49889 52182
49905 48827
49912 48812
49914 52186
49919 48855
49935 50867
49942 48858
49943 50735
49945 50771
49949 52183
49972 50673
50003 48722
50005 48830
50015 50646
50016 50643
50022 48699
50023 48663
50031 52088
50041 48687
50050 48674
50062 48761
50065 50573
50078 50690
50087 50559
50098 50554
50102 50774
50125 45610
50153 48568
50174 48551
50175 48552
50196 50606
50207 51980
50264 51942
50269 50558
50279 51928
50306 51957
50362 48306
50406 50329
50407 50412
50408 50411
50409 48156
50426 50289
50452 48135
50466 48123
50479 48086
50481 51771
50487 51764
50493 51757
50539 50116
50549 50096
50552 51744
50563 50287
50594 50033
50633 48051
50643 50139
50657 50009
50664 51705
50667 47893
50668 47892
50686 49960
50709 50012
50715 47867
50737 49950
50766 51614
50770 49962
50783 51623
50784 51622
50798 47775
50799 49937
50803 49914
50826 49898
50831 51567
50841 47524
50858 49788
50860 49789
50862 51563
50867 49842
50871 49823
50872 49824
50881 51533
50886 49989
50894 49837
50905 49664
50919 49794
50939 49614
50954 49754
51000 52556
51044 49593
51046 51359
51054 49676
51126 49569
51200 47252
51242 49461
51384 53835
51386 52384
51387 52459
51395 52413
51396 52412
51398 53264
51424 52481
51425 52482
51445 53187
51469 52461
51470 52460
51482 52370
51492 53145
51509 53150
51525 52325
51531 53130
51573 52213
51599 52315
51606 52328
51624 52195
51648 52134
51666 50871
51667 50868
51671 52108
51683 52173
51689 52189
51694 52237
51767 52988
51775 52054
51776 52053
51827 50551
51832 50527
51852 50500
51902 52912
51918 51920
51936 52867
51944 50387
51986 50428
52033 52776
52034 52775
52043 52771
52044 52770
52068 51642
52119 51679
52133 51722
52140 51656
52148 51654
52154 51572
52178 51607
52215 51565
52221 51505
52228 51446
52229 51445
52233 51557
52234 51545
52247 51538
52248 52659
52250 49990
52258 51645
52326 52558
52348 51379
52428 51356
52637 53314
52640 53845
52644 53324
52658 53831
52659 52483
52691 52447
52702 53225
52713 53794
52730 53750
52731 53749
52742 52344
52755 53161
52762 53093
52776 53168
52781 53163
52805 52268
52889 53011
52954 53582
52959 53617
52964 52012
52979 52970
52981 53592
52987 52914
52995 52915
53035 53541
53079 52883
53149 52815
53161 52762
53175 52752
53188 52739
53189 52740
53195 51637
53229 52702
53254 52675
53266 53911
53306 52543
53325 43776
53461 54195
53511 54150
53535 53731
53536 53796
53543 53790
53554 53718
53566 54110
53603 53704
53623 53706
53649 52997
53652 53023
53666 53632
53672 54041
53673 53603
53679 52998
53680 54029
53683 54024
53684 54025
53747 52865
53765 53538
53816 53459
53858 53432
53863 53435
53886 52640
53914 53382
53974 54416
53978 54181
53988 54162
54024 53788
54052 54355
54069 53717
54078 54077
54111 53661
54124 54319
54164 53602
54182 53563
54209 53919
54232 53973
54309 54552
54312 54395
54325 54538
54344 54103
54400 54315
54401 54316
54406 54307
54407 54306
54414 54284
54415 54475
54418 54017
54442 54252
54443 54253
54461 53941
54462 54239
54469 54450
54569 54633
54576 54347
54597 54316
54609 54477
54677 54724
54680 54721
54681 54720
54730 54481
54731 54480
54733 54603
54768 54715
54769 54714
54775 54638
54788 54696
54790 54695
54823 54713
54834 54765
54835 54707
54868 54806
54894 54836
54898 54803
54916 54842
