3889
18 1928
51 1994
60 1952
86 20375
108 2075
109 2076
117 1704
129 20141
159 1772
162 2106
180 20225
184 1717
193 1740
201 20433
205 20202
218 2147
259 20453
279 1902
348 20468
375 2278
381 1815
401 20545
440 2329
443 2039
444 2038
445 20292
462 20143
463 20144
470 2380
612 2128
674 2636
705 20707
730 20477
732 20478
765 2365
779 20780
781 20798
796 31238
813 2269
851 2520
854 2894
867 20828
883 2522
893 2790
896 2334
928 3054
932 2833
940 20606
944 20922
949 2256
969 20561
971 2664
988 20486
1003 20865
1008 20988
1027 2980
1034 3193
1035 3231
1057 2989
1059 2948
1077 2618
1085 2780
1089 2750
1108 2788
1137 21084
1143 2846
1163 20736
1177 20982
1218 3299
1219 3300
1220 20847
1230 2794
1289 21234
1306 31217
1315 2965
1316 2992
1317 3214
1342 3447
1352 21274
1379 21179
1396 3094
1402 3091
1429 20938
1470 3146
1471 3147
1487 3328
1502 21247
1514 3184
1515 21248
1519 3039
1547 3228
1555 3756
1558 3589
1579 3811
1588 3617
1605 3597
1661 3320
1663 21207
1666 3668
1683 3265
1684 3338
1686 3465
1687 3466
1704 3215
1705 3515
1706 3499
1726 3364
1738 3734
1746 3384
1763 3414
1802 21400
1805 21006
1824 21464
1875 3900
1884 3896
1893 21447
1904 4029
1923 3965
1930 21706
1932 3598
1939 3418
1956 4267
1962 21692
1975 21501
2002 4042
2016 3754
2044 4172
2046 21641
2053 3866
2075 4201
2076 4202
2080 3736
2129 21652
2130 21653
2160 21277
2182 21835
2198 3803
2231 21698
2238 4133
2243 21827
2244 21850
2245 21851
2276 21893
2279 4333
2280 4334
2286 21724
2287 21725
2289 21644
2298 4077
2301 4489
2303 21745
2308 3823
2311 3972
2315 4674
2320 21707
2321 4398
2334 21755
2341 21760
2371 4458
2428 4506
2445 21821
2456 21750
2486 4237
2509 4391
2534 4962
2539 4876
2552 4890
2563 21603
2570 4066
2637 21966
2644 21919
2646 4944
2653 4119
2656 4712
2702 4203
2705 4811
2720 22024
2722 5151
2736 4893
2737 4894
2788 5024
2810 4684
2811 4685
2826 4328
2830 4342
2851 5294
2856 4689
2889 22148
2891 5273
2952 22017
2999 4737
3055 4625
3119 22090
3139 22390
3149 22107
3157 22106
3175 5554
3225 4765
3226 4766
3288 5528
3289 5529
3292 22493
3297 7069
3342 5165
3468 22265
3481 22431
3487 22211
3507 5460
3508 5891
3604 6231
3605 6232
3634 5731
3659 22338
3660 22339
3741 22548
3763 5760
3765 22550
3780 5636
3781 5637
3783 22876
3789 5650
3790 5651
3825 6180
3858 5796
3863 5709
3865 6091
3902 6100
3915 6090
3931 5852
3950 5953
3965 6411
3966 6412
4206 23048
4232 47503
4237 6538
4241 6120
4336 6681
4375 6254
4392 22960
4418 23041
4441 23261
4467 23271
4495 23279
4519 23299
4539 23317
4589 23286
4590 6922
4608 6952
4610 7578
4611 23381
4622 6745
4667 23416
4691 6806
4714 7029
4715 7030
4718 7210
4737 23452
4797 6860
4807 7189
4808 7188
4815 6658
4828 7399
4835 14241
4906 7303
4910 7306
4934 7472
4963 23158
5021 7582
5027 23599
5047 7436
5094 7530
5110 23310
5111 23311
5174 23322
5248 7742
5285 7258
5428 7938
5510 8012
5555 8080
5558 8108
5600 8170
5702 8491
5709 8402
5710 8403
5717 8265
5814 8379
5855 8048
5863 23876
5866 8453
5868 8408
5879 8416
5880 8674
5916 23900
5917 23901
5941 8196
5963 8537
6008 8597
6073 24133
6098 24142
6125 24091
6154 8439
6175 8174
6314 8735
6317 8974
6332 8348
6360 9121
6362 9025
6376 8731
6387 9054
6412 9224
6452 9104
6464 9282
6508 8610
6522 43522
6612 9358
6737 9334
6743 9385
6815 9353
6854 9324
6866 9328
6871 9596
6917 9445
6934 9432
6956 9324
6958 9446
6969 9367
6970 9404
6974 9353
6977 9589
6990 9541
6991 9542
7017 9445
7047 9474
7069 9878
7110 9106
7159 9684
7172 9980
7186 10145
7187 10146
7226 9791
7236 10086
7247 9829
7274 10088
7275 10089
7369 9718
7381 9875
7385 9799
7390 9953
7400 10263
7443 24710
7444 24711
7516 6536
7667 25120
7671 10296
7717 10321
7718 10328
7789 6175
7848 10310
7865 10305
7959 25512
7986 10600
8008 11043
8055 10222
8068 10683
8084 10683
8091 10207
8147 10681
8170 10568
8195 10730
8232 10802
8260 10409
8262 10844
8263 10410
8338 11229
8393 10506
8410 25265
8473 25567
8484 11546
8508 11138
8509 11565
8521 11393
8522 11394
8524 11572
8527 10639
8531 10659
8536 11588
8547 10659
8555 10725
8598 11478
8721 11091
8849 11177
8854 11178
8859 11391
8860 11392
8915 11932
8940 11192
8960 11494
8961 11495
8971 11143
8995 10968
9046 11629
9104 11911
9105 11912
9155 11655
9186 11744
9237 11824
9254 11243
9375 12453
9462 11751
9463 11752
9470 11632
9496 25852
9500 11649
9502 12052
9566 12538
9608 12158
9645 11774
9648 12111
9649 12184
9650 12185
9660 12197
9666 12221
9667 12222
9680 12219
9707 12666
9708 12667
9713 12252
9715 12248
9721 12183
9739 12216
9745 12028
9750 26188
9754 12301
9755 12302
9758 17207
9779 12251
9815 11796
9827 12381
9838 12314
9876 12799
9882 12517
9883 12518
9911 12151
9928 12476
9932 12413
9943 12176
9944 12497
9997 12465
10003 12489
10010 12563
10011 12564
10024 12563
10025 12564
10050 12339
10076 12195
10128 12173
10198 12293
10290 12556
10300 12845
10301 12846
10341 13506
10372 13526
10408 12855
10433 12986
10444 12700
10464 12716
10465 12717
10497 13329
10498 13330
10526 13081
10568 12970
10576 12793
10577 12794
10578 13135
10594 12995
10616 13168
10622 13119
10625 13381
10668 13171
10677 13212
10716 13253
10738 13241
10749 13269
10786 13770
10792 13322
10831 13231
10843 13247
10863 13617
10920 13503
10924 13672
10925 13673
10941 13694
11036 13769
11037 13770
11095 27248
11150 13785
11181 13747
11184 13691
11281 11789
11282 11790
11294 14025
11314 14275
11315 14276
11420 14444
11523 13547
11769 27044
11816 14877
11855 14700
11883 14724
11884 14725
11894 14389
11987 14944
12039 14878
12113 14928
12161 14388
12164 13931
12283 15120
12293 14076
12311 15155
12518 15269
12569 14676
12654 14633
12665 15577
12682 14747
12729 15110
12791 27987
12822 14910
12843 15690
12947 15739
13041 15853
13042 15854
13158 15237
13191 15980
13221 15289
13226 15320
13236 15327
13241 15332
13247 14537
13251 15710
13255 15324
13296 15389
13307 15382
13345 14537
13346 15807
13362 15446
13396 15471
13480 15594
13492 15613
13515 15916
13778 16196
13828 15890
13829 15891
13872 15950
13916 16300
13928 16283
13951 16349
14009 16355
14070 16052
14136 16131
14153 16433
14158 16926
14210 16697
14302 16399
14413 16755
14436 16792
14452 17036
14470 16460
14473 16806
14475 16518
14534 16876
14536 28625
14571 16570
14594 16990
14605 16920
14607 16752
14626 16845
14684 17046
14685 17047
14717 16817
14741 17032
14770 17065
14777 17286
14793 17097
14912 17432
14923 17190
14928 17199
14932 17470
14975 17297
15003 17333
15024 17279
15026 17149
15033 17289
15034 17290
15076 17500
15129 17048
15141 17435
15162 17510
15183 17529
15184 17465
15187 17205
15264 17410
15280 17566
15292 17613
15385 17288
15416 17324
15445 17374
15466 17375
15510 17562
15604 17713
15633 17618
15700 17964
15743 18060
15803 17707
15811 17715
15825 17720
15847 18054
15875 18143
15886 17748
16002 18286
16124 18057
16166 17999
16207 18518
16291 18166
16304 17991
16307 16536
16318 17991
16328 18523
16336 18690
16362 18587
16388 18286
16394 18307
16498 18726
16515 18678
16533 18286
16571 18792
16610 18834
16638 18552
16795 16845
16798 19070
16807 18454
16830 18976
16832 18805
16833 18806
16877 18991
16961 19079
16968 19059
16986 19120
16988 19089
17426 18863
17449 18881
17473 19158
18209 2555
18826 10723
19250 20276
19267 1583
19268 20085
19287 30912
19288 30913
19316 20386
19317 20387
19319 20042
19328 19953
19352 30751
19357 30753
19360 30763
19372 30774
19383 30652
19384 30953
19388 20454
19400 20048
19417 20264
19440 20271
19468 20549
19482 30835
19483 30836
19486 20557
19494 20532
19509 20368
19514 20231
19522 20617
19523 20618
19530 2056
19542 10818
19549 20474
19550 20475
19604 2162
19631 20484
19644 31097
19658 20481
19668 31188
19707 30972
19715 2270
19729 20866
19740 31196
19743 20704
19744 20504
19745 20505
19769 31288
19775 20541
19795 20836
19802 20913
19817 31347
19818 20947
19823 20954
19846 20971
19848 20951
19849 20952
19868 20978
19870 20595
19885 20998
19897 20739
19934 21056
19951 20717
19954 21067
19955 21068
19961 20793
19969 21086
19975 21080
19981 20807
19982 20808
19984 21099
19985 20774
19986 21079
19997 21111
20008 21023
20010 31199
20025 31418
20036 2830
20038 21209
20046 31355
20047 31356
20051 31245
20055 20773
20073 20869
20077 21137
20082 21263
20091 20902
20092 20903
20100 31327
20119 20929
20122 21173
20129 20949
20156 20897
20159 20899
20160 20900
20161 31521
20167 31449
20171 31389
20172 21093
20180 20923
20186 21257
20213 31575
20227 21300
20256 31642
20259 21149
20265 21329
20272 31613
20288 31770
20291 21167
20293 20992
20299 21228
20304 21175
20307 21399
20308 21390
20316 21401
20342 31749
20343 21426
20352 21506
20361 21430
20378 21238
20408 31776
20409 21621
20410 31722
20413 21519
20441 21307
20464 21278
20471 21605
20472 21606
20482 21442
20483 3738
20491 21368
20506 21818
20520 21713
20528 31979
20537 31889
20538 21587
20565 31910
20591 21831
20596 21766
20605 21853
20608 31895
20623 31864
20632 31752
20642 21721
20653 21736
20657 4578
20667 21882
20668 31926
20672 21749
20673 21750
20676 32034
20686 21903
20721 5012
20724 32097
20726 21826
20737 31874
20754 21983
20759 21993
20777 22005
20784 22068
20785 22025
20786 32025
20790 4508
20801 22076
20824 39979
20827 21661
20870 21737
20883 21879
20885 22176
20896 32067
20900 21767
20909 22082
20912 21776
20919 22327
20922 32126
20964 22111
20965 22112
20985 22165
21003 22408
21036 22416
21039 32074
21051 22030
21062 22212
21086 22230
21095 22419
21100 22512
21149 5497
21202 22402
21217 22456
21218 22457
21237 32434
21275 32400
21366 22351
21378 32303
21391 32265
21426 22487
21449 22370
21514 22762
21559 22638
21562 22571
21575 22959
21690 22729
21726 22754
21740 6145
21751 32864
21780 32826
21835 23143
21849 23252
21856 23033
21872 23081
21895 23077
21916 23316
21919 23351
21930 23321
21939 23428
21940 23429
21974 23294
21981 23319
21998 23338
22016 23427
22048 23272
22064 23165
22069 23486
22072 7764
22073 23121
22084 23337
22118 33090
22147 23208
22153 33167
22157 23602
22165 23541
22169 23729
22170 23730
22182 23594
22185 23390
22237 23403
22244 33037
22255 23810
22261 33044
22265 23671
22305 23390
22319 23780
22344 23779
22388 23863
22473 24014
22478 24150
22516 33523
22519 23985
22539 24002
22562 33358
22571 33572
22609 33547
22616 33617
22633 8486
22642 23939
22651 24109
22657 33647
22666 24286
22719 33477
22731 24343
22732 24344
22755 24042
22767 33621
22769 33515
22770 33516
22771 33517
22788 33680
22809 33708
22837 23967
22846 33656
22864 33600
22868 24378
22869 24367
22870 8711
22893 24393
22899 24395
22900 24396
22951 24245
22953 33759
22967 24506
22971 24452
22992 33674
23023 33830
23075 9461
23087 24625
23120 24598
23131 24524
23162 24645
23177 24476
23192 24686
23211 24815
23216 24670
23249 24638
23255 24691
23273 24919
23278 24453
23287 9481
23303 24434
23323 24472
23342 24816
23348 24974
23365 24741
23366 24742
23371 24528
23372 24529
23379 24998
23391 25019
23394 9829
23399 24887
23411 25060
23418 24768
23419 9645
23441 24915
23475 34158
23500 24909
23501 24910
23512 25005
23515 24713
23517 25012
23547 24957
23583 25072
23584 25073
23610 25282
23611 25283
23660 25122
23673 10315
23675 25159
23690 25037
23716 25068
23734 34360
23735 34361
23808 25286
23853 25496
23854 25180
23860 25498
23872 10872
23907 34376
23911 25395
23914 10746
23924 25406
23937 25401
23939 25397
23940 25582
23941 25407
23985 25624
24031 25344
24036 25251
24067 11326
24068 25548
24069 25549
24114 25725
24166 34553
24231 25860
24244 25364
24245 25365
24312 26035
24339 11197
24341 11769
24358 25817
24360 25818
24376 11995
24408 34711
24414 11260
24431 25875
24468 11338
24469 11339
24470 25909
24527 26230
24537 26211
24553 25946
24554 25947
24563 26016
24589 25981
24590 25982
24604 26021
24654 26068
24675 25975
24778 26003
24783 26224
24802 26201
24829 25965
24832 26252
24839 26231
24846 26066
24856 12805
24857 12806
24859 12516
24942 26251
24950 26352
24960 26260
24968 12510
25020 26175
25027 26332
25078 26236
25097 26544
25118 26862
25190 26617
25215 26474
25219 26477
25227 26642
25228 26643
25263 26639
25275 13737
25276 13738
25364 26785
25420 26816
25422 27129
25423 27130
25451 27162
25452 27163
25459 27154
25495 24398
25534 26812
25616 26906
25623 13833
25625 26916
25647 26826
25652 27200
25831 27469
25853 13763
26010 14425
26016 27398
26017 27399
26042 13733
26051 27716
26063 27416
26064 27417
26065 27643
26085 14539
26100 27747
26119 14151
26120 14152
26144 27721
26154 27601
26161 14291
26163 27782
26164 27783
26200 27171
26212 14067
26250 27917
26280 27879
26331 27286
26335 27418
26375 27457
26376 27453
26383 27499
26397 14682
26427 27562
26431 28050
26432 14777
26452 14760
26513 15554
26533 28099
26587 27742
26673 15145
26684 15884
26708 27858
26723 27805
26749 27840
26769 15992
26771 15193
26842 28372
26851 15389
26855 28375
26863 27970
26864 15311
26912 28057
26942 15756
26972 28318
26983 28158
27037 28557
27038 28558
27040 16091
27050 28407
27078 15859
27085 28215
27089 16456
27125 28456
27130 28276
27134 28454
27147 28271
27197 16733
27224 28347
27296 16538
27307 28596
27324 28796
27349 28813
27358 16351
27376 28858
27378 28860
27391 16710
27406 16481
27439 28583
27450 28646
27452 16805
27454 16814
27455 16815
27456 16798
27457 16799
27460 16828
27461 16829
27464 16468
27472 16460
27501 16536
27512 16966
27513 16967
27515 28644
27526 28668
27534 28678
27540 28947
27562 17011
27571 16669
27577 28681
27599 29081
27600 29082
27608 28710
27612 16535
27614 28912
27618 28906
27652 28992
27672 17089
27695 28913
27701 28847
27705 16819
27744 29065
27807 17381
27812 29084
27820 17210
27850 29258
27874 28987
27879 29236
27906 17544
27913 29255
27914 29181
27936 17791
27938 29268
27939 17517
27945 29251
27947 17623
27948 29049
27950 29375
27969 29259
27970 17646
27976 29219
27983 17461
27997 17675
28057 17662
28060 17541
28086 17915
28088 29448
28122 29199
28128 29202
28157 17881
28162 29339
28201 29463
28204 29280
28205 29281
28213 17618
28225 29425
28226 29426
28249 18005
28259 18032
28262 29494
28264 29519
28266 17978
28267 18051
28272 17820
28289 18061
28301 17956
28342 18169
28357 18135
28366 29610
28372 29565
28374 29431
28412 18283
28425 18099
28428 18311
28449 29472
28483 18022
28527 18492
28586 29789
28590 18613
28600 18623
28603 29847
28610 29854
28611 29539
28619 18662
28656 29661
28674 18741
28707 29923
28728 18668
28730 29887
28734 29637
28735 29638
28781 29951
28788 29910
28846 18759
28861 29878
28879 30002
28894 18774
28902 30053
28953 30055
30113 30711
30114 30701
30120 38411
30129 30718
30135 30739
30137 38468
30140 30922
30142 38437
30149 38497
30183 38398
30187 38492
30196 31052
30203 38450
30210 38585
30221 38432
30233 30878
30238 31068
30242 30873
30250 30867
30253 30893
30254 38641
30256 30902
30257 30903
30258 30885
30271 38503
30284 38481
30288 30934
30296 30780
30305 30854
30306 38659
30310 30924
30328 38701
30343 38678
30346 30907
30353 20721
30361 30984
30362 30985
30366 30990
30371 30974
30372 31022
30373 30958
30387 38529
30388 30994
30391 31021
30394 31018
30400 31027
30404 31014
30419 38595
30433 30996
30441 31299
30451 31310
30453 31319
30461 38766
30471 38596
30477 30986
30506 31358
30510 31012
30515 31175
30524 31104
30528 38598
30537 31126
30557 38715
30566 31136
30569 38723
30573 31189
30585 38774
30586 31397
30590 31460
30592 38755
30619 31290
30627 38868
30629 20699
30630 31304
30631 31266
30632 31305
30634 1502
30643 31503
30647 38791
30648 21017
30653 31591
30661 31507
30664 31200
30698 31589
30701 31384
30703 38921
30720 31673
30731 38859
30747 38895
30750 31634
30762 31465
30769 31466
30780 31398
30794 38856
30795 21121
30812 31572
30814 21457
30820 31687
30844 39105
30850 31681
30852 31519
30855 39068
30871 31586
30888 31808
30896 38962
30899 31802
30902 39085
30903 31595
30908 31555
30911 31821
30918 31757
30921 31758
30922 31759
30931 31782
30933 31732
30944 31829
30946 31783
30957 39151
30966 31810
30971 39033
30986 39201
30987 39198
30995 39203
31001 31624
31019 39222
31039 31694
31042 39264
31045 31785
31058 31913
31066 39189
31080 31760
31091 31788
31097 39316
31129 31972
31142 31904
31144 21999
31152 31915
31172 32038
31176 31911
31179 32042
31181 32044
31184 31999
31199 32155
31213 39305
31220 32216
31232 39364
31233 31978
31239 39287
31259 39374
31261 32126
31266 39349
31268 31932
31272 31988
31274 32079
31275 32080
31276 32255
31279 31957
31286 31928
31287 31929
31293 39431
31294 39432
31302 32086
31309 32315
31310 32316
31314 32047
31317 39524
31320 32329
31322 32059
31323 39324
31330 22334
31358 32186
31370 32192
31383 39439
31395 39545
31419 32260
31421 32142
31427 32185
31455 32307
31463 32081
31473 39559
31501 39581
31541 32385
31542 32386
31585 32500
31612 32614
31616 32506
31626 32477
31656 32339
31679 32592
31755 32455
31819 23108
31822 32801
31830 32552
31836 32829
31840 32568
31844 32631
31856 39717
31872 32869
31876 32674
31890 39739
31896 32863
31900 32881
31929 32917
31936 39729
31954 32934
31959 32754
31970 32915
31993 39893
32014 33004
32018 39901
32022 39933
32027 33052
32044 33046
32055 33071
32093 32840
32121 33123
32122 33081
32140 32995
32161 33164
32162 33165
32165 32965
32167 33182
32183 33304
32185 33202
32223 33246
32224 33247
32234 33278
32249 33072
32279 33298
32285 33330
32306 33464
32324 33377
32335 40198
32340 33386
32342 33396
32396 33445
32401 33457
32402 33458
32409 33384
32435 33592
32500 33519
32507 33415
32508 33416
32525 33627
32526 33530
32528 40172
32537 40239
32538 40240
32545 33535
32560 40296
32603 33714
32608 23911
32628 8749
32651 33599
32659 33239
32677 33706
32678 33707
32679 40393
32680 40394
32689 33700
32717 40430
32718 40431
32722 33729
32723 33730
32746 33623
32756 33688
32763 33780
32779 40306
32782 40420
32785 33956
32794 33951
32795 33952
32796 33953
32798 33875
32826 33624
32832 24605
32835 33834
32839 33891
32876 40348
32898 33915
32907 33928
32919 33924
32958 34005
32977 33975
32984 33810
32998 34044
33000 34216
33025 24750
33034 33889
33042 34037
33052 34051
33054 33912
33055 33913
33061 34109
33079 34318
33081 34151
33119 34142
33141 34362
33159 34253
33165 25238
33177 34267
33205 34213
33206 34214
33222 34320
33230 34321
33275 34523
33309 34568
33310 34569
33312 40862
33339 34315
33353 34619
33380 34629
33389 34440
33410 34502
33417 34323
33421 34506
33422 34489
33426 34645
33434 34527
33435 34676
33437 34653
33442 25621
33448 41123
33471 34388
33474 34465
33509 34787
33575 34649
33587 34662
33596 40904
33601 41012
33671 34651
33699 41074
33721 34732
33722 34742
33762 25971
33766 34762
33769 35111
33795 34938
33818 34915
33819 34916
33822 34971
33847 34736
33848 34937
33880 34981
33923 34920
33925 35209
33926 35210
33927 34924
33981 35290
33982 35291
33991 41372
34016 35155
34042 35187
34043 35188
34054 41415
34069 26352
34077 35083
34094 35221
34134 26277
34147 35243
34162 35322
34174 26436
34175 26437
34200 35310
34207 12482
34226 26648
34227 26649
34256 35436
34262 35283
34271 35359
34279 35428
34300 26678
34323 35456
34378 35544
34391 35562
34411 35460
34463 27197
34475 35806
34530 35677
34531 35679
34532 35680
34565 26743
34569 35649
34577 26906
34588 35875
34596 26989
34616 35902
34629 35765
34654 27386
34686 27436
34709 35608
34782 27332
34811 35895
34854 35910
34855 35929
34857 35932
34888 27164
34918 35701
34926 35958
34951 35820
34958 35827
34966 36180
34978 36186
34986 27803
34999 27292
35032 36067
35044 35807
35110 36105
35167 36050
35171 27561
35208 36171
35216 27607
35226 27761
35232 27639
35240 42082
35287 27717
35295 27888
35296 36156
35341 36321
35351 27795
35364 36221
35368 36355
35405 36544
35407 36240
35446 36423
35463 36434
35482 36299
35497 36281
35508 36345
35514 28188
35516 36329
35529 36674
35536 36373
35537 36374
35541 36382
35546 28219
35593 28279
35617 36589
35633 36449
35639 28345
35659 36621
35665 36625
35740 36692
35821 36617
35824 36800
35829 28427
35851 28388
35876 28458
35935 36788
35942 28873
35944 28587
35945 28588
35948 36871
35949 36779
35960 36908
35961 36909
35963 36927
35988 36934
36022 28686
36035 36992
36036 28874
36037 28890
36038 36843
36051 37002
36080 28864
36093 29024
36114 36947
36128 29008
36129 36937
36142 36948
36152 29051
36157 28829
36171 28906
36175 37238
36188 37008
36189 37009
36198 37112
36204 37023
36217 29253
36221 37019
36244 37179
36245 29193
36246 29194
36298 37278
36300 29256
36306 29232
36309 29261
36334 37273
36339 29218
36350 29271
36351 37218
36372 37313
36373 37314
36419 37181
36431 29467
36437 29487
36439 29173
36441 37207
36443 37190
36444 37182
36448 29488
36457 37242
36466 37206
36470 29394
36505 29304
36508 37420
36510 37357
36533 37436
36578 37449
36582 29616
36588 29542
36609 37516
36632 37527
36660 29586
36678 37397
36680 37576
36728 37470
36729 18043
36732 29701
36742 29720
36763 29781
36767 29721
36798 37721
36823 37563
36835 37478
36858 29841
36877 37741
36886 37762
36912 29867
36924 29898
36934 37711
36982 29953
36995 29796
36996 37839
36998 37774
37006 37853
37011 30004
37012 29978
37040 30041
37042 30050
37055 30031
37162 29941
37170 37704
37230 29881
38005 38339
38007 38486
38018 38498
38019 43592
38021 38309
38034 38509
38042 38395
38045 38397
38046 38326
38051 38415
38053 43640
38055 43735
38058 38408
38060 38378
38073 38492
38086 43638
38087 43639
38095 38573
38100 38432
38106 43650
38107 43579
38120 30878
38122 43673
38130 43661
38131 38624
38132 38637
38148 38530
38149 38531
38152 43668
38154 43692
38157 38495
38170 38693
38177 38525
38198 38563
38202 38547
38205 38501
38221 38582
38223 38734
38225 38523
38236 38722
38240 38542
38251 43781
38259 38712
38264 30996
38269 38731
38276 43870
38278 38785
38285 38596
38286 38780
38288 38645
38289 38646
38297 38806
38310 43897
38311 38811
38312 38815
38313 38816
38322 38822
38328 43802
38332 38775
38342 38640
38361 38720
38376 38881
38380 38866
38394 43916
38401 43830
38407 38750
38416 38861
38419 38925
38423 43936
38430 38788
38431 43989
38443 44003
38447 38769
38448 38770
38453 43865
38454 43893
38458 38967
38459 38968
38466 43967
38467 43968
38470 44002
38478 43975
38491 43984
38500 38944
38501 38945
38510 43904
38518 38990
38522 43909
38523 43917
38526 38974
38527 38874
38530 44033
38531 44034
38532 44016
38533 44017
38541 43950
38542 39016
38544 39023
38555 38999
38567 44058
38583 44014
38589 44090
38594 39083
38597 38938
38607 38973
38611 39094
38612 44079
38613 39092
38614 39093
38635 44101
38636 44091
38642 39036
38643 31686
38647 43997
38648 43998
38649 39034
38650 44133
38657 39192
38662 39161
38666 44048
38668 44037
38689 44085
38695 44216
38699 39132
38710 39143
38714 32057
38715 44132
38718 39284
38723 39279
38726 44197
38732 39116
38733 39117
38735 39289
38743 44202
38744 39114
38751 39333
38753 39320
38757 39071
38765 39359
38771 39108
38774 39153
38776 39212
38781 44294
38782 44295
38789 39129
38799 44258
38802 39329
38806 44211
38811 39230
38815 44255
38821 39355
38828 44290
38829 39364
38838 39339
38843 39277
38844 39278
38846 44299
38848 39479
38856 44312
38880 44306
38885 39325
38895 39331
38898 39451
38901 39344
38941 44308
38949 44392
38950 39509
38974 39528
38976 39419
39028 39507
39030 39680
39064 44348
39066 32343
39068 44517
39078 32437
39079 39503
39103 39600
39106 39540
39109 44429
39116 44618
39126 39705
39130 44486
39156 39721
39187 39879
39199 39800
39200 39801
39203 39655
39213 39837
39218 39776
39221 23155
39223 44627
39233 44620
39237 39803
39245 44572
39269 39874
39299 39784
39323 39945
39347 39862
39364 39922
39366 39958
39375 39973
39379 39839
39401 44754
39430 39998
39431 39986
39439 39882
39444 39991
39449 40080
39450 40081
39452 39952
39480 44795
39489 40047
39492 44807
39493 40137
39500 44763
39502 39940
39503 39941
39505 39912
39506 40129
39532 39982
39549 44921
39567 44936
39589 40159
39628 40201
39633 40209
39648 40114
39666 40324
39688 40273
39717 40363
39720 40293
39731 40241
39732 40223
39742 40153
39758 44919
39770 40284
39788 40202
39789 40203
39792 40384
39793 40385
39799 33728
39801 40469
39811 40389
39827 33741
39852 40369
39864 40508
39865 40534
39866 40535
39869 40539
39879 45057
39914 40511
39918 45184
39925 40653
39939 40436
39968 40569
39969 4438
39993 40739
39998 40613
40002 40477
40003 25182
40008 40628
40009 40629
40018 40576
40022 45270
40023 40493
40037 40550
40039 45298
40044 40783
40045 40671
40046 40672
40063 40693
40064 40559
40070 40841
40077 45271
40079 40724
40080 40725
40084 40856
40103 45344
40107 34267
40108 40753
40112 34014
40113 34027
40115 40788
40128 40903
40150 40928
40169 40827
40221 34536
40234 34246
40237 40892
40254 40895
40255 40896
40271 41052
40282 40863
40291 41065
40296 40876
40297 34425
40302 41087
40312 45483
40321 22303
40345 45408
40353 40954
40359 41153
40402 40946
40415 34756
40421 41161
40447 41104
40450 34632
40502 41169
40504 41085
40509 41084
40517 41089
40567 35111
40606 45602
40618 41272
40625 41270
40633 41263
40637 41142
40641 41235
40644 41277
40652 41218
40655 41207
40660 41339
40665 41430
40673 41276
40685 41346
40689 45659
40715 34963
40728 41394
40732 41361
40744 41490
40747 35037
40748 35038
40756 45825
40762 41286
40765 35204
40803 41560
40818 41447
40819 41479
40831 41466
40858 41498
40862 41547
40904 45773
40908 35375
40925 41535
40945 41598
40961 41572
40987 35534
40998 41495
41001 41557
41053 41822
41113 41742
41116 35904
41117 41880
41120 41889
41129 41727
41130 41728
41163 41682
41175 41965
41176 35666
41177 35766
41207 41841
41222 36030
41226 42036
41230 42008
41266 41912
41273 42037
41278 41916
41298 35964
41338 46163
41343 35862
41345 41966
41348 41975
41352 42020
41363 35921
41375 36033
41376 42092
41395 41870
41405 41990
41409 42029
41412 41898
41416 35931
41417 42023
41418 42024
41427 41920
41443 42151
41452 36140
41464 36172
41466 41997
41467 41998
41483 42097
41504 42111
41510 42128
41525 42171
41526 42172
41532 42026
41534 42228
41568 46386
41575 42184
41585 42194
41609 36544
41613 42117
41619 42300
41663 42229
41673 42174
41689 42134
41702 36332
41718 36391
41732 42410
41752 42315
41753 36590
41763 42324
41772 36726
41777 36625
41813 36560
41817 42292
41822 42298
41832 36556
41877 42345
41893 36679
41903 42400
41908 42473
41932 36765
41944 42436
41950 42518
41969 42443
41977 42519
41990 42486
41991 42566
41992 42567
41993 42575
42002 42573
42005 42493
42007 36843
42016 37046
42034 42665
42037 42620
42045 37191
42061 37211
42074 37152
42079 42732
42088 37113
42093 37023
42097 46642
42102 42632
42128 37319
42130 42655
42132 42805
42139 42719
42143 37102
42163 37341
42167 37273
42168 42768
42169 42769
42186 42644
42187 37395
42197 37230
42199 42869
42200 42870
42208 46776
42217 42692
42218 42723
42242 37408
42254 42846
42260 42753
42262 37477
42267 42731
42284 42866
42299 42887
42314 37338
42316 46813
42318 46763
42333 37460
42337 37504
42338 37489
42344 42861
42348 37490
42361 42897
42362 42898
42387 42992
42388 37404
42396 42985
42420 42831
42424 42830
42427 37658
42442 37681
42445 37454
42450 46864
42459 43023
42460 42894
42463 37634
42476 37664
42488 37676
42491 37714
42499 43064
42507 42969
42526 43088
42532 37761
42539 43110
42540 43111
42550 43102
42561 43141
42570 37535
42579 37750
42594 37671
42596 43152
42612 37816
42619 37898
42642 37825
42658 37713
42684 43182
42690 43238
42769 37889
43194 43714
43199 43734
43201 47338
43203 47375
43217 47384
43218 47352
43219 47353
43224 47324
43232 43660
43233 43651
43242 47368
43256 43674
43258 47421
43263 43686
43266 43656
43268 43614
43271 47395
43276 43678
43277 43725
43278 43726
43281 47360
43294 43813
43296 47469
43312 47402
43320 43699
43325 43852
43327 43749
43336 47458
43337 43756
43350 43874
43351 47542
43354 43834
43355 43746
43358 43872
43364 43783
43365 43784
43368 47527
43372 47562
43376 43898
43377 47454
43387 43808
43390 43820
43396 47503
43398 43831
43401 47452
43403 47507
43411 47513
43413 47591
43414 47594
43421 47560
43422 47561
43429 43949
43442 47570
43447 43846
43455 43944
43460 47597
43463 43961
43467 43933
43468 47539
43473 44013
43475 47650
43483 44024
43484 44025
43488 44026
43489 43931
43498 43910
43504 47687
43508 44039
43511 47620
43512 44063
43514 47582
43516 47652
43522 47669
43531 44007
43533 43955
43545 47604
43550 44068
43551 43983
43552 44022
43560 44031
43564 47713
43571 44097
43577 43987
43579 43999
43583 44106
43585 44030
43589 44122
43592 47735
43594 44018
43596 44125
43598 47700
43600 44130
43602 44011
43605 44113
43610 44146
43614 44246
43617 44154
43632 44163
43643 44222
43644 44223
43646 47789
43656 47722
43658 44121
43666 44237
43667 44075
43677 44161
43683 44124
43688 44178
43698 44228
43699 44302
43701 47738
43713 47847
43717 44324
43726 30020
43738 44268
43746 44181
43762 44242
43763 44345
43764 44342
43765 44347
43811 44381
43839 44327
43843 44341
43846 47903
43854 47911
43860 44351
43893 44400
43907 44508
43919 47994
43942 44405
43943 44422
43950 47956
43962 44462
43963 44521
43965 44428
43992 44513
44011 44609
44012 44610
44014 44543
44019 48056
44036 48037
44038 48097
44039 48098
44053 44479
44057 44630
44061 44491
44062 44547
44064 44591
44076 48111
44077 48151
44084 44613
44085 44674
44088 44640
44094 44667
44095 44668
44100 44625
44106 44635
44114 44578
44139 44702
44141 44720
44150 44785
44157 48154
44170 48146
44179 44837
44185 44821
44191 48179
44193 44682
44203 44790
44204 44689
44206 44793
44207 44794
44211 48197
44228 44874
44229 44711
44242 44832
44247 48229
44249 44935
44251 40033
44254 44871
44256 9603
44267 44870
44268 48242
44276 48256
44281 44944
44293 44923
44300 44951
44303 48288
44305 44977
44312 44903
44325 48226
44330 44996
44337 45004
44341 45006
44389 44887
44405 45047
44430 40233
44439 48404
44468 40437
44507 45174
44510 45170
44521 45164
44530 45282
44531 45194
44541 45204
44548 45222
44554 45206
44560 45228
44565 45236
44576 45238
44582 45123
44595 45257
44599 45266
44601 45268
44608 45283
44631 45299
44633 40530
44636 45252
44637 45358
44643 45288
44651 45239
44654 48547
44668 45338
44670 45226
44671 45340
44682 45247
44685 45350
44712 45378
44722 40831
44723 40803
44749 45383
44774 48655
44789 45520
44790 40736
44793 45462
44795 41032
44855 45490
44856 45491
44857 48650
44920 45538
44926 45593
44933 45558
44952 41084
44958 45616
44959 45706
44969 45683
44973 45705
44987 45624
44993 45717
45004 45738
45008 45643
45023 41285
45032 45690
45058 45644
45061 48798
45072 41363
45077 45681
45083 41298
45112 45749
45116 45794
45117 41556
45119 41457
45159 41507
45162 45903
45169 45913
45178 41691
45190 45838
45192 41676
45196 45846
45227 45893
45228 45894
45254 45870
45257 45931
45258 45932
45273 45977
45288 45900
45297 45918
45299 46079
45306 41605
45310 45888
45316 46075
45326 46008
45327 46094
45356 46032
45373 46122
45380 46138
45382 46074
45395 46064
45400 41995
45418 41887
45425 46162
45441 41780
45451 46107
45462 46137
45481 46202
45493 46160
45508 42105
45512 46069
45515 46154
45518 42027
45520 46159
45533 46265
45534 46266
45564 46190
45565 42158
45592 41974
45595 46305
45599 46293
45613 46318
45625 41970
45650 46167
45660 42141
45668 42157
45692 46241
45693 46242
45712 46236
45720 46427
45722 46288
45730 46299
45731 46397
45746 42198
45782 42296
45790 46423
45793 46379
45797 46256
45831 42348
45839 46544
45856 46410
45857 46411
45895 42372
45900 46531
45904 46524
45915 42470
45918 46538
45927 42483
45929 42489
45935 46554
45937 46471
45939 46571
45945 46509
45952 42522
45970 46583
45973 42560
45978 42531
45981 42554
45982 42462
45992 46555
45993 46556
45994 46563
45995 46564
46000 42588
46001 42546
46014 46576
46020 46638
46026 46646
46029 46604
46035 42642
46038 42699
46043 42705
46062 42681
46070 42617
46071 46679
46072 42666
46073 42667
46087 46662
46092 46661
46094 46675
46121 46797
46127 46739
46128 46735
46130 46737
46131 46738
46132 46747
46133 46802
46137 46751
46148 42739
46151 42798
46153 46823
46154 42799
46155 46741
46157 46690
46161 42712
46166 46691
46168 46837
46169 46774
46172 46773
46178 42779
46180 42765
46190 42810
46193 46760
46195 46811
46196 46812
46213 46809
46225 42950
46232 46724
46236 42812
46238 42974
46255 42834
46259 42923
46264 42959
46269 46913
46270 42967
46281 42900
46286 49586
46306 43018
46310 46840
46314 46933
46320 43050
46323 46825
46333 46959
46380 43112
46381 43113
46384 43014
46385 46976
46392 46333
46413 43180
46420 47023
46422 43199
46425 47028
46430 43144
46437 47018
46464 47030
46854 47325
46855 47403
46871 47309
46873 47375
46874 47320
46881 47406
46882 47418
46886 49904
46888 47324
46889 47356
46896 49878
46897 47348
46916 49929
46921 47396
46938 49999
46945 47405
46951 47501
46957 47400
46958 49962
46961 47422
46970 47461
46971 50019
46972 47515
46973 49980
46977 47541
46981 47551
46995 49997
46998 50044
47003 47506
47005 47466
47008 47520
47013 50009
47019 47605
47022 47528
47034 47600
47038 50003
47039 47518
47042 47540
47056 50022
47058 47647
47062 50091
47064 47555
47069 47628
47076 50034
47080 47579
47112 47696
47115 47695
47124 50073
47129 47651
47133 47719
47142 47665
47148 51851
47151 47744
47168 44221
47169 50170
47171 47793
47172 47794
47173 47662
47178 50174
47181 47689
47185 47752
47191 47754
47199 50182
47207 50168
47209 47740
47216 47709
47229 47727
47230 47790
47233 50209
47235 44249
47247 50195
47249 50234
47255 47837
47264 47878
47267 47816
47271 47843
47274 50218
47285 47851
47288 47842
47294 47769
47296 47882
47300 47951
47306 50254
47333 47800
47335 47884
47336 47885
47337 47863
47339 47934
47360 44350
47372 47876
47380 47891
47382 50232
47385 47923
47395 50317
47396 50316
47408 48005
47409 47922
47420 50324
47431 50373
47453 50388
47464 50395
47467 48110
47474 48090
47477 50357
47478 48071
47482 50371
47484 50375
47489 48082
47493 48042
47503 48037
47505 48044
47519 48102
47528 48105
47530 48085
47535 44683
47547 48125
47554 50416
47560 48164
47572 48165
47601 48200
47624 48217
47646 44886
47648 48247
47658 44864
47661 48182
47664 48261
47668 52082
47677 50539
47678 48306
47682 48279
47684 48297
47685 48298
47699 48294
47734 45030
47735 48260
47741 45052
47749 48264
47754 48376
47775 48357
47784 50628
47791 45087
47799 48301
47800 50649
47807 50653
47820 45114
47829 48335
47862 48496
47892 45241
47898 48407
47913 48506
47914 48507
47932 48499
47937 48476
47939 48535
47940 48532
47970 48460
47971 48461
47974 48488
48006 48564
48010 48565
48012 48589
48013 48590
48026 48663
48038 48684
48040 48581
48045 48699
48059 48598
48075 48584
48078 50766
48097 50778
48123 48732
48124 48657
48140 48754
48158 48782
48162 48796
48166 48800
48167 48729
48178 48664
48179 48665
48210 45720
48218 48724
48229 50932
48234 48790
48239 48758
48256 48766
48290 50981
48308 45688
48319 48806
48327 48863
48329 48811
48360 48889
48373 48864
48377 48823
48378 48956
48387 48899
48393 48923
48401 45882
48408 48973
48416 45827
48417 48949
48418 48954
48424 45829
48451 45996
48455 48928
48459 49048
48460 49049
48464 48937
48467 48992
48471 49065
48483 49017
48509 45196
48510 49046
48521 49116
48523 49118
48540 49067
48544 46100
48570 46214
48578 46224
48590 49160
48601 49077
48602 49078
48619 49185
48645 49092
48647 46279
48658 49152
48667 49113
48673 46231
48674 46232
48681 49124
48687 46165
48697 49186
48700 49244
48735 46304
48738 49164
48755 49268
48764 46269
48765 49230
48770 49187
48779 49241
48791 46393
48798 46390
48814 46262
48819 49286
48836 49305
48838 49247
48846 49259
48857 46409
48866 46491
48867 46438
48872 46506
48874 49291
48875 46448
48879 49345
48890 49323
48893 49366
48900 46603
48911 49352
48913 49382
48914 49358
48918 46585
48919 49387
48923 46516
48925 46595
48932 49405
48939 46614
48946 46624
48950 46588
48956 49380
48961 46637
48970 46645
48975 49441
48982 46604
48985 49473
48997 49449
49010 49422
49057 49497
49062 46752
49068 49516
49070 46720
49075 49512
49080 46820
49084 49560
49094 46834
49104 46873
49105 46874
49113 49493
49117 49574
49139 46918
49142 49545
49164 49559
49166 49573
49169 49605
49182 49620
49188 46960
49192 46963
49204 46974
49213 46984
49218 46928
49245 47010
49250 49664
49255 51521
49257 46949
49274 49679
49286 47043
49291 46991
49294 47040
49314 47005
49315 22534
49578 49944
49583 49901
49588 49916
49593 49905
49598 49925
49599 47393
49608 49940
49609 49932
49623 49951
49624 49952
49629 51760
49631 49959
49634 50005
49641 50025
49647 49961
49649 51774
49656 49974
49665 51785
49667 50044
49669 50031
49670 50007
49675 51793
49677 47585
49685 51807
49686 50052
49688 51771
49690 51777
49693 50018
49698 50003
49700 50076
49709 50077
49710 50078
49712 51826
49713 51816
49717 51783
49719 50048
49722 50054
49725 50104
49726 50105
49732 50050
49739 51856
49740 51847
49745 51868
49749 51873
49753 50093
49763 51850
49765 50123
49769 50158
49770 50126
49778 50119
49780 51876
49782 47676
49790 51875
49792 51884
49794 50092
49796 50174
49797 50179
49806 51889
49811 50187
49817 50154
49823 50212
49841 50224
49843 50227
49848 50245
49850 51920
49855 50263
49863 51922
49865 47933
49872 50258
49876 50200
49880 47937
49884 47917
49885 47918
49890 47961
49891 50184
49892 50185
49893 50274
49894 50275
49896 50251
49901 50290
49905 50300
49906 50301
49907 47962
49929 51952
49966 50343
49975 50338
49990 50368
49999 50389
50002 50334
50012 50384
50015 50369
50019 50409
50020 50398
50021 50399
50031 50419
50034 50415
50046 50429
50047 50437
50049 52058
50052 52048
50056 52008
50057 52009
50063 52065
50065 50414
50066 50450
50071 48214
50075 50467
50084 50485
50089 50488
50092 50474
50105 50513
50110 52083
50118 50557
50133 50546
50135 50538
50163 50550
50171 52133
50174 50598
50191 50542
50195 50608
50199 50591
50202 50649
50203 50647
50204 50648
50206 50559
50209 50630
50212 50571
50217 50643
50228 50680
50236 50683
50238 50593
50254 50619
50259 50617
50260 50618
50264 50673
50268 50674
50275 52141
50284 52192
50295 50702
50296 50703
50297 50690
50298 50654
50301 50699
50323 48461
50328 50700
50333 52226
50338 50687
50348 52209
50351 50804
50375 50777
50382 50773
50392 48671
50400 50772
50403 50749
50433 50855
50434 50860
50439 50885
50453 50896
50454 50902
50456 50816
50460 50846
50461 50901
50478 50916
50479 52302
50484 50874
50492 50935
50494 50946
50504 50895
50513 50892
50524 50876
50526 50866
50528 48761
50541 50925
50542 50926
50546 50893
50569 50963
50576 50951
50578 50975
50581 50933
50584 50957
50587 48829
50593 50993
50594 50958
50599 50999
50600 51032
50611 51017
50612 51018
50616 50968
50617 52432
50619 51016
50624 48899
50631 51031
50636 48883
50653 51052
50654 51053
50665 51096
50670 51034
50686 51119
50696 51082
50697 51083
50710 49090
50724 51149
50735 48989
50769 51134
50770 51135
50797 51129
50808 49229
50822 51164
50834 49168
50838 51169
50840 49214
50870 51182
50871 51183
50872 51184
50874 49198
50888 49231
50899 52570
50901 51234
50904 51270
50906 51286
50909 51283
50913 51293
50920 51248
50931 49325
50932 49318
50947 51273
50948 51278
50956 49291
50958 51288
50962 49304
50964 51313
50968 52611
50976 51317
50981 51300
50994 49379
50995 51321
50996 51322
50999 51312
51000 51303
51005 52661
51006 52662
51019 51318
51020 51319
51037 51333
51059 51382
51061 51361
51069 51369
51074 51385
51075 51386
51095 51373
51102 49480
51103 49484
51107 51384
51114 51387
51127 51417
51137 51450
51139 49579
51150 49575
51152 51473
51155 51433
51161 49551
51182 49629
51183 49630
51190 49588
51192 49587
51198 51502
51201 51493
51206 49649
51211 49668
51212 49656
51219 51519
51223 51514
51320 47436
51455 51688
51456 52879
51457 52859
51463 51669
51471 51702
51473 51739
51478 51744
51483 51716
51484 52865
51490 51722
51491 52901
51492 51728
51493 51729
51505 51741
51507 52894
51508 51732
51509 51761
51512 51751
51519 52922
51520 52923
51524 52938
51525 51799
51526 51775
51527 51759
51528 52934
51529 52935
51531 51758
51532 52947
51540 51765
51541 51784
51543 51817
51548 51819
51552 51797
51562 51828
51563 51829
51570 51791
51572 52959
51576 50055
51577 51833
51578 51802
51589 52967
51597 52978
51600 51896
51607 51910
51615 51908
51620 51906
51622 52987
51624 51911
51626 51928
51628 50257
51638 52992
51641 53005
51646 50249
51648 51913
51657 51925
51660 51944
51661 51929
51663 51919
51675 51936
51679 53019
51684 51931
51686 53027
51693 51960
51696 53037
51697 51970
51698 51986
51699 51979
51702 50354
51714 53074
51729 53048
51733 53051
51738 52021
51739 52022
51750 51993
51756 52053
51762 53082
51765 53085
51775 52062
51785 52067
51787 52078
51794 52092
51801 52102
51809 52060
51810 52097
51816 50534
51825 52117
51826 52118
51829 53131
51835 50575
51842 52103
51851 52087
51858 52088
51861 52116
51864 52138
51866 52130
51872 52136
51873 48395
51876 48411
51880 52126
51886 50644
51901 53206
51902 53208
51916 52184
51917 52185
51923 52159
51929 52217
51930 52218
51934 52208
51935 50670
51937 52214
51945 52229
51958 52239
51959 52240
51960 52235
51962 52219
51963 52220
51964 52245
51966 52269
51971 52252
51976 52276
52013 52283
52016 52325
52032 52335
52046 50852
52048 52315
52072 52386
52074 52344
52076 52387
52080 52349
52084 50921
52094 52351
52096 52380
52100 52365
52106 52392
52107 51056
52116 52411
52118 50989
52122 51059
52127 52415
52130 52424
52134 51047
52139 52435
52143 52401
52161 52421
52173 52451
52219 52503
52222 52537
52227 51181
52228 52532
52236 51130
52247 51138
52248 52539
52253 51220
52259 52578
52268 52538
52281 52566
52282 52567
52293 51202
52296 52590
52304 52569
52311 51285
52312 52574
52313 52606
52324 52595
52326 52601
52330 51280
52345 53522
52349 51340
52359 52659
52368 52672
52369 52665
52378 52680
52383 51372
52386 52673
52387 51408
52388 52677
52396 52668
52399 51416
52402 52682
52406 51412
52408 52700
52409 51434
52410 52711
52413 51436
52414 51451
52418 51415
52420 52693
52422 52710
52424 52703
52425 51424
52427 51462
52438 51442
52440 52732
52448 52735
52463 51496
52473 51505
52474 51488
52475 52759
52479 52756
52480 52760
52483 52762
52492 52772
52502 52758
52642 53657
52654 52886
52668 52903
52669 52883
52679 53689
52686 52941
52689 52915
52696 52916
52697 53715
52698 53722
52702 52940
52704 53730
52706 52928
52711 53726
52715 52954
52729 53741
52735 53752
52744 53751
52746 52993
52748 53001
52757 53011
52765 53003
52767 53012
52772 52996
52773 52998
52795 53038
52812 53030
52815 53797
52824 52004
52827 53040
52828 53065
52829 53053
52830 53066
52833 53800
52847 53107
52850 53096
52858 53108
52859 53116
52860 53815
52863 53083
52870 53114
52873 53130
52878 52081
52880 53143
52881 53142
52885 53150
52887 52119
52889 53146
52900 53147
52903 53137
52907 53141
52912 53160
52913 53156
52921 53166
52934 53210
52942 53218
52943 53196
52945 53227
52971 53895
52975 53220
52984 52254
52992 53239
52995 53263
53006 53270
53010 53277
53012 53918
53019 53279
53021 53269
53037 53302
53047 53296
53048 52346
53064 53297
53076 53963
53082 53303
53089 53338
53090 53322
53109 53351
53110 53353
53112 53378
53115 53358
53118 53363
53124 53371
53127 52463
53129 53375
53131 53386
53137 52473
53149 53395
53173 52481
53176 52493
53178 52542
53184 53453
53213 53468
53225 53455
53230 53492
53235 52565
53239 53473
53246 52608
53248 53487
53260 53502
53264 53506
53276 53515
53277 52650
53290 53526
53298 53537
53303 53530
53305 52678
53312 53534
53329 52688
53334 53549
53343 53575
53350 53581
53353 53582
53354 53583
53355 53576
53356 53593
53361 53590
53368 52729
53370 53592
53472 54156
53489 54468
53490 54469
53491 54162
53492 53685
53496 53690
53498 54164
53499 54160
53500 54168
53501 54169
53502 53709
53504 53714
53519 53735
53523 53757
53526 53733
53528 53740
53532 53753
53540 53767
53543 54189
53544 54182
53549 53770
53552 54198
53553 54199
53569 54213
53575 53812
53581 53805
53591 53825
53597 53815
53600 53840
53607 53851
53608 53848
53609 53849
53610 53827
53618 53856
53623 53866
53630 53875
53634 54258
53635 54259
53648 53858
53651 53893
53665 54262
53666 54263
53669 53909
53675 53895
53682 54281
53684 53919
53710 53945
53712 53932
53714 53947
53727 53958
53733 53966
53736 53951
53739 53967
53743 54334
53744 53972
53756 53970
53757 53351
53760 53378
53765 53371
53797 54012
53801 54007
53802 54008
53826 54039
53828 54027
53842 53477
53853 54061
53858 53515
53863 54071
53864 54075
53865 53526
53866 54073
53869 54081
53870 53534
53873 54085
53880 53547
53881 54089
53887 54094
53892 53579
53898 54093
53899 53587
53903 53594
53906 53597
53907 53598
53917 53603
53962 54151
53981 54172
53985 54175
53986 54171
53991 54173
53999 54184
54001 54183
54003 54185
54006 54483
54014 54492
54016 53782
54031 54210
54033 54219
54035 54214
54036 54220
54043 54234
54048 54238
54054 54231
54055 54244
54056 54245
54062 54235
54063 54240
54075 54260
54076 54254
54078 54253
54082 54284
54090 54292
54091 54293
54100 54289
54105 54305
54109 54306
54118 54307
54120 54319
54123 54318
54124 54327
54125 54328
54133 54562
54162 54349
54204 54045
54214 54396
54216 54386
54218 54392
54219 54397
54220 54398
54226 54401
54228 54078
54233 54410
54239 54095
54244 54108
54293 54473
54296 54471
54297 54669
54298 54472
54305 54481
54308 54486
54310 54491
54313 54494
54315 54681
54319 54498
54324 54509
54325 54510
54336 54690
54337 54523
54346 54530
54352 54528
54365 54542
54376 54552
54379 54549
54382 54724
54388 54557
54389 54558
54390 54325
54391 54326
54392 54560
54395 54564
54396 54565
54397 54563
54402 54578
54420 54591
54429 54388
54433 54604
54434 54605
54443 54611
54445 54612
54446 54613
54451 54620
54452 54621
54458 54418
54500 54660
54503 54804
54504 54805
54506 54806
54507 54676
54510 54677
54511 54678
54515 54824
54519 54684
54520 54685
54523 54835
54530 54689
54534 54695
54535 54688
54547 54707
54561 54710
54567 54724
54568 54715
54572 54571
54574 54733
54579 54740
54580 54741
54591 54747
54611 54768
54612 54762
54616 54771
54619 54772
54653 54798
54654 54799
54659 54913
54660 54814
54661 54809
54662 54810
54666 54817
54669 54820
54671 54825
54675 54927
54676 54828
54681 54832
54692 54852
54697 54858
54701 54867
54702 54864
54704 54737
54706 54872
54707 54743
54710 54875
54714 54876
54718 54761
54739 54901
54748 54979
54749 54912
54750 54916
54751 54915
54761 54928
54763 54986
54768 54941
54774 54948
54775 54867
54777 54870
54780 54951
54781 54952
54788 54957
54795 54885
54823 54980
54825 55019
54831 55023
54833 54982
54835 55029
54841 54988
54847 54996
54849 54995
54850 54999
54853 55002
54856 54954
54858 55008
54872 55022
54874 55064
54875 55026
54876 55030
54878 55027
54880 55035
54883 55038
54889 55042
54907 55065
54909 55067
54926 55075
54941 55088
