1716
89 11600
367 10769
425 40267
730 29883
859 29950
1218 18782
1219 18781
1279 29473
1289 19228
1481 18860
1515 18821
1590 18728
1618 19371
1803 29682
1804 29681
1869 18411
1899 34855
2044 18418
2121 18420
2127 18257
2185 18272
2222 18127
2239 17033
2256 18401
2285 18162
2300 18364
2345 17520
2371 17976
2406 16722
2430 28805
2499 17970
2557 16411
2563 18587
2774 18349
2803 17147
2834 16776
2864 16196
3033 17521
3074 17802
3514 28236
3550 15586
3557 17552
3645 17351
3741 28051
3845 28268
3915 16922
4119 15810
4206 28034
4349 14432
4415 28008
4457 16583
4467 27970
4519 27932
4539 27916
4583 1278
4608 15156
4680 27440
4715 16126
4732 14994
4910 27587
4947 18648
5010 13752
5235 27131
5279 15285
5538 15050
5592 27305
5670 14624
5746 27701
5770 15393
5814 27138
5866 27101
5916 26805
5923 26815
6175 26364
6317 13612
6333 26233
6334 26234
6387 13534
6437 14453
6452 13458
6467 26763
6508 12780
6532 14672
6640 26270
6703 14335
6818 13794
6876 14341
6880 14335
6883 13740
6970 14304
7092 14011
7150 14343
7160 12772
7247 12853
7532 12365
7570 12314
7575 13475
7665 13540
7676 12170
7779 12776
8007 12379
8051 12225
8130 12939
8150 25629
8159 25606
8232 25800
8260 25269
8284 12271
8357 39737
8364 25197
8368 25199
8369 25198
8393 25176
8411 25169
8484 25786
8509 11455
8511 9982
8636 12755
8839 11595
8958 12592
9121 24620
9140 42477
9245 9676
9254 24531
9304 10631
9316 25134
9462 24887
9502 25632
9530 11151
9650 11015
9666 10882
9721 11296
9755 10894
9921 10680
9925 10003
9976 10981
10107 8186
10144 11156
10175 10758
10270 24680
10341 24673
10402 9010
10425 10769
10497 8907
10498 8906
10512 24555
10625 8651
10651 23988
10674 23969
10873 10017
10893 6999
10909 24383
10941 24122
10942 24121
10980 24267
11008 8556
11009 8555
11020 7491
11026 8549
11037 24057
11058 8156
11204 23533
11225 24184
11303 9842
11400 9934
11404 7397
11420 24152
11446 23965
11452 50085
11853 7744
11855 7347
11894 8718
11986 7575
12039 23547
12158 9169
12188 7364
12293 5375
12383 8122
12525 23028
12568 23005
12569 23004
12678 22705
12745 40661
12791 33773
12822 22869
12909 6149
12926 7906
12927 22773
13158 8611
13175 4375
13176 4374
13178 8594
13236 8524
13555 5220
13600 5991
13623 22400
13712 22318
13748 22093
13936 3539
13951 23031
13964 21520
14333 4975
14409 22320
14418 22047
14424 22482
14436 6462
14518 21745
14552 21621
14646 21117
14679 3897
14681 2980
14703 6213
14762 3691
14860 22418
14987 20842
14997 5080
15077 3221
15140 31661
15152 21989
15163 4483
15164 4482
15323 6634
15352 5072
15385 6612
15499 4273
15658 20894
15674 4216
15733 20389
15918 30798
16072 3506
16238 4378
16277 3720
16311 3009
16533 9960
16586 3630
16743 3094
16765 4156
16801 3431
16807 19590
16863 3586
17032 2493
17317 2238
17647 36896
17803 2324
17981 4126
18067 3256
18302 2361
18318 1371
18403 3044
18455 2988
18513 2275
18578 20320
18598 19769
18604 21567
18704 3599
18796 2987
18797 2986
18849 2971
18875 2971
19115 1957
19328 29848
19413 29745
19737 29339
19743 29950
19774 29549
19775 29548
19915 19315
19919 37147
19954 19316
19955 19315
19975 19248
19987 30015
19988 30014
20007 37372
20025 29993
20038 30109
20122 18895
20200 30112
20259 29356
20282 29894
20288 29706
20309 37148
20415 19069
20424 19206
20490 29933
20494 29024
20507 29614
20555 29519
20584 37034
20594 18599
20595 18002
20600 29434
20642 36922
20643 28941
20653 36921
20765 29268
20786 29304
20789 29633
20790 18335
20801 29165
20870 28349
20880 28352
20912 36488
20926 18261
21036 17550
21071 28543
21214 36519
21217 28952
21218 28951
21245 29173
21366 29114
21389 28343
21390 28342
21426 17319
21445 36261
21598 17209
21658 16917
21771 28016
21830 36060
21842 26455
21930 28129
21984 27726
21985 27725
22043 36131
22099 35821
22147 35792
22149 27797
22165 27526
22182 27599
22202 27516
22227 27289
22233 36102
22241 16028
22265 15548
22321 15249
22347 15652
22355 35764
22367 35629
22388 27385
22469 15238
22486 35626
22516 27425
22519 35744
22539 27177
22571 27363
22597 27319
22609 27426
22637 14990
22657 27266
22674 27752
22708 15107
22732 14522
22745 35213
22746 14596
22755 35455
22767 27059
22768 27058
22773 14824
22783 15063
22797 27561
22809 26941
22822 14942
22825 35595
22864 35411
22868 26873
22895 35137
22897 35631
22898 35630
22906 14519
22907 14518
22923 14873
22967 26971
22991 35473
23020 26504
23047 26691
23075 13962
23179 26938
23192 26540
23211 26911
23229 27172
23348 26676
23365 13997
23366 13996
23373 34829
23378 35266
23379 26749
23382 34898
23448 13906
23501 13804
23504 26185
23533 34674
23554 34942
23579 26639
23582 13020
23583 26178
23584 26177
23610 26325
23611 26324
23612 26145
23673 26072
23703 35051
23716 26739
23734 26443
23735 26442
23815 25905
23853 26227
23880 25859
23885 25869
23898 26306
23940 12236
23956 34614
23965 25344
24073 34396
24166 34503
24228 26168
24297 25580
24360 11703
24427 25616
24436 25823
24463 26068
24518 12066
24522 34247
24547 25400
24563 11397
24589 11679
24654 11525
24679 25763
24684 25763
24695 25763
24736 11231
24816 33764
24832 25544
24933 33852
24960 24574
24961 24575
24983 11196
25027 33871
25078 33593
25086 10955
25107 33682
25118 34030
25190 10103
25233 10294
25276 24491
25403 24373
25560 23562
25617 33432
25691 34280
25875 23322
25878 33580
25921 8978
26009 8697
26042 32616
26048 33301
26051 33481
26082 9123
26085 8603
26164 33240
26181 33288
26257 32409
26258 9127
26259 9128
26307 33039
26311 24664
26335 32676
26389 23983
26452 8934
26495 32756
26505 22877
26522 24025
26587 32639
26670 32590
26684 32748
26685 32553
26729 7746
26826 7747
26855 8107
26985 31814
27036 7789
27038 7788
27278 7806
27373 23310
27406 7415
27432 31619
27445 31605
27454 6495
27455 6494
27464 7505
27526 31823
27553 7349
27567 7506
27568 7505
27661 7210
27662 7209
27697 32311
27737 23213
27776 31291
27777 22163
27879 22006
27906 22119
27921 32113
27970 21969
27997 21952
28101 20981
28128 23228
28155 22470
28157 21714
28180 21771
28182 21975
28188 31076
28259 21792
28272 21034
28453 31700
28519 21492
28527 21865
28531 31459
28565 21235
28571 21037
28674 21122
28707 4686
28781 21249
28789 21065
28844 31339
29025 3731
29083 20726
29163 30368
29202 4559
29340 20546
29405 4157
29450 4268
29451 4240
29455 21856
29509 21824
29510 21823
29511 4133
29556 3906
29601 21644
29691 6310
29721 21111
29859 3503
29899 3533
29908 19565
29991 2748
30021 14154
30310 37633
30321 37517
30383 17975
30387 37404
30466 37333
30495 37434
30501 42721
30568 37388
30586 37666
30659 37023
30729 37755
30764 42473
30771 37569
30789 30094
30792 37409
30794 42393
30824 37410
30847 29823
30870 37091
30878 30000
30891 29552
30900 30053
30918 37342
30943 36979
30945 37324
30946 37323
30947 30001
30995 37364
30996 42174
31001 36792
31002 29606
31035 37006
31045 37436
31129 36930
31131 36846
31206 29115
31223 37155
31259 29167
31260 29166
31268 37305
31269 37304
31288 29122
31302 36686
31309 37083
31310 37082
31322 29389
31330 29097
31383 42098
31393 29309
31427 37121
31464 36642
31530 42027
31652 28231
31815 41879
31830 28865
31836 36563
31845 36169
31953 28369
31954 28368
31970 28360
31972 41630
32013 28505
32093 35767
32112 41625
32124 36138
32146 36295
32165 41609
32169 27968
32172 36235
32209 36220
32396 35781
32538 36046
32547 41450
32577 27731
32596 27589
32608 35318
32621 35994
32623 41527
32651 35484
32665 35927
32671 41381
32679 41485
32708 41463
32714 27448
32717 41452
32718 41451
32751 35717
32752 27409
32757 35925
32775 41422
32789 35893
32802 41129
32827 35797
32843 27227
32850 27224
32866 35756
32882 26019
32886 35752
32898 27300
32899 27299
32939 27245
32940 35752
32962 41105
32998 27077
33025 26984
33042 35604
33055 34899
33080 41208
33081 41207
33103 26858
33157 26791
33165 35188
33171 13451
33222 35303
33262 26747
33273 41066
33312 41047
33352 35080
33353 35079
33410 34846
33421 34832
33426 35054
33434 35121
33435 34972
33437 35060
33488 40559
33509 34833
33518 40517
33541 40737
33581 26190
33587 26172
33617 40659
33631 40870
33712 34014
33713 34013
33719 25823
33720 34770
33721 40561
33732 35040
33763 34537
33788 40774
33825 40604
33925 34522
33926 34523
33943 34036
34012 40145
34023 25498
34024 40170
34043 25499
34051 25706
34093 34621
34161 40152
34162 34650
34176 33510
34181 40362
34197 40036
34198 40035
34217 40117
34271 33747
34323 40088
34381 25188
34397 24998
34436 33804
34530 34078
34531 24742
34547 33702
34565 39808
34577 33433
34578 33432
34709 39707
34718 33911
34771 39998
34835 39944
34913 39635
34918 39413
34957 39849
34965 33361
35015 34035
35070 33181
35097 34000
35098 34001
35167 39528
35268 33569
35275 39365
35287 32689
35296 39451
35331 40019
35363 33544
35364 24382
35449 33774
35462 33399
35463 33400
35740 33261
35759 38924
35760 38923
35840 38842
35896 31672
35961 32933
35963 32627
36016 31938
36035 23099
36063 32366
36070 38623
36114 38594
36119 33279
36166 32273
36184 32158
36246 32177
36253 43410
36306 22321
36341 22948
36364 32793
36374 38650
36403 33064
36420 38621
36440 23274
36443 33024
36448 22797
36469 31497
36474 31374
36510 38564
36532 31902
36533 31901
36590 31846
36614 32871
36718 38491
36732 31784
36810 31449
36825 38214
36871 30598
36886 31642
36889 32342
36903 31578
36998 30932
37006 21820
37012 21775
37110 22208
37144 21777
37175 31202
37241 31225
37244 37924
37270 31725
37275 31078
37313 37921
37340 30995
37381 38251
37425 30931
37432 30680
37433 30679
37455 30831
37472 30632
37498 30611
37595 31548
37750 38851
37814 21226
37908 30555
37935 30536
37950 30619
38015 37544
38016 37545
38234 42752
38244 42730
38287 42525
38332 37738
38364 42873
38395 42617
38421 42402
38432 37648
38438 42777
38468 35797
38478 42775
38494 37628
38527 42902
38540 42894
38541 42895
38547 16177
38583 37614
38597 37680
38598 42833
38608 42674
38630 37451
38649 37550
38652 42664
38656 37393
38662 37311
38664 46405
38665 46404
38666 46304
38667 46398
38685 37338
38706 42739
38707 42738
38711 37447
38715 46313
38717 42541
38726 42533
38728 46351
38744 46227
38759 37376
38763 42316
38767 46158
38771 46141
38776 42280
38789 42107
38791 37186
38802 42452
38814 46415
38848 42487
38859 42100
38903 37136
38919 48952
38941 42517
38949 42373
39063 41982
39078 41971
39157 45844
39172 36605
39188 42102
39190 41879
39213 42087
39263 41807
39289 41930
39322 36652
39341 41736
39347 36609
39365 36420
39375 41846
39401 45866
39415 45731
39422 36501
39439 45722
39444 41826
39450 36266
39488 45612
39502 45670
39503 45671
39505 44988
39534 36150
39584 41722
39653 41714
39698 41276
39731 45532
39742 41260
39750 35899
39758 41243
39767 41698
39770 45528
39777 35843
39778 35844
39789 41214
39792 35710
39793 35709
39799 35980
39819 35798
39825 41440
39827 35925
39830 45394
39838 41706
39852 45439
39865 41478
39866 41477
39883 35747
39918 45496
39944 41020
39958 41306
39998 45430
40039 45406
40045 41208
40046 41207
40047 41523
40070 35300
40083 26926
40103 41153
40109 35332
40133 40808
40149 35240
40169 41278
40218 26414
40271 35047
40297 35328
40298 41184
40435 40677
40436 40676
40447 41138
40502 41009
40529 41069
40530 40970
40550 41055
40557 35011
40567 34536
40620 40787
40635 34853
40640 40731
40642 34817
40644 40376
40659 34802
40665 40732
40669 7753
40685 40861
40746 40170
40762 44636
40782 34618
40799 40882
40819 40845
40939 40214
40981 39963
41023 44536
41025 34264
41058 40158
41059 40157
41085 40413
41097 40114
41107 40502
41145 40524
41146 40525
41202 39994
41222 39998
41230 39981
41266 40206
41267 44447
41281 39452
41296 44223
41336 39921
41355 39909
41427 44130
41443 39658
41449 39733
41467 44193
41598 44059
41622 40050
41662 44101
41663 39956
41673 33771
41685 39171
41753 33277
41774 33247
41822 43891
41832 39093
41877 33546
41878 33545
41885 44017
41886 44016
41903 43644
41904 43645
41920 33052
41932 39052
41949 32991
41981 32940
41989 43734
42061 32948
42088 39090
42095 39292
42097 43655
42112 43629
42122 38985
42124 43785
42128 32865
42169 39078
42200 39466
42228 32713
42229 39428
42243 32679
42269 38967
42284 43788
42312 32879
42313 39002
42314 43503
42348 38889
42349 47069
42351 39040
42396 38832
42397 38831
42405 32463
42412 43620
42458 38872
42473 32579
42484 4699
42499 38857
42502 43085
42619 38092
42643 43325
42644 43324
42690 38904
42761 38445
42824 32105
42837 32083
42893 21831
42895 38309
42920 38219
42921 38218
42985 31832
43043 38826
43081 38200
43132 36611
43220 49213
43320 46470
43337 46510
43355 49122
43379 46406
43401 49097
43419 49077
43421 46654
43422 46653
43425 49076
43463 46621
43465 46604
43467 42929
43478 46380
43483 42846
43484 42845
43488 46649
43489 42923
43490 42922
43512 42770
43516 46563
43527 46615
43545 42888
43550 42660
43568 42859
43576 49011
43578 42860
43583 42635
43598 49087
43602 46650
43609 49092
43610 49091
43623 42751
43656 49018
43667 42742
43701 46525
43723 46402
43731 46265
43738 48957
43746 48863
43747 42433
43762 46463
43791 42150
43831 42504
43832 42505
43838 48854
43955 45992
43992 42300
44052 45766
44053 45767
44061 45749
44062 42256
44139 45942
44211 45926
44242 45818
44267 45784
44303 41963
44305 41761
44330 45761
44337 45752
44389 48494
44427 48464
44436 45813
44437 45812
44438 41617
44451 48539
44463 45779
44464 45778
44490 45533
44522 41581
44548 45474
44561 45457
44568 48336
44576 45453
44584 45677
44595 45438
44600 45433
44631 45393
44642 48276
44654 48402
44662 41457
44671 45339
44675 41286
44682 45070
44685 45328
44697 41297
44712 45278
44721 48305
44738 45387
44755 41311
44756 41310
44774 45358
44920 48125
44958 40986
44966 48155
44976 45308
45007 40946
45008 45226
45020 45052
45023 40896
45033 47935
45061 40398
45081 47907
45090 47999
45100 44709
45107 45162
45108 45161
45112 44725
45118 40910
45119 45142
45124 45145
45129 47849
45130 47848
45131 45125
45132 45124
45134 47914
45148 45086
45169 44828
45170 45087
45178 44762
45204 40702
45205 40627
45210 44814
45220 40721
45246 44904
45247 44905
45257 40533
45258 40532
45267 40471
45272 44835
45273 44589
45299 47900
45310 47712
45312 47696
45316 44600
45325 40350
45331 44772
45347 44612
45350 44588
45367 44746
45380 44581
45391 44569
45415 47555
45425 44466
45451 44699
45455 47782
45481 47735
45509 47749
45511 47697
45533 44404
45534 44403
45573 47688
45595 44313
45597 44556
45598 40044
45722 47480
45782 39883
45792 47452
45813 43834
45825 39855
45856 44572
45857 44571
45895 47385
45900 47566
45909 44521
45910 47529
45973 39554
45981 43977
45982 44454
46056 43934
46085 43802
46087 43633
46121 39509
46130 43950
46131 43951
46132 43853
46140 39502
46151 43841
46165 43362
46166 39674
46168 44112
46178 43668
46190 47234
46193 47149
46204 39574
46218 39390
46225 39424
46231 47077
46259 39216
46284 43591
46286 43729
46368 43464
46380 43555
46397 39154
46402 43439
46422 43481
46524 46793
46603 43167
46613 46870
46617 46873
46624 43269
46743 43197
46898 49201
46913 49293
46954 49159
46955 49158
46957 51049
46994 46685
47005 49079
47058 46648
47059 49249
47064 49089
47079 49110
47119 49312
47131 42860
47133 46544
47134 46553
47136 49180
47141 46531
47144 49167
47173 50921
47180 46582
47184 46437
47189 48930
47229 46533
47267 48944
47291 50815
47339 49024
47362 46121
47384 50828
47385 46359
47398 50740
47401 50816
47418 50733
47431 46183
47439 48712
47477 48915
47480 48762
47505 50734
47519 48891
47528 46094
47530 48924
47554 50751
47651 48587
47652 48588
47684 48655
47685 48654
47730 45773
47736 48704
47758 48684
47762 48566
47771 45398
47777 48559
47779 50547
47799 48401
47800 48592
47823 48356
47829 50453
47840 48502
47864 48499
47898 50413
47913 48441
47914 48440
47929 48433
47932 45620
47940 48417
47953 45641
47959 45619
47968 48398
47981 50465
47982 45462
47993 48475
47997 50504
48036 51862
48066 48497
48099 45469
48100 45470
48122 50290
48157 35203
48167 45294
48278 47998
48302 50189
48327 45055
48377 47787
48387 51679
48388 44959
48397 45079
48408 48001
48416 50049
48417 44872
48425 48070
48426 48071
48460 50148
48471 50108
48474 47985
48475 47862
48478 47874
48498 50104
48522 47772
48561 49948
48570 50026
48573 47609
48582 47890
48590 49990
48591 47881
48617 47720
48619 49999
48626 47855
48643 47842
48645 49883
48674 44617
48697 47839
48735 44550
48744 44706
48765 44500
48770 49842
48814 47261
48830 47736
48873 47384
48882 40001
48886 44521
48887 49803
48890 49766
48891 47524
48913 49865
48918 44251
48939 47582
48943 49752
48950 49610
48956 44409
48962 45469
48975 47463
49079 47292
49095 47445
49105 47243
49204 43738
49239 43928
49248 49614
49295 49435
49305 47337
49307 47081
49331 46798
49425 43760
49502 46927
49668 52326
49698 52269
49706 51151
49713 51113
49757 49295
49770 49164
49794 52217
49797 49165
49806 51035
49848 49105
49855 49094
49865 46370
49866 49074
49882 50987
49883 52147
49889 52138
49894 50893
49907 50971
49922 50816
49958 50803
49975 50746
49996 50939
49997 50937
50017 52059
50034 50755
50052 52117
50066 50723
50075 50701
50084 50799
50092 50702
50098 48811
50133 48754
50149 48686
50159 48659
50163 50589
50174 52015
50189 50549
50195 48634
50202 48592
50204 50611
50206 50468
50218 50460
50247 51965
50252 50538
50254 50416
50258 51913
50271 50406
50272 50629
50275 51900
50283 51963
50284 51959
50338 50334
50341 48475
50348 51887
50361 51838
50375 50417
50380 48526
50382 48481
50389 51862
50392 48381
50434 50422
50445 50434
50460 48361
50479 52776
50484 48329
50529 48181
50541 51745
50545 50409
50584 50165
50593 50308
50617 51761
50624 51679
50636 51663
50653 48070
50654 48071
50665 51709
50672 50134
50686 51693
50710 50090
50769 50155
50770 50154
50771 47908
50776 51573
50777 50133
50787 50118
50788 50117
50805 47886
50808 49966
50834 49870
50874 49839
50904 50028
50909 50019
50913 51635
50930 49757
50948 51432
50962 47817
50984 49878
50986 44497
50994 47655
50996 51505
51038 47746
51058 49942
51066 49785
51074 51482
51088 49562
51132 51447
51137 51351
51143 47283
51144 47282
51149 49691
51152 49731
51174 51415
51184 49634
51206 49636
51212 49625
51213 49590
51216 44031
51224 49588
51225 49587
51357 49453
51371 46915
51373 51226
51404 49663
51504 52297
51528 52374
51529 52373
51531 53136
51564 53124
51577 52344
51586 51159
51599 51057
51600 52309
51626 51022
51638 53109
51649 52213
51665 52253
51679 53076
51714 52192
51716 52080
51728 53018
51765 52108
51786 52962
51794 50737
51795 50736
51811 50742
51829 52096
51842 52938
51858 51952
51859 52044
51861 51993
51864 52006
51877 52072
51882 50675
51896 50639
51920 51963
51922 52864
51932 51945
51937 52886
51938 52885
51939 52828
51945 51924
51960 51914
51964 51907
51966 51938
51971 51898
51974 50496
51976 51925
52013 52802
52016 50389
52030 51836
52032 51863
52047 51845
52048 52763
52071 51794
52072 51793
52076 51795
52105 51812
52107 51757
52116 50286
52121 50224
52122 50223
52136 51743
52139 50235
52157 52723
52173 51760
52227 51627
52230 51563
52231 50102
52281 51655
52282 51654
52312 51478
52324 51460
52326 51677
52386 51408
52399 51473
52402 51394
52408 51466
52409 51474
52421 49862
52448 51444
52462 51404
52463 49632
52473 51388
52492 52510
52503 51363
52514 51340
52526 52568
52531 51346
52697 53176
52758 53089
52771 53122
52796 53021
52811 53625
52815 53620
52821 52993
52829 52211
52865 53554
52895 52097
52900 52076
52918 53000
52975 53497
52985 53490
52993 52912
53082 53427
53084 52745
53113 53424
53129 51779
53172 52656
53235 50137
53246 51637
53254 52677
53294 52586
53298 52627
53363 52460
53371 52438
53401 52496
53446 53220
53526 53171
53529 53165
53542 53689
53565 54008
53575 53614
53591 53594
53597 53557
53618 53570
53620 53551
53636 53935
53665 53929
53666 53928
53672 53549
53681 53902
53682 53895
53684 53532
53686 52912
53709 53475
53714 53498
53733 53479
53736 53496
53745 53447
53756 52807
53787 53830
53794 53826
53824 53441
53827 53364
53853 53774
53864 53351
53865 53376
53897 53300
53910 53241
53929 53284
53991 53713
54003 54268
54006 54264
54011 54262
54033 53986
54094 53926
54105 53930
54109 53919
54118 53931
54125 53883
54129 53486
54150 38676
54204 53824
54220 54088
54226 53794
54284 54426
54291 54278
54312 54400
54336 54389
54342 54380
54346 54240
54376 53916
54390 53891
54397 54353
54402 53876
54429 54144
54430 54145
54433 54135
54434 54134
54441 54115
54458 54083
54476 53747
54498 54416
54505 54512
54508 54282
54511 54270
54528 54391
54529 54392
54530 54388
54540 54378
54565 54479
54569 54194
54579 54355
54632 54447
54673 54634
54674 54633
54691 54485
54697 54554
54707 54354
54710 54348
54727 54451
54774 54481
54781 54475
54794 54601
54799 54454
54824 54590
54853 54551
54875 54697
54889 54689
54898 54654
54904 54702
54905 54703
54907 54621
54908 54622
