1210
169 18317
291 29901
463 29780
583 29752
731 37942
749 29657
886 29530
949 29481
1086 29468
1108 29505
1202 17619
1218 17341
1289 17430
1299 29351
1316 18131
1326 17474
1403 29256
1458 17320
1466 17374
1515 29452
1615 17223
1659 29369
1663 17647
1664 17646
1700 17206
1786 17033
1830 17757
1930 28922
2130 28856
2182 16447
2198 28750
2239 28726
2285 16446
2288 28702
2308 28654
2321 16444
2345 28693
2371 16397
2373 15951
2563 17190
2591 28562
2653 15642
2828 16022
2864 15343
3083 15141
3225 36775
3226 36774
3474 36674
3507 15903
3549 27799
3658 36602
3707 27725
3741 36558
3742 27700
3765 27635
3808 27606
4119 14098
4142 13945
4292 27377
4310 27349
4441 27274
4501 14356
4563 27181
4608 27123
4661 13956
4706 13922
4737 36165
4864 26985
4892 26960
4910 26935
4944 13479
4982 13467
5285 26769
5290 26680
5320 13108
5515 26776
5555 13110
5592 26501
5670 12582
5706 42160
5709 12521
5760 39577
5814 26314
5820 12431
5866 26282
5916 26278
5917 26277
5941 26273
6126 26004
6294 35332
6333 25888
6464 12075
6883 11670
6974 12347
7171 11400
7243 25627
7247 10927
7299 25551
7443 34701
7570 10356
7588 49229
7653 11143
7654 11142
8232 9545
8348 9364
8354 6456
8368 24639
8417 24606
8484 24698
8499 9662
8509 8755
8598 9485
8778 8035
8800 24491
8995 24186
9006 9971
9254 24039
9381 9153
9502 24805
9716 8784
9741 7589
10100 23593
10107 6616
10128 23509
10342 23364
10372 6262
10618 23301
10625 6140
10676 6514
10707 6080
10924 5762
10925 5761
10942 5730
11026 5803
11036 5620
11058 5645
11142 5457
11446 5206
11550 5424
11691 5283
11894 6598
11953 4553
12123 4911
12160 6240
12564 5847
12678 22118
12749 4311
12750 4310
12822 4216
13041 21746
13042 21745
13077 5574
13078 5573
13192 3784
13206 3862
13235 21940
13255 21925
13460 3573
13957 22693
14017 4130
14474 21199
14501 2444
14679 21051
14812 20364
14815 5454
14860 3185
15125 1745
15141 3128
15499 2205
15660 4275
15697 2000
15701 1799
15723 4593
15803 4494
15880 12276
16080 1636
17441 286
17632 2040
17633 2039
18077 1464
18141 272
18403 1226
19250 19000
19306 30360
19344 19424
19360 38292
19366 29969
19400 29920
19413 29896
19434 30575
19448 38064
19549 30069
19649 30342
19658 18900
19850 37766
19926 29635
19951 30116
19988 37812
20007 37710
20019 29465
20038 29533
20122 29502
20171 29804
20174 29451
20259 37520
20265 29345
20309 37474
20310 29056
20311 29055
20417 29173
20441 29604
20512 29030
20515 37203
20597 28933
20601 37201
20642 28586
20720 28392
20804 28323
20825 28638
20828 28286
20900 28242
20985 36962
21039 28899
21237 36967
21281 14744
21282 14743
21375 36634
21449 36569
21579 27521
21861 16293
21872 14914
21984 36173
21985 36172
22043 36134
22099 36125
22147 36086
22149 27129
22165 26894
22196 36008
22233 36130
22237 36009
22306 41292
22321 26923
22473 26615
22519 35699
22539 26367
22577 26468
22594 26459
22609 26655
22637 13166
22642 35618
22706 26893
22732 26447
22767 35646
22769 35533
22816 26210
22831 35485
22833 26190
22897 35526
22898 35525
22927 12629
22967 26082
22971 35361
22983 35447
22992 35359
23015 35312
23020 35333
23075 11853
23157 35246
23179 26000
23303 35089
23348 25753
23371 35038
23379 25844
23391 25829
23418 35051
23512 11219
23583 25429
23584 25428
23705 34802
23755 34746
23779 10291
23808 34739
23815 25133
23853 25301
23940 9924
23941 25014
23942 25013
23956 24806
23965 24828
24073 34295
24166 34323
24219 25038
24231 24861
24297 24439
24376 24377
24436 9606
24462 25194
24463 25195
24478 9854
24572 24333
24650 9654
24832 24714
24839 9124
24897 24007
24904 9035
24905 8540
24906 8539
24912 33648
24958 36552
24968 33597
24977 33593
25012 25534
25055 33552
25056 33551
25078 33516
25097 24371
25118 23379
25233 8300
25275 23217
25276 23216
25277 23297
25310 7985
25338 8221
25499 24032
25607 7365
25652 22822
25737 33019
25920 24021
26085 6482
26086 6480
26187 23538
26389 5818
26452 7078
26505 22218
26522 5925
26587 22099
26684 21725
26738 6809
27089 5460
27278 23232
27378 4762
27439 31941
27618 31401
27647 31326
27662 5469
27681 31326
27700 31349
27701 31401
27727 31401
27777 21317
27819 21060
27820 21059
27831 21105
27879 21158
27913 21219
27969 21721
27993 21098
27997 21101
28019 2288
28021 4501
28052 3479
28122 22546
28126 21009
28239 32860
28369 4413
28484 4186
28506 4102
28932 20175
29083 20035
29101 3264
29102 3265
29228 20989
29237 21571
29450 2490
29472 1513
29509 2410
29510 2409
29609 1431
29674 23843
29848 35803
29899 1851
30006 11077
30142 43761
30187 43692
30190 38492
30191 38491
30269 38419
30270 38418
30290 43610
30295 37935
30296 37936
30309 38024
30310 38023
30367 38350
30372 30246
30435 37862
30438 43427
30488 37870
30501 47348
30524 37712
30534 37749
30586 37797
30629 43145
30681 43142
30721 37620
30722 37621
30739 43100
30782 37593
30892 42975
30925 42980
30996 42873
31001 37221
31019 37350
31037 42885
31045 37576
31049 42892
31129 42811
31130 42800
31206 37136
31233 29031
31259 37182
31260 37181
31272 29054
31274 42700
31275 42699
31302 42663
31306 37065
31384 31539
31413 7671
31463 36729
31566 27844
31641 18643
31642 42422
31684 27862
31704 36675
31862 42320
31887 36609
31910 36588
31962 42229
32014 36402
32112 42134
32165 42092
32178 42095
32192 42050
32222 42023
32297 45798
32340 41912
32361 41928
32379 46317
32396 35752
32405 41886
32499 35781
32507 41803
32508 41804
32537 36052
32538 36051
32547 41778
32577 26961
32596 26738
32621 35936
32679 41666
32697 41652
32698 41651
32708 41645
32726 26531
32775 41591
32795 26120
32797 35510
32800 41595
32882 41469
32886 26461
32889 41506
32940 26461
32998 35597
33055 35016
33063 35052
33080 35044
33081 35043
33157 26063
33158 35369
33177 35182
33222 35179
33230 34863
33249 25420
33259 34823
33260 34829
33312 41214
33410 34622
33421 34613
33426 25180
33434 34991
33435 34605
33437 34779
33509 34383
33541 40987
33617 40896
33625 34546
33631 40885
33696 9979
33736 25250
33799 25167
33826 40674
33848 25105
33964 33761
34012 40517
34016 34346
34023 24655
34024 40529
34026 24768
34034 40525
34040 33848
34147 40413
34174 40402
34197 40384
34198 40383
34217 40397
34317 24266
34323 40318
34475 33321
34530 33842
34565 45110
34588 33178
34624 33205
34654 33093
34918 39949
34957 32791
34958 32945
34965 22474
35039 40017
35091 23452
35273 23071
35287 32602
35296 32588
35320 23048
35330 23063
35364 23677
35428 22998
35466 23584
35536 32335
35760 31759
35851 23231
35868 31994
35896 31650
35913 22463
36016 31898
36035 22279
36045 39051
36124 22944
36157 22879
36221 33104
36306 21525
36385 20862
36411 21090
36440 22589
36443 32955
36469 31480
36538 3489
36578 21558
36620 31621
36655 20743
36658 32751
36659 32750
36814 20580
36903 31487
36904 31486
37006 21042
37062 20222
37144 20875
37175 20073
37195 30900
37213 20065
37253 32206
37270 20781
37340 30977
37580 13743
37584 20981
37814 20386
37817 288
38015 43600
38016 43601
38034 38273
38051 38465
38073 43692
38074 43866
38100 47558
38106 50252
38107 43530
38143 43611
38144 43610
38253 43714
38263 37862
38277 37894
38278 37893
38284 43460
38287 43316
38298 37878
38308 47265
38332 43444
38344 47359
38349 47234
38361 38121
38421 43145
38445 43208
38446 47172
38478 47266
38500 43263
38505 47190
38522 47151
38527 43451
38529 37632
38555 43169
38595 42982
38612 47168
38663 43052
38666 42963
38668 47049
38676 42928
38681 43005
38682 47019
38707 43274
38715 47000
38717 43015
38744 42850
38757 42821
38763 46969
38771 46945
38788 47023
38789 42761
38792 47021
38815 46923
38817 42730
38846 49845
38848 42818
38864 46888
38940 42775
38941 42979
38949 42771
38950 42768
38961 46787
39169 46626
39213 42415
39254 36594
39263 42267
39289 46606
39415 46469
39422 36613
39431 46522
39439 46454
39444 42167
39462 46444
39492 46399
39503 46409
39530 46356
39532 46383
39629 46330
39649 46220
39658 46261
39667 41860
39731 46178
39742 46164
39758 41664
39770 46160
39788 46128
39789 46127
39792 41822
39793 41821
39825 46114
39864 41552
39904 46079
39906 45981
39973 46019
39974 45955
40005 41379
40022 41432
40035 41358
40039 45972
40045 45950
40046 45949
40107 35182
40128 41317
40218 41452
40254 35181
40308 45716
40323 34747
40347 35220
40348 35218
40468 34907
40529 41257
40530 41162
40660 34414
40665 40789
40673 45472
40746 40529
40762 45304
40799 34425
40800 34424
40814 45329
40882 40350
40939 40347
41053 45164
41062 48625
41229 40128
41230 40067
41266 40420
41385 40344
41395 44920
41412 44908
41427 44889
41443 39799
41570 39830
41600 39688
41619 39639
41710 39682
41822 44610
41838 33028
41862 32404
41901 39736
42024 39561
42038 32649
42039 32650
42061 32572
42116 240
42122 39351
42124 44468
42129 21993
42186 33008
42208 31869
42218 39122
42230 31846
42243 32357
42251 32943
42267 32923
42297 32859
42325 32181
42333 39583
42382 31567
42383 32392
42423 38790
42427 21658
42596 38959
42641 39364
42677 23249
42769 39614
42985 31771
43213 43855
43274 47376
43277 43772
43278 43771
43280 50150
43320 47346
43333 50120
43334 50119
43335 43490
43355 50108
43372 47355
43378 50097
43379 50096
43400 50078
43406 50083
43419 50064
43447 47479
43465 50049
43467 47363
43488 47253
43493 47216
43520 43440
43534 47309
43545 47372
43557 49961
43576 49957
43577 49953
43583 43093
43594 47043
43600 47123
43601 47048
43606 49918
43609 49936
43610 49935
43656 49898
43661 46980
43681 49879
43698 47051
43700 43113
43701 43112
43738 49838
43856 49759
43867 49720
43884 49701
43938 49689
44061 46553
44094 46602
44139 46555
44142 49495
44191 46588
44211 46524
44240 49415
44251 46359
44294 46412
44300 46331
44330 46307
44333 49375
44337 49378
44382 46255
44521 41838
44531 46063
44541 46045
44560 46034
44565 41772
44576 46028
44595 46006
44599 46008
44643 41716
44654 49121
44664 45901
44682 45783
44697 46039
44708 49059
44712 49068
44722 45855
44774 41267
44789 45854
44793 45946
44920 48876
44966 48773
44986 48796
45008 41204
45020 45546
45023 34479
45033 48738
45061 45447
45068 45416
45087 48731
45112 45343
45125 45338
45129 48640
45134 48632
45162 45317
45169 45318
45178 45224
45180 48605
45204 40866
45210 45328
45254 48534
45257 40746
45258 40745
45310 48504
45319 45066
45327 45105
45380 45055
45415 44964
45424 40438
45425 44961
45451 45277
45454 44968
45455 44967
45481 44919
45533 44914
45564 45212
45565 39893
45585 44839
45738 40184
45784 40155
45856 40371
45857 40370
45886 40064
45895 44592
45909 40300
45982 40238
45993 44474
46050 40174
46109 40121
46115 44476
46127 44603
46128 44593
46132 44508
46151 39387
46153 39705
46158 40074
46171 39644
46178 44381
46236 39981
46270 44319
46310 39885
46333 44555
46392 23274
46422 38966
46494 39316
46512 39180
46516 44672
46702 39297
46898 50201
46914 50355
46916 52122
46941 50175
46970 47566
46971 52099
46972 50189
47005 52030
47022 53374
47064 50035
47082 51988
47144 50007
47154 49984
47159 51945
47181 47242
47191 49969
47207 49924
47229 50048
47233 49905
47250 51891
47285 51865
47339 49854
47352 51803
47382 51789
47389 51784
47398 53189
47411 51778
47461 49602
47528 49694
47547 51698
47554 51693
47572 46603
47573 49539
47630 49476
47642 51635
47714 51536
47729 46403
47736 46406
47760 51518
47762 51507
47784 49290
47799 51469
47800 49322
47875 52947
47876 52946
47888 46256
47892 49170
47913 49155
47914 49154
47929 49150
47939 51399
47957 49119
47968 49120
48036 52858
48140 48970
48162 48865
48167 45872
48187 40964
48234 45755
48256 48798
48278 48750
48302 51084
48332 53839
48378 48673
48387 50993
48417 40715
48459 48525
48460 48524
48471 50922
48474 48697
48582 48599
48616 45204
48619 48342
48626 45192
48647 48307
48687 48313
48735 45147
48744 45327
48765 45111
48807 50716
48813 48162
48873 48191
48890 48166
48932 48354
48956 45090
48965 44973
49075 48039
49077 39664
49084 44703
49105 44333
49117 48035
49146 44854
49204 44412
49248 47928
49251 47910
49368 44623
49381 44605
49472 44409
49517 44355
49593 53433
49633 50281
49668 54253
49685 52061
49688 52124
49722 53331
49790 54191
49794 51922
49807 53268
49826 51937
49844 51918
49850 51924
49872 53265
49892 53218
49908 53200
49920 53190
49922 51780
49975 51721
50052 53133
50065 53111
50075 51642
50092 51657
50133 49502
50174 53015
50190 49424
50202 49322
50204 51508
50206 52981
50218 51448
50251 51481
50252 51450
50255 53923
50260 52946
50275 53934
50284 51417
50295 52949
50296 52948
50348 52887
50371 51356
50380 49237
50389 52858
50453 48836
50460 49090
50484 49058
50530 48839
50541 52729
50584 51077
50594 52693
50617 52707
50619 52670
50624 50993
50636 50992
50769 48627
50770 48626
50787 48571
50788 48570
50806 50819
50822 48699
50834 50818
50875 50944
50897 50935
50904 48452
50962 48574
50984 50806
51019 52427
51020 52426
51095 50886
51150 48025
51152 50645
51185 48121
51212 47947
51216 44755
51401 7404
51404 50627
51422 50610
51483 53491
51492 52200
51493 52199
51503 54271
51504 54257
51516 54833
51520 53408
51528 54264
51531 54239
51541 53414
51545 53349
51552 52095
51577 53344
51578 53415
51583 54205
51587 54201
51675 53294
51716 53146
51765 54054
51825 51593
51831 53988
51833 2258
51842 53021
51858 52992
51861 53974
51864 53006
51872 51584
51937 52916
51938 52915
51942 52940
51945 52904
51948 51373
51960 52894
51962 53897
52013 53846
52047 51237
52071 52751
52072 52750
52076 52748
52080 52731
52081 52732
52107 52701
52116 51187
52122 51079
52134 51164
52165 40270
52192 52593
52222 52551
52227 52539
52279 50798
52281 50934
52282 50933
52304 52484
52312 52457
52326 50985
52386 52382
52396 50891
52399 52425
52408 52417
52409 50672
52421 50761
52440 52501
52445 52302
52492 52341
52503 52329
52517 50751
52642 54862
52697 54251
52722 54806
52745 54773
52828 54731
52848 54057
52850 54066
52860 54692
52885 53066
52889 53999
52897 54664
52903 53981
52907 54658
52918 54012
52975 54592
53084 53803
53098 54537
53129 52769
53158 53731
53254 52575
53301 50820
53396 53565
53424 52369
53493 55195
53529 54825
53534 55172
53565 55392
53582 54728
53591 55136
53598 55130
53665 55098
53666 55097
53681 55073
53684 54609
53712 54549
53733 54545
53756 53842
53767 44337
53827 54445
53880 53724
53897 54392
54006 55414
54033 55379
54048 55366
54049 55365
54105 55084
54109 54596
54124 55052
54125 55051
54129 55045
54156 54561
54157 54560
54223 53753
54226 54953
54250 54941
54284 55596
54292 55587
54296 55581
54298 55203
54353 55542
54379 55326
54397 55511
54402 55050
54429 54993
54430 54994
54433 54987
54434 54986
54458 54922
54498 55704
54505 55692
54509 55683
54576 55527
54661 55771
54669 55764
54691 55744
54749 55819
54875 55873
54878 55872
54924 55865
