1476
583 18889
1108 29954
1197 19090
1279 18843
1585 18388
1704 18287
2288 29539
2289 29540
2345 18686
2509 29427
2803 18407
2830 17124
2834 17924
2864 17083
3041 18017
3227 19266
3257 19230
3349 18962
3362 19141
3807 16841
3845 17478
4071 18692
4072 18691
4080 17835
4172 18404
4186 31074
4380 18237
4415 17095
4441 17072
4467 17048
4502 17705
4583 13686
4608 16558
4611 16887
4754 18021
4799 17975
4910 28444
5081 15131
5235 15051
5444 17171
5486 17422
5538 16826
5656 17170
5751 17227
5824 17211
5855 14686
5910 17422
5916 14679
5917 14678
5927 27655
6155 14578
6325 16032
6399 15121
6413 15592
6425 15583
6437 15988
6508 13776
6532 16345
6773 16187
6970 16008
6977 14538
7247 14341
7299 14146
7353 27382
7752 15126
7854 13667
7967 14318
7986 13517
8051 14141
8120 14734
8232 13231
8299 13647
8369 26028
8434 13708
8521 13858
8620 12836
8778 13178
8793 13167
9059 13909
9092 12767
9352 26657
9375 12858
9377 13664
9463 25829
9502 12922
9650 12894
9708 12484
9754 12793
9755 12792
9827 12731
9828 12730
9913 12373
9922 12625
10107 9559
10109 13049
10403 11666
10421 11747
10422 11746
10449 11716
10450 11715
10459 26039
10625 10850
10688 24953
10689 12785
10788 24680
10924 10373
10980 25648
11008 10981
11026 10979
11027 10978
11037 10194
11042 25622
11213 25555
11393 26111
11420 25557
11625 24497
11710 25463
11773 11688
11894 10586
12039 24890
12188 9791
12293 23212
12525 23873
12568 23860
12569 23859
12575 9778
12589 9323
12678 23466
12681 10650
12682 10651
12699 10675
12738 9022
12749 23791
12750 23790
12760 23793
12772 23773
12810 7414
12822 23741
13178 10233
13241 23473
13255 32969
13307 10081
13457 23794
13481 4913
13701 22958
13741 22416
13774 22343
13780 23598
13907 22401
13916 8027
13964 22314
14006 22299
14191 28530
14342 4933
14418 23006
14439 7479
14485 22566
14525 23203
14526 23202
14574 22961
14589 7816
14590 7815
14594 23480
14679 22447
14895 31965
15123 23199
15184 6647
15397 22883
15419 7769
15429 31757
15499 5983
15521 21959
15571 48870
15619 6848
15620 22815
15646 21278
15662 21132
15689 22756
15733 21082
15808 22829
15833 31736
16164 20604
16259 2703
16277 5496
16303 52022
16328 4446
16338 22066
16459 21050
16708 21893
16743 4693
16765 5777
16775 52780
17032 21752
17054 21753
17057 6328
17058 6327
17175 21608
17209 3767
17240 1809
17539 19904
17622 21429
17977 5634
18067 4842
18278 2594
18403 4648
18436 4617
18455 4664
18985 21422
19126 2078
19413 29912
19628 29691
19971 29631
20309 29659
20361 29897
20427 19419
20538 29432
20621 29077
20643 29432
20694 29542
20715 29369
20720 28891
20756 37273
20757 37272
20777 19097
20864 19297
20886 18792
20900 28804
20902 19238
20912 42331
20930 19117
21027 19043
21085 29976
21097 19320
21098 19319
21142 29069
21151 29963
21214 36996
21366 18820
21406 18379
21425 18677
21426 18676
21507 29722
21508 29721
21551 48687
21614 18497
21718 18425
21803 18241
21826 17798
21862 18038
21880 17686
21905 28754
21916 17657
21984 28549
22085 17885
22182 28489
22196 28465
22200 17445
22215 16522
22223 28964
22233 28534
22241 17613
22265 17172
22321 17036
22347 17503
22387 28329
22407 17405
22442 41851
22448 16355
22478 16995
22516 16233
22597 28337
22633 28800
22703 16910
22706 16439
22731 16300
22732 16299
22768 28007
22778 28061
22779 28060
22783 16788
22798 27881
22809 27994
22822 16656
22825 27983
22867 15649
22897 36331
22898 36330
22907 28348
22916 16179
22923 28591
22950 27501
22967 15544
22971 27787
22991 27771
23009 28515
23015 27751
23020 27374
23031 16464
23048 16267
23052 28011
23133 28156
23157 27327
23165 27299
23179 28101
23207 28157
23208 28156
23216 27866
23217 27865
23255 28296
23283 28157
23284 28156
23287 15912
23348 15124
23365 15638
23366 15637
23394 14341
23395 27877
23439 14039
23502 35123
23507 14892
23583 27248
23584 27247
23612 27202
23618 15340
23675 14483
23698 14439
23708 27450
23716 27747
23734 14389
23754 27846
23762 15102
23773 27064
23853 27401
23885 26916
23937 26867
23941 26858
23942 26857
24056 27521
24067 13936
24166 35003
24324 27297
24414 13944
24431 13341
24463 27282
24534 26971
24537 26518
24589 13373
24650 13259
24654 13243
24681 12967
24816 25106
24832 26597
24865 26570
24896 34548
24905 12566
24906 12565
24947 34519
25105 12498
25118 26140
25190 12113
25295 26602
25407 34692
25429 33718
25452 25722
25499 11503
25616 33956
25617 33955
25625 33951
25662 33577
25722 25313
25731 25511
25732 25512
25875 24070
25937 25487
25979 34320
25984 34344
26002 34154
26042 32955
26079 25348
26085 10448
26086 10446
26090 25353
26107 10198
26117 34165
26151 34076
26187 25470
26190 23979
26210 33363
26258 10907
26311 25659
26332 32702
26389 25095
26424 33840
26431 33954
26452 10658
26475 24465
26505 33190
26585 9748
26647 39854
26684 33559
26708 32991
26893 33500
26897 25221
26983 32826
27009 24727
27016 22618
27040 23698
27116 23176
27242 33012
27327 23985
27432 32191
27447 23253
27452 24191
27455 8288
27458 32377
27463 39183
27464 24753
27483 32564
27540 33008
27568 7423
27591 32630
27608 33796
27670 24538
27689 24487
27700 39095
27777 32838
27804 23432
27807 23183
27809 23683
27812 22745
27828 23654
27879 32748
27906 32806
27921 32732
27936 24087
27947 23049
28003 24168
28113 4569
28122 8011
28137 32031
28170 31643
28188 31617
28202 31938
28249 22583
28341 32394
28358 31066
28461 22191
28556 22521
28703 22782
28711 31977
28728 38917
28877 36505
28892 22605
29451 22730
29482 22684
29510 22674
29650 5409
29717 22437
30006 13186
30045 30975
30218 1093
30295 37611
30510 29541
30568 37751
30906 37220
30988 37757
31001 37114
31049 37495
31129 37409
31143 19416
31184 37323
31223 30040
31266 29964
31272 30080
31309 37707
31315 29998
31322 29988
31341 29282
31368 29747
31393 29961
31402 37760
31403 37761
31464 37157
31496 29895
31567 37631
31582 29727
31622 29767
31636 29770
31644 29778
31657 29662
31776 37472
31808 29405
31812 29592
31840 29522
31989 41976
32010 29334
32022 28942
32112 41932
32165 36221
32213 295
32258 36597
32285 36542
32377 36978
32396 36429
32398 17354
32425 36417
32520 28808
32525 36495
32536 36608
32547 36024
32577 36778
32596 28631
32667 28609
32671 41754
32679 36223
32757 36595
32767 36431
32789 28443
32797 36407
32798 36089
32866 36413
32939 28284
32975 27743
32998 36389
33025 28009
33042 27967
33054 35292
33055 35291
33061 35773
33068 41297
33081 35776
33086 35234
33098 35724
33103 27875
33133 27769
33134 27770
33141 35951
33165 35934
33189 35664
33222 27512
33262 27795
33352 35842
33353 35841
33380 35820
33397 35802
33434 35739
33435 35689
33437 35763
33462 27536
33463 27535
33481 34676
33482 34675
33488 40934
33541 41186
33625 27046
33683 27259
33718 40763
33719 26901
33732 35767
33766 27128
33777 35502
33799 35494
33812 35682
33848 26907
33858 35309
33903 12484
33982 35142
33991 35221
33992 35220
34015 26629
34016 35190
34023 26543
34024 40600
34043 26566
34051 35468
34141 26429
34162 35267
34179 34927
34267 26631
34323 34233
34346 41003
34406 26098
34411 40472
34415 26217
34480 34763
34547 34543
34556 40848
34557 40847
34568 34545
34577 33956
34578 33955
34592 34684
34644 40149
34654 34389
34771 40685
34772 34309
34805 34145
34833 40683
34913 40074
34918 39791
34947 34431
34965 34186
34966 40561
34971 40505
35019 40528
35021 40442
35108 34010
35123 34356
35167 39982
35207 25539
35216 33211
35224 40388
35296 39918
35331 34103
35364 34409
35405 40156
35477 33995
35514 33947
35633 25088
35760 39376
35773 32585
35824 40076
35836 33138
35840 39297
35864 39702
35896 39301
35913 33638
35960 33491
35982 39462
35988 33475
36016 39417
36022 39154
36035 33508
36038 24639
36063 32994
36070 39084
36082 39126
36127 33253
36154 39534
36166 39759
36170 39020
36185 32699
36195 39000
36199 39596
36214 43788
36247 39520
36249 38975
36364 24096
36372 39588
36373 39575
36438 38879
36443 24130
36469 39178
36487 38870
36489 33031
36508 39523
36509 39522
36532 39501
36533 39500
36577 33243
36578 32913
36590 39475
36597 38783
36609 39524
36620 39398
36715 32294
36752 32606
36767 32105
36807 32543
36810 32032
36858 39483
36859 32126
36882 32306
36895 39279
36903 39294
36904 39293
36924 32181
36936 41430
36960 20736
36971 38464
37012 32511
37022 32475
37039 31928
37090 38515
37091 38516
37182 31767
37195 38576
37228 31711
37275 38840
37425 31502
37634 39119
37656 21846
37889 31576
38396 42627
38412 42838
38444 42861
38445 42835
38715 42709
38744 46382
38763 42649
38771 42403
38776 42607
38792 42849
38814 46705
38836 42599
38839 37755
38856 42752
38914 37749
38943 37759
38963 37721
38964 37720
38969 42515
38990 42911
39027 42750
39035 42461
39070 42852
39092 37576
39109 42802
39143 42436
39206 42732
39244 42051
39245 42666
39263 42136
39286 42108
39289 42326
39292 37194
39316 42474
39322 37238
39333 37274
39365 37039
39375 42292
39388 42250
39401 42250
39431 36712
39444 42234
39450 36924
39493 36985
39548 36813
39641 36532
39646 28857
39671 36773
39742 41570
39758 41558
39777 36507
39789 41535
39793 36334
39799 36682
39821 42110
39825 41881
39826 36639
39827 36595
39830 45574
39847 36592
39914 42113
39918 41771
39958 35955
40029 45385
40045 35777
40076 36321
40080 41631
40103 41618
40109 35979
40131 45496
40169 35929
40221 35879
40255 35937
40271 35798
40302 41665
40317 45341
40350 41207
40408 35871
40438 35685
40447 41610
40473 35760
40502 41506
40504 41634
40529 41555
40580 35502
40615 45358
40735 40812
40737 40612
40746 40600
40818 40755
40819 41387
40857 35271
40930 41031
40939 40859
40943 35253
40945 41252
40961 48090
40963 41346
40975 44730
40998 44712
41046 48236
41058 40855
41059 40854
41093 40830
41097 40801
41148 44755
41222 40685
41230 40669
41251 44533
41266 40767
41267 44876
41281 39819
41290 40747
41296 47827
41298 40728
41307 34406
41336 44892
41417 34633
41427 44431
41458 34593
41467 44501
41478 40691
41521 40271
41568 44652
41570 44425
41592 34482
41598 44391
41609 40156
41650 44388
41663 40477
41669 44631
41672 34338
41673 34339
41768 44460
41822 44180
41851 40274
41873 39796
41885 44375
41892 44133
41903 43977
41904 43978
41931 44237
41969 44030
41975 44007
41981 40144
41989 44017
42016 39816
42074 44306
42088 39596
42089 39004
42097 47446
42099 43788
42112 47430
42122 44099
42124 44110
42139 44332
42168 39628
42169 39627
42187 33456
42193 43773
42218 43882
42224 39576
42260 47168
42269 44118
42284 44155
42299 39531
42329 43832
42338 39475
42351 44197
42381 39351
42396 44000
42397 43999
42409 39005
42435 38664
42496 39265
42499 39366
42549 38473
42574 43300
42589 43515
42606 38500
42684 43624
42719 38904
42720 38903
42764 43087
42815 38845
42816 43543
42907 43615
42931 43708
43033 43115
43063 43481
43320 46579
43337 42873
43401 49239
43598 46585
43606 46364
43656 46499
43717 37800
43731 42701
43738 46422
43746 49033
43759 37713
43809 42952
43818 42962
43828 49115
43830 42933
43843 46645
43847 42926
43862 42896
43884 46040
43910 46620
43922 42488
43923 42808
43928 42637
43932 46605
43934 42827
43970 42436
43994 46538
44016 42750
44033 46516
44036 46495
44059 46497
44060 46496
44061 45909
44064 42647
44074 46246
44086 46224
44095 42341
44101 46210
44152 42573
44179 42457
44193 45948
44228 42349
44229 45877
44251 45953
44300 42164
44307 46002
44330 42139
44337 46054
44412 46105
44433 46118
44434 46117
44436 46111
44437 46110
44468 42190
44490 45829
44564 45757
44568 45477
44576 45737
44594 45933
44595 45718
44608 45703
44619 48443
44633 45370
44654 48631
44685 45614
44688 41939
44689 41938
44696 41807
44697 41757
44707 45493
44708 45492
44721 48522
44722 45570
44774 45712
44797 45366
44815 45810
44887 45581
44967 48465
45007 41462
45008 41517
45061 40889
45090 48231
45120 45455
45129 48040
45131 45473
45134 48159
45162 48364
45169 45263
45211 45224
45220 41248
45223 48080
45247 41105
45257 45231
45258 45230
45272 45185
45273 44969
45299 48240
45306 47923
45307 47924
45309 45122
45310 47912
45326 40921
45327 45053
45331 40905
45347 45040
45350 45009
45372 45060
45380 45005
45395 45048
45413 47747
45414 47748
45415 47746
45418 40782
45424 45010
45425 44890
45451 45011
45454 48101
45455 48100
45481 48052
45509 48063
45522 47839
45533 44852
45534 44851
45565 44814
45573 48026
45575 40873
45576 40874
45578 44889
45595 44782
45597 44880
45598 44878
45644 44919
45650 45038
45722 47707
45730 47693
45738 44796
45748 47676
45782 40410
45792 47677
45840 44071
45852 47809
45857 44849
45895 47606
45910 44476
45917 44350
45918 44626
45927 44609
45960 40334
45981 44316
45992 47483
46011 47518
46045 47454
46087 47435
46092 47410
46123 44314
46127 44307
46131 47675
46139 47206
46140 40103
46151 44210
46156 47625
46165 47202
46168 44531
46178 47460
46189 47238
46190 47444
46193 47323
46204 40068
46213 47286
46229 40020
46323 46963
46338 47369
46380 47404
46393 43877
46422 47313
46432 43475
46433 43474
46489 47262
46491 46970
46518 44147
46550 47196
46563 47080
46576 47066
46603 43472
46613 47020
46617 47021
46624 47139
46667 43906
46709 46948
46743 47070
46898 49319
46954 49282
46955 49281
46961 49330
46986 49252
46996 46503
47079 49277
47101 49263
47144 46723
47237 49243
47267 49174
47367 49183
47368 46602
47385 46611
47401 49048
47431 42718
47433 49130
47457 46453
47463 46539
47477 46424
47482 49203
47493 46493
47503 46495
47529 42619
47545 49003
47554 49006
47558 48994
47565 50979
47679 46283
47706 46244
47710 46226
47711 46225
47750 46090
47760 48739
47761 48599
47763 46169
47771 48589
47779 48691
47795 50750
47796 50749
47799 48549
47839 48736
47843 48735
47855 48724
47861 48780
47867 48713
47868 48710
47880 48686
47892 48681
47897 48672
47900 45943
47913 45707
47914 45706
47926 50592
47927 45971
47929 48664
47932 45921
47940 48655
47993 48711
48045 48645
48089 45797
48099 45779
48100 45780
48133 45698
48167 45588
48172 45536
48178 48178
48215 48304
48234 41435
48302 48223
48308 45510
48311 48449
48324 48453
48325 48452
48326 45391
48327 45381
48378 48350
48387 51893
48388 45296
48389 45289
48400 45411
48402 45284
48408 48305
48416 50265
48425 48315
48426 48316
48436 50295
48443 50445
48460 50451
48471 50423
48474 48244
48498 50418
48522 48093
48535 50183
48545 48114
48557 48082
48561 50159
48573 47833
48578 50349
48582 48134
48590 50302
48593 50341
48622 50313
48626 48098
48652 48115
48662 48123
48674 44929
48687 47722
48698 48071
48732 44856
48742 50209
48744 44988
48756 44841
48813 49863
48867 49897
48873 47602
48890 49960
48913 50120
48916 49850
48918 44610
48939 47861
48943 49947
48945 47852
48950 49822
48952 47836
48956 47979
48961 47858
48997 49950
49050 47607
49075 49892
49079 49956
49094 47706
49095 47705
49104 47485
49105 47484
49113 47014
49121 47275
49166 49700
49204 47524
49250 49823
49251 49824
49262 47347
49304 44220
49307 49794
49313 46955
49319 49688
49419 47508
49420 47507
49430 49729
49502 49676
49532 49631
49715 51107
49770 49378
49806 51206
49855 49359
49865 49341
49894 51078
49957 49064
49990 51071
50002 52256
50021 33991
50046 50979
50052 52334
50066 50953
50084 51046
50105 51030
50130 49074
50133 51009
50163 50796
50183 50969
50220 48912
50252 50771
50275 52088
50284 50743
50295 50737
50296 50736
50303 48855
50309 50573
50329 50559
50338 50554
50341 48711
50348 52094
50358 50691
50382 48718
50392 48663
50446 50690
50460 45610
50464 48632
50484 48568
50541 51980
50602 51883
50617 52022
50624 51893
50665 51984
50686 51957
50710 50395
50721 51937
50726 50434
50735 50192
50769 50412
50770 50411
50775 51764
50787 50372
50788 50371
50800 48135
50801 50379
50804 50329
50805 48123
50808 50289
50834 50096
50839 51689
50874 50055
50888 44896
50893 50146
50894 50147
50895 50033
50896 50034
50904 50287
50962 50326
50965 51581
50984 50139
50994 50205
50996 51705
51018 51560
51064 49950
51066 50012
51088 51510
51120 51474
51132 51623
51150 49914
51152 49937
51159 51443
51174 51595
51181 49697
51206 51568
51208 51545
51212 51563
51224 51533
51240 49837
51331 49921
51373 51359
51504 52440
51626 51242
51641 51224
51648 52413
51657 52378
51664 52459
51665 52458
51666 51214
51694 51122
51696 52377
51716 52249
51755 51050
51760 51072
51765 52321
51794 49053
51795 49052
51799 51029
51858 52134
51860 52315
51861 52195
51864 50833
51865 50920
51894 52290
51927 50868
51931 52063
51935 50867
51937 52159
51945 52146
51947 52203
51958 52144
51960 52141
51976 52173
52013 52988
52016 52126
52022 50678
52044 50684
52071 52054
52072 52053
52075 50606
52107 52017
52116 50551
52139 50500
52140 52004
52183 51905
52197 51955
52220 52918
52222 52912
52228 50483
52250 52806
52251 51914
52253 52867
52284 51795
52293 52776
52294 52775
52304 52770
52312 51642
52319 51769
52329 50336
52383 52692
52393 51722
52399 51656
52409 51654
52447 51445
52463 51565
52473 51557
52503 52686
52519 51645
52604 51380
52610 51339
52716 53325
52744 53268
52768 53264
52772 52482
52773 52483
52779 52486
52809 52444
52815 53216
52872 52341
52913 52328
52918 53796
52985 53653
53010 52151
53094 52093
53095 52092
53113 53586
53118 52993
53124 52984
53129 52012
53137 52943
53139 52979
53158 52914
53187 52906
53246 52883
53254 52865
53290 53538
53298 52815
53302 52802
53345 52642
53358 52716
53362 53459
53370 53413
53396 53432
53400 53389
53401 52675
53404 52593
53575 53808
53610 53718
53624 53161
53665 54101
53666 54100
53682 54074
53745 53612
53756 52997
53765 52984
53777 52965
53787 54041
53794 54029
53801 53609
53824 53602
53852 53979
53853 53976
53862 53445
53865 53538
53866 53954
53923 53448
53929 53436
54006 54181
54011 54182
54109 53717
54138 54092
54148 54087
54177 53619
54261 53948
54268 53973
54336 54395
54424 54314
54429 54315
54430 54316
54433 54307
54434 54306
54442 54477
54453 51758
54476 54239
54525 54545
54540 54541
54569 54531
54570 54530
54600 54614
54615 54477
54632 54603
54673 54721
54674 54720
54707 54630
54708 54627
54714 54701
54729 54601
54774 54638
54781 54631
54794 54748
54795 54696
54853 54707
54905 54836
