3880
38 1249
45 1525
55 19868
69 1280
70 1609
80 19689
82 1603
88 1702
106 1481
140 19798
157 19902
229 19888
232 897
259 1880
264 1589
277 19989
279 1811
280 1812
298 19637
306 1997
316 1876
322 20015
331 1212
358 1944
361 1969
392 1975
421 19973
440 20107
461 1671
465 2167
472 19999
504 1931
507 2079
514 1593
518 1884
520 1364
531 20221
532 2089
559 19804
578 20190
606 20273
614 2291
616 20212
623 1976
636 20314
637 20315
651 1538
674 2279
689 20117
690 1962
723 2426
732 20367
800 2503
809 20135
842 2164
844 20073
864 2298
867 20419
893 2509
907 2506
932 2460
935 20008
973 2123
982 20130
1044 2194
1075 20590
1084 2717
1130 1987
1157 2321
1160 2511
1167 2527
1204 2490
1208 20439
1211 20668
1228 2688
1286 20564
1287 20565
1288 3000
1293 3066
1301 2667
1302 2668
1304 2920
1330 2499
1353 2703
1356 20751
1362 2710
1370 2372
1381 2418
1408 20609
1411 3111
1414 20873
1416 20570
1445 20816
1493 3206
1512 20839
1514 3119
1517 2928
1522 3221
1621 3050
1625 3024
1633 2997
1641 20712
1643 3372
1696 3401
1697 3402
1700 2680
1709 3416
1717 2992
1778 3425
1779 3426
1799 20994
1800 21040
1811 3588
1812 3042
1832 3513
1833 3514
1860 3244
1880 3255
1897 20794
1903 3626
1910 3621
1912 21107
1916 20787
1928 21101
1938 3184
1943 21000
1952 3663
1953 21149
1979 3363
1993 21110
1994 3782
2003 21167
2007 3475
2023 3814
2032 3501
2046 20996
2075 21259
2076 21260
2102 3651
2106 21261
2109 3511
2114 3389
2115 3496
2127 3892
2131 21256
2147 21271
2170 3948
2185 21283
2191 3484
2201 21303
2210 21171
2211 21172
2214 3586
2225 21022
2265 4074
2269 21017
2271 21330
2278 4038
2287 21237
2291 4153
2351 4146
2362 4019
2372 3978
2379 4170
2383 3810
2384 3811
2459 4088
2511 4344
2521 3947
2537 4195
2572 3906
2588 4267
2621 4298
2624 3980
2644 4579
2664 4133
2665 4134
2671 3945
2714 4393
2720 21576
2739 4432
2777 4218
2779 4741
2790 4516
2860 4419
2881 21643
2882 4240
2939 4203
2969 4737
2992 4452
3050 4512
3078 4294
3094 4548
3095 4549
3103 4945
3117 4583
3130 21787
3134 5064
3146 4598
3147 4599
3162 4787
3184 21642
3231 5235
3240 4605
3270 5094
3272 4863
3299 5141
3300 5142
3314 5240
3328 4928
3330 21709
3338 4791
3342 4683
3352 5243
3364 4814
3389 4990
3404 5159
3405 5160
3465 5040
3515 5113
3520 22024
3597 22062
3604 22256
3615 5622
3617 5393
3649 5428
3672 4887
3683 5758
3689 22147
3695 5501
3702 22318
3705 5309
3710 5145
3722 5797
3725 22365
3726 22366
3755 22250
3760 21910
3764 40997
3765 5562
3803 5129
3820 22218
3824 5420
3827 5876
3864 5640
3866 5454
3896 22243
3900 22255
3919 22266
3920 22267
3923 22027
3961 22552
3965 22304
3972 5417
3985 5787
4023 22548
4052 5895
4077 5698
4114 6261
4154 22538
4157 5654
4158 22623
4159 6132
4165 6036
4174 6037
4178 6153
4179 6154
4213 22671
4214 22672
4221 6161
4226 22509
4238 5861
4243 22490
4256 5658
4260 6221
4332 6257
4334 6219
4352 5982
4375 6234
4398 22612
4403 5810
4404 5811
4405 5999
4420 22699
4421 5807
4423 22620
4438 6387
4458 22644
4460 6319
4461 22713
4474 22430
4507 6099
4527 6344
4539 6534
4551 6937
4596 6419
4660 6522
4712 22822
4762 6669
4772 7223
4789 6327
4883 7181
4894 22966
4920 6741
4931 22732
4972 6896
4984 6895
5010 7282
5018 6717
5024 23079
5057 7338
5064 6510
5065 6760
5076 7358
5151 7472
5160 23286
5234 7283
5237 7015
5268 7005
5347 7797
5353 7802
5358 7235
5391 6719
5419 23068
5429 6940
5468 6811
5483 7588
5491 7103
5493 7145
5547 23257
5760 7455
5827 7509
5865 23508
5888 7485
5951 8249
5953 7674
6013 7812
6014 7813
6041 7631
6054 23853
6073 23632
6090 7916
6100 7943
6145 7707
6194 8067
6214 8462
6231 8477
6232 8478
6266 23583
6277 8306
6379 8389
6383 8262
6402 8414
6410 12967
6471 8215
6538 8419
6641 8521
6655 8362
6687 7957
6753 8657
6826 8898
6883 8593
6885 24155
6886 8985
6892 9100
6952 24204
6965 8400
6988 9068
6989 9069
6997 8243
7001 8925
7005 8517
7030 8956
7090 9047
7116 9241
7148 24335
7155 9271
7185 9297
7192 24045
7204 9300
7210 9311
7249 9346
7255 24365
7257 8726
7258 8710
7265 9041
7307 9080
7313 9268
7335 9396
7401 9383
7407 9374
7426 9568
7443 8877
7445 9270
7469 9447
7483 8912
7535 9380
7565 9197
7578 10184
7585 9189
7606 9862
7607 9863
7788 9787
7789 9788
7835 10113
7911 9960
7937 31552
7938 9965
7947 10683
7960 24722
7998 24461
7999 9408
8048 9649
8053 9426
8066 10338
8078 10005
8138 10127
8148 9792
8156 9869
8170 10232
8174 9584
8180 10227
8184 12415
8187 10190
8188 10191
8194 10258
8196 9842
8203 10096
8243 10151
8265 10268
8267 10187
8281 24590
8296 9707
8297 9708
8307 9720
8308 9721
8343 10683
8379 10413
8391 10764
8402 10547
8403 10548
8420 10451
8453 10475
8500 10533
8523 10875
8537 10560
8551 10556
8564 10473
8597 10620
8610 10130
8727 10849
8739 10327
8805 25074
8937 10948
8984 10879
9022 25358
9025 11016
9049 10744
9059 10942
9099 11070
9127 11215
9265 11393
9270 11392
9281 11399
9282 11400
9352 11536
9367 11199
9444 10907
9475 11348
9491 11664
9596 11670
9620 11767
9723 11429
9724 11430
9728 11543
9729 11544
9782 25970
9784 11531
9791 11684
9808 11694
9825 11549
9826 11550
9836 11654
9883 11932
9899 12014
9900 12015
9914 12102
9928 11814
9929 11815
9953 11820
9958 11829
9986 12108
10086 12254
10157 11939
10263 12416
10328 12204
10353 26057
10408 11847
10435 11873
10436 11874
10491 12352
10525 25998
10532 12130
10564 12170
10566 12190
10592 12424
10611 12028
10612 12029
10639 12052
10650 12487
10670 12083
10681 12491
10718 12133
10719 12134
10730 12546
10773 12201
10774 12202
10802 12621
10816 12499
10844 12666
10845 12667
10855 12151
10968 12299
10999 12824
11051 13400
11074 12695
11080 13205
11090 12631
11222 13424
11229 13368
11230 13369
11243 12544
11260 26364
11331 12926
11349 13178
11366 26774
11379 13536
11471 13610
11478 13611
11494 13260
11561 13334
11572 13877
11647 13986
11648 13987
11744 13593
11850 13607
11957 26672
11975 13746
11981 13543
12052 13906
12054 14339
12061 13451
12080 13702
12099 14382
12111 13895
12137 14407
12183 13958
12193 13975
12221 14053
12222 14054
12234 14013
12263 14031
12297 13881
12300 14076
12301 14123
12302 14124
12339 13917
12353 14161
12476 14272
12477 14273
12510 14220
12563 14367
12564 14368
12628 14859
12645 14209
12717 14285
12744 14326
12799 14953
12805 15003
12812 14671
12835 14392
12837 14256
12879 15087
13032 15179
13086 14821
13137 14837
13184 14969
13225 27462
13227 14574
13269 15050
13295 14556
13304 15085
13367 14862
13394 15109
13448 15658
13461 15437
13486 15437
13557 15437
13591 15944
13599 15437
13617 15604
13618 15605
13663 13563
13694 15678
13700 14807
13733 14861
13737 16116
13740 15587
13763 15154
13780 15663
13851 15808
13868 15437
13874 14967
13898 15437
13942 15437
13962 15675
13988 15098
13989 15091
14007 15437
14023 15437
14031 15693
14083 15132
14084 15715
14103 15759
14154 15437
14185 15437
14250 28211
14266 15437
14283 15855
14361 15904
14424 16004
14440 16127
14441 15711
14493 15540
14562 15911
14651 16391
14677 16056
14701 16774
14790 16308
14809 16548
14873 16291
14878 16919
14892 16512
14910 16352
14964 16606
15050 16479
15070 16067
15155 17174
15171 17363
15172 17364
15194 16539
15269 17201
15340 16688
15379 16683
15461 17429
15853 17731
15861 36816
15884 17775
16026 17521
16045 17912
16046 17562
16047 17315
16131 17367
16158 17991
16177 35185
16184 17707
16204 17555
16237 18156
16342 17657
16362 17658
16363 17940
16399 17805
16400 17806
16424 17766
16446 17558
16481 17837
16507 18348
16512 18269
16513 18291
16517 17744
16538 29316
16609 17792
16817 18117
16843 18057
16851 10514
16867 17424
16998 18668
16999 18669
17000 18540
17056 18743
17129 18543
17176 18476
17201 18325
17205 18501
17239 18655
17242 18560
17267 18272
17290 18713
17328 18779
17416 18642
17434 18591
17446 18653
17455 18710
17494 29738
17562 18785
17774 18590
17782 18738
19279 30495
19353 19830
19359 30330
19372 1847
19375 20048
19376 20049
19399 30701
19424 19934
19463 37845
19472 30741
19476 1440
19488 30628
19494 20256
19502 30769
19507 1497
19508 1498
19515 30821
19516 30822
19529 20222
19535 20232
19543 20322
19574 30828
19577 20080
19595 30838
19607 30829
19623 30718
19629 20248
19632 20182
19652 30905
19660 20220
19665 29990
19728 30784
19744 20175
19747 20490
19759 30864
19781 20584
19787 20504
19802 20341
19808 30800
19809 20244
19825 20372
19852 20666
19858 30899
19862 20633
19882 30946
19901 20372
19902 20474
19934 30997
19940 30978
19950 2645
19953 30780
19954 31014
19955 2499
19987 31023
20003 20610
20016 20394
20021 31032
20055 20617
20063 20799
20064 20798
20070 20618
20071 20903
20072 20904
20085 20580
20112 20691
20121 31185
20136 31074
20141 20645
20152 20750
20181 20596
20213 31202
20245 3220
20246 21045
20247 21044
20249 20827
20276 21073
20277 31372
20280 31135
20301 20913
20302 31167
20305 21175
20310 31401
20324 21196
20329 38543
20347 20908
20369 21195
20373 31414
20374 31415
20376 21198
20385 31193
20386 31441
20389 21012
20390 31464
20419 20963
20424 31500
20425 31501
20433 21309
20447 21042
20453 31528
20463 21064
20471 21095
20474 31402
20475 31403
20484 31383
20501 21067
20504 20980
20513 31477
20518 31562
20519 31563
20532 21363
20539 31592
20541 31299
20553 31518
20557 21442
20563 31421
20580 20976
20606 21230
20685 31690
20711 21280
20712 21344
20715 31622
20717 21288
20745 21583
20759 31537
20788 21667
20793 21402
20803 21381
20811 21628
20831 21461
20834 4189
20837 21417
20860 21674
20862 21508
20900 21514
20902 21574
20903 21575
20923 21543
20929 21600
20949 21609
20952 31876
20966 31904
20982 31804
20983 31805
21008 21948
21023 31835
21064 31730
21072 21682
21084 31947
21093 21790
21107 31992
21114 22047
21120 31897
21148 21949
21149 21748
21175 31779
21178 21799
21179 31934
21207 31892
21218 32126
21241 21892
21248 22048
21264 22073
21274 32132
21278 21826
21283 22088
21300 32032
21314 32163
21316 31972
21317 22122
21349 22063
21360 22416
21393 22015
21421 22338
21422 22339
21426 32146
21451 22263
21454 22354
21473 22566
21475 5600
21485 32362
21489 32297
21495 22407
21533 22359
21569 22404
21595 22322
21597 22152
21602 32261
21603 22165
21622 22602
21628 22529
21646 22643
21653 22498
21658 32300
21705 22812
21706 22813
21707 22522
21724 22581
21725 22582
21736 32296
21737 22209
21740 22599
21746 22211
21749 22490
21750 22491
21755 32399
21758 22781
21760 22630
21767 22231
21776 32144
21781 32466
21792 32538
21806 22443
21821 32437
21826 22574
21827 22849
21842 32346
21850 22914
21851 22915
21852 22908
21866 22507
21883 22613
21887 32669
21893 22982
21901 22871
21911 32490
21937 22954
21980 22904
21986 23063
22000 32556
22004 32547
22005 6692
22017 22723
22022 22722
22064 23042
22070 32418
22072 22707
22090 32480
22099 22805
22107 22790
22112 22960
22153 23174
22165 32661
22230 23060
22242 23107
22290 23194
22317 22888
22327 23447
22334 23310
22344 32814
22351 23027
22356 22936
22358 32699
22370 22950
22387 32613
22388 23291
22393 32551
22456 23356
22457 23357
22475 23398
22486 23226
22487 23221
22515 23331
22523 7700
22550 23279
22628 23757
22664 23589
22675 23603
22729 7667
22750 23432
22767 23610
22794 23539
22795 23540
22831 23771
22835 23695
22886 23802
22890 23838
22907 23856
22946 23764
22957 23909
22959 24033
22984 23932
22990 32970
23010 33256
23122 23661
23138 23986
23139 24063
23209 24030
23228 24156
23235 24218
23252 24239
23261 33503
23271 24258
23299 33528
23310 23958
23311 23959
23317 33536
23319 24217
23324 33410
23325 33411
23336 24304
23351 24315
23356 33552
23383 8890
23409 24203
23452 33616
23470 24400
23524 9834
23541 24421
23593 24501
23599 24509
23600 24540
23601 24398
23624 24593
23632 24611
23675 33646
23692 24619
23723 33877
23757 24533
23780 24746
23805 24993
23814 24596
23856 24772
23863 24821
23900 24650
23920 24824
23951 24863
23959 24959
23969 33992
23985 24936
24014 25064
24047 10730
24053 25011
24074 34103
24078 25017
24142 25037
24150 10906
24154 25355
24159 25211
24170 10334
24182 25233
24183 24953
24191 25142
24224 34243
24246 25058
24264 24893
24267 34075
24343 25436
24344 25437
24349 10846
24350 10852
24378 25380
24394 25395
24412 25468
24422 25061
24434 25076
24451 25386
24453 25132
24469 25300
24496 25509
24503 25213
24506 25570
24528 25170
24529 25171
24590 34531
24625 25666
24633 25533
24645 25642
24646 25582
24684 25367
24686 25667
24706 25795
24710 25429
24711 25430
24713 25388
24741 11416
24742 11417
24766 34722
24768 11350
24769 11351
24869 25739
24890 25780
24947 25837
24968 25833
24974 26059
24981 25912
24987 25854
24993 25873
25000 25919
25013 25957
25042 25968
25055 11985
25071 25867
25090 26018
25120 26049
25150 12493
25181 22490
25198 34874
25251 25965
25252 25966
25265 25975
25266 25976
25280 26408
25364 24783
25385 12590
25401 12620
25409 12641
25457 26198
25508 26205
25512 13262
25582 13253
25604 26660
25693 35158
25704 13129
25705 35174
25717 35184
25725 26805
25738 13553
25757 35192
25762 26636
25764 13683
25812 13604
25817 26713
25818 26714
25860 26930
25875 26778
25876 26454
25899 26699
25909 13557
25916 13578
25965 13144
25982 26871
25996 26600
26027 26638
26029 13725
26030 26910
26039 26910
26056 13554
26064 26979
26066 13522
26068 26939
26102 26959
26128 27267
26171 14291
26188 27059
26193 26962
26200 14489
26201 27069
26208 14098
26211 27342
26218 26996
26236 26900
26252 14158
26253 14569
26260 27030
26270 27226
26271 27227
26349 14009
26371 27167
26403 27061
26436 27277
26469 27031
26476 27371
26497 27367
26512 27468
26513 27469
26546 27311
26547 27312
26642 14822
26676 14503
26743 35800
26749 27462
26785 15073
26827 27690
26831 15629
26930 27804
27006 15062
27026 27941
27046 27917
27151 28055
27155 28092
27167 16263
27171 27692
27255 28025
27261 28029
27265 27737
27293 28211
27386 28441
27416 16188
27417 16189
27482 28098
27488 27944
27499 15960
27525 16392
27547 28350
27550 16001
27601 28473
27605 28411
27616 16190
27632 16138
27639 28248
27669 28286
27688 16328
27716 17106
27717 16387
27768 16708
27785 16558
27807 28566
27811 16638
27832 28837
27840 36479
27866 28390
27879 17202
27912 28642
27993 16704
28017 28979
28046 29003
28091 28850
28175 17338
28176 28721
28203 29056
28216 17092
28218 28814
28219 28958
28253 28839
28278 17804
28279 17498
28284 28865
28304 17535
28318 29062
28332 17384
28345 29094
28347 17335
28411 28998
28415 29396
28428 36951
28458 29066
28476 29076
28477 29077
28492 29450
28501 29188
28516 29138
28543 29027
28545 18174
28552 17777
28557 18192
28558 18193
28568 37048
28583 29146
28596 29265
28607 29253
28638 29184
28639 29251
28644 17746
28646 29278
28656 29281
28660 18299
28678 29191
28710 17897
28743 17678
28744 17679
28746 29340
28765 17945
28794 18057
28829 18090
28846 29397
28847 29398
28850 29582
28856 29257
28858 18511
28873 18539
28881 29397
28882 29398
28886 18158
28905 29397
28913 18292
28918 34910
28947 18487
28958 18435
29024 18606
29038 18461
29047 18586
29065 29684
29084 29648
29090 18409
29108 29674
29109 29675
29142 37310
29153 11211
29169 29646
29173 29662
29174 29663
29202 29690
29203 29691
29204 29812
29219 18725
29224 18722
29229 29836
29232 29837
29259 29863
29311 18633
29340 29713
30135 30172
30138 30549
30156 30372
30201 38036
30202 38009
30209 38016
30230 30373
30244 30720
30267 30441
30271 37845
30285 38018
30307 30508
30309 38158
30315 38191
30327 30661
30328 38181
30332 30659
30371 38224
30376 30849
30402 30776
30409 30745
30432 30955
30462 38350
30474 30874
30488 30879
30512 31004
30515 31044
30524 31041
30533 31040
30556 31049
30590 30762
30594 38342
30595 38328
30596 30973
30638 38457
30673 38292
30674 31158
30682 31171
30695 38524
30696 38525
30703 31103
30725 38426
30748 31080
30751 31075
30778 31132
30780 38341
30791 38413
30795 31110
30808 31365
30809 31366
30838 38668
30857 31305
30862 38544
30873 38493
30879 38509
30893 31247
30903 38557
30910 31414
30911 31415
30913 31448
30922 31461
30924 31242
30925 31180
30932 31314
30937 31501
30946 38692
30947 38693
30953 31478
30959 31326
30963 31220
30969 38746
30974 38579
30976 38717
30995 31437
31000 31428
31001 31429
31002 31545
31006 38597
31008 38761
31020 31368
31021 31369
31027 21099
31028 31562
31029 31563
31046 31504
31058 31398
31067 31614
31072 38649
31081 31623
31082 38778
31111 31436
31124 31503
31163 31367
31165 31419
31166 31420
31175 31536
31189 38732
31237 31747
31238 31748
31240 31615
31300 31841
31327 38834
31353 21890
31359 31838
31389 31706
31397 38968
31408 21542
31427 31942
31432 31925
31433 31926
31435 31730
31464 38997
31466 31767
31471 39102
31474 32007
31497 31761
31498 31762
31504 31883
31511 32081
31521 39072
31529 31980
31570 39197
31578 31880
31582 31772
31589 32123
31595 21921
31601 31824
31613 39149
31624 31853
31628 31916
31629 39241
31669 32156
31670 32157
31686 32100
31694 39105
31696 39163
31697 39164
31706 32222
31713 32266
31743 32248
31755 39278
31770 32477
31783 39315
31785 32194
31812 32176
31814 32250
31821 39401
31826 32319
31829 32396
31830 39380
31881 39568
31893 32435
31908 32368
31909 32369
31911 32342
31913 39417
31920 32183
31960 44289
31969 32432
31978 22633
31980 32711
31984 39530
31988 32379
31994 32465
31996 32428
31999 32496
32047 32478
32048 32479
32049 39501
32059 32487
32075 39631
32083 39629
32085 32640
32119 32705
32120 32706
32139 32761
32155 39667
32162 32697
32187 21568
32216 32886
32265 32542
32269 39669
32271 32649
32272 32768
32313 32665
32339 32633
32382 33029
32385 32855
32386 32854
32395 39741
32400 32916
32401 32751
32406 32714
32422 32944
32525 33009
32552 32901
32565 23609
32699 33374
32733 33241
32737 23659
32738 23660
32829 40051
32858 33333
32913 33315
32915 33380
32924 33387
32930 33479
32936 33186
32965 39951
32967 33522
32990 33429
32996 33373
32997 33406
32998 33685
33000 33496
33004 33520
33012 33346
33028 33727
33030 33527
33031 33637
33037 33376
33040 33498
33046 33604
33057 33629
33058 41006
33063 33560
33074 33634
33075 33529
33081 33582
33088 33656
33105 33612
33106 33613
33118 33677
33127 40075
33150 33728
33159 40232
33164 33692
33165 33693
33203 33739
33208 33930
33239 40345
33259 33862
33277 33961
33316 33794
33321 33791
33375 33757
33377 33900
33385 33907
33386 33908
33439 24704
33445 33971
33477 33834
33481 34006
33487 33847
33515 33879
33517 33881
33523 25104
33540 34024
33569 34073
33599 34016
33600 33993
33623 33956
33633 33920
33647 34242
33648 33919
33688 34090
33694 25007
33700 34229
33706 34220
33707 34221
33718 34334
33735 34168
33759 34288
33777 34052
33780 34284
33781 40674
33817 34241
33826 25509
33830 34411
33838 34353
33863 34196
33877 40811
33889 25262
33891 34437
33912 34235
33913 34236
33921 34255
33929 40721
33935 34459
33943 40885
33951 25762
33952 25763
33953 25764
33975 25628
33981 34549
33996 34542
33999 34573
34005 34584
34029 34620
34031 34471
34112 34682
34120 34551
34123 34647
34135 34704
34150 34726
34151 34727
34152 34723
34158 34737
34240 34733
34242 34687
34246 34630
34267 34825
34307 25935
34318 26267
34327 34869
34343 34848
34374 34889
34388 34799
34394 34905
34402 34844
34404 26079
34451 34966
34462 34900
34472 35074
34502 35022
34506 35032
34527 35088
34536 35203
34553 34974
34593 35135
34653 35298
34655 35104
34697 26537
34762 35215
34811 35529
34812 35530
34814 26559
34835 35264
34837 35488
34937 26882
34981 26948
34995 35474
35012 41589
35031 35449
35032 35430
35057 35453
35066 35468
35092 35574
35093 35633
35099 35502
35109 35599
35113 35450
35144 35838
35149 27179
35155 35679
35162 27047
35187 27228
35217 41560
35218 35712
35237 35572
35240 27531
35249 27258
35290 27574
35322 27453
35329 35858
35375 27412
35419 27475
35436 35941
35441 35951
35455 27338
35456 27503
35548 27637
35560 36015
35562 36025
35586 35921
35608 35912
35647 27853
35649 36065
35701 27579
35728 36170
35736 36400
35761 36286
35779 27658
35791 36003
35866 41980
35867 28071
35873 36064
35895 28150
35931 36205
35932 28191
35950 36381
36011 36427
36033 36457
36050 28188
36056 36436
36060 36333
36061 36334
36097 36505
36126 28466
36156 28338
36157 36349
36166 36406
36174 28362
36180 36763
36208 36745
36226 36355
36233 28787
36265 28847
36281 16586
36284 28928
36286 28492
36287 28493
36288 36634
36290 28640
36294 36682
36305 36625
36317 36703
36342 28727
36344 36864
36355 28749
36373 28607
36374 28608
36386 36666
36411 36678
36434 28868
36438 36730
36449 36744
36487 37027
36501 36642
36502 36643
36503 36644
36505 36762
36512 37016
36515 36810
36516 28953
36544 29204
36556 28832
36584 36929
36618 36895
36619 36896
36625 29097
36650 28990
36653 29059
36666 36951
36672 29024
36711 36957
36726 29391
36727 29463
36736 37078
36750 37000
36751 37001
36784 37115
36788 37062
36800 29293
36812 29306
36832 29159
36833 29160
36836 37029
36839 29184
36848 37108
36851 37123
36854 37153
36860 37069
36897 29340
36898 29341
36929 37156
36937 29331
36942 37342
36948 29349
37016 37400
37023 29505
37030 29588
37031 29589
37033 29423
37046 18504
37066 37265
37081 37257
37133 37318
37143 29660
37179 29771
37192 29679
37206 37359
37216 29775
37267 37459
37306 29846
37704 17126
37977 37981
37981 43164
37993 43000
37995 43152
37998 38076
38002 43076
38021 38120
38026 43136
38051 38140
38053 37917
38058 43237
38075 43262
38076 43263
38082 38048
38083 38208
38103 38218
38104 38219
38114 38150
38115 38254
38116 43275
38117 43276
38120 38152
38123 38162
38125 38165
38135 38172
38138 38142
38139 38143
38143 38109
38147 43320
38164 38029
38165 38324
38168 38136
38182 38236
38184 43278
38190 43271
38193 43328
38198 38216
38203 43272
38219 43383
38220 43248
38224 38289
38239 38393
38241 43311
38242 38398
38246 38280
38248 43273
38252 38306
38259 43442
38266 38323
38277 31109
38281 38321
38282 38284
38283 38361
38286 38311
38287 43359
38291 43362
38302 43439
38305 38201
38307 38317
38309 38286
38323 38401
38324 38517
38325 31171
38329 43385
38346 38462
38349 43509
38350 43510
38357 38446
38363 43518
38364 38526
38371 43550
38378 38433
38393 43581
38394 38450
38397 38486
38401 38590
38408 38495
38411 38536
38415 38496
38423 38502
38424 38604
38431 38660
38438 38492
38449 38635
38450 43476
38482 38560
38485 43482
38486 38667
38487 38521
38489 43516
38490 38651
38496 43605
38498 43613
38501 38485
38503 38567
38504 38568
38509 38678
38520 38698
38522 31194
38525 43508
38553 38664
38554 38581
38563 43561
38573 43658
38582 38622
38594 38689
38614 43722
38624 38799
38630 38778
38636 43638
38637 47371
38646 43627
38650 38673
38652 43660
38674 43724
38686 43632
38687 38862
38688 38723
38719 38758
38721 38759
38722 31708
38731 38851
38740 38700
38769 38802
38770 38803
38781 43780
38788 43715
38797 38934
38806 39023
38836 38869
38838 43892
38842 38973
38843 38974
38848 43845
38851 38863
38854 43854
38875 43807
38899 39124
38903 39081
38905 38969
38908 43972
38911 39142
38915 39184
38920 39155
38925 43979
38951 39213
38952 39212
38954 43952
38964 39139
38968 44016
38970 39090
38987 44020
38990 44000
38999 39188
39016 39251
39018 39210
39022 39089
39026 44060
39030 44059
39034 39154
39051 43986
39052 39196
39060 39291
39061 39292
39071 39078
39075 39378
39084 39308
39087 31967
39105 39371
39106 39320
39111 39322
39114 39152
39117 39199
39125 39315
39129 39141
39131 39389
39144 44080
39151 39402
39175 39356
39185 44200
39218 39346
39230 39370
39245 44077
39249 32432
39256 39442
39264 39526
39270 44160
39289 39531
39291 44142
39301 39559
39320 44296
39322 39614
39329 44230
39333 39613
39339 39474
39345 39522
39349 39491
39352 39660
39353 39472
39354 39629
39364 44265
39373 47628
39374 39566
39375 39567
39376 39550
39379 39544
39388 44288
39391 39523
39397 39588
39465 44336
39472 44273
39476 39563
39479 39742
39487 44363
39489 39719
39499 39729
39503 39504
39526 39528
39527 39709
39528 39710
39541 39804
39561 44417
39655 39737
39657 39641
39681 33084
39704 44527
39718 39832
39721 39899
39728 44482
39729 39809
39803 44593
39817 44621
39821 44589
39822 44590
39830 39996
39837 40064
39850 40012
39869 40102
39873 39916
39874 40068
39933 40146
39947 44756
39948 40144
39950 40028
39961 40174
39962 40190
39963 44679
39973 33675
39982 40070
39986 40195
39991 40200
40015 40248
40016 40169
40036 40183
40047 40282
40058 40277
40080 40374
40081 40375
40114 40215
40133 44775
40137 45010
40153 44785
40154 44786
40157 40461
40158 40462
40159 40391
40172 40333
40190 40276
40198 45033
40203 44844
40205 40362
40220 40467
40232 40463
40241 40383
40263 40341
40274 40508
40293 40520
40304 40592
40311 40396
40359 40589
40369 45035
40382 45165
40384 40622
40385 40623
40393 40657
40413 40674
40417 40639
40418 40640
40437 34340
40444 45203
40456 40531
40487 40533
40488 34205
40490 40777
40491 40811
40495 34535
40509 45149
40511 40715
40517 34441
40524 40726
40525 40611
40533 45083
40534 40828
40535 40829
40550 34365
40559 40653
40570 40768
40613 45285
40616 40709
40620 40821
40625 34743
40628 40891
40629 40892
40636 40772
40638 40964
40718 40952
40746 16391
40780 41063
40781 41064
40782 40918
40788 40998
40826 40960
40829 40887
40831 41032
40841 41147
40867 40979
40870 40982
40892 41088
40895 41083
40896 41084
40928 41232
40933 41225
40946 41057
40953 34961
40959 41021
40970 41017
41001 41123
41032 41279
41045 41210
41051 41306
41055 41091
41068 41181
41086 35213
41087 41388
41104 41253
41123 45716
41129 41271
41161 41445
41169 41365
41186 41318
41246 45683
41270 41454
41276 41396
41277 41442
41281 41410
41285 41498
41293 35389
41314 41503
41326 41521
41337 41476
41339 35577
41346 41558
41363 41575
41372 35656
41383 41577
41426 41560
41430 41740
41436 35751
41495 41590
41507 41713
41557 41699
41561 41748
41577 41880
41612 41806
41649 41776
41661 41836
41667 41856
41672 41863
41681 41815
41732 41773
41741 36152
41753 36170
41782 41930
41786 41925
41788 41955
41790 42056
41801 41887
41812 41972
41817 36230
41854 41980
41858 36486
41864 36321
41875 41881
41889 36492
41912 42049
41915 42125
41916 42048
41920 36207
41933 36389
41943 42004
41966 36423
41970 41993
41973 36628
41975 36430
42024 42141
42025 42245
42038 36689
42082 42185
42086 36473
42108 36355
42111 36648
42115 42320
42133 42173
42139 42166
42141 42251
42142 42260
42143 42190
42174 36629
42184 36724
42191 42416
42194 36742
42210 36672
42214 36941
42220 36697
42229 42344
42295 42396
42296 42397
42315 36937
42316 42351
42327 42352
42344 42532
42345 42381
42361 42399
42399 42575
42411 37078
42431 42465
42449 37073
42462 42479
42488 42520
42489 42557
42493 42493
42502 42540
42506 42598
42514 37094
42522 37204
42535 37342
42541 37138
42542 37139
42554 42590
42555 37177
42560 42616
42565 37163
42566 42618
42567 42619
42580 37212
42589 37305
42619 37328
42626 42644
42652 37381
42655 42693
42675 37339
42696 42736
42704 37359
42708 37387
42709 42728
42717 37341
42719 42754
42723 42729
42739 42747
42745 42734
42803 42753
42830 42724
43143 24150
43283 43127
43304 37998
43310 43106
43311 43107
43327 43200
43333 43216
43336 43165
43345 43136
43359 47024
43360 47014
43376 47026
43380 47046
43386 38113
43389 46970
43390 43206
43393 46981
43406 43209
43408 46977
43419 47076
43431 43308
43438 43252
43440 47093
43443 47034
43444 47035
43453 43269
43458 47041
43461 43280
43462 43281
43463 47125
43469 43189
43471 43285
43477 43292
43479 43299
43484 43300
43490 43315
43493 43301
43496 43316
43497 47050
43500 47045
43504 43394
43508 43404
43514 43408
43517 47061
43522 43341
43529 43255
43534 43352
43536 47120
43541 43448
43546 47131
43547 43367
43548 43366
43552 43367
43553 43366
43566 43382
43576 47127
43577 47114
43583 43429
43595 47223
43600 43447
43601 47230
43608 43430
43609 47200
43628 43552
43630 47170
43637 47129
43638 47191
43639 47192
43651 43460
43652 43489
43661 47202
43662 47270
43667 43440
43670 43401
43692 43496
43699 47168
43709 47264
43714 47305
43715 43630
43725 43536
43726 43537
43730 43668
43736 47315
43737 47244
43745 43554
43756 43520
43775 43586
43780 43707
43781 38647
43784 39247
43786 43700
43820 47333
43822 43672
43841 47345
43852 47436
43853 43665
43862 43710
43869 43784
43870 43835
43871 47339
43873 43831
43874 47452
43881 47461
43888 43805
43893 43752
43894 43816
43897 43879
43904 43746
43909 43721
43913 43837
43916 43838
43917 43755
43932 43782
43933 43827
43943 43875
43948 43945
43949 43929
43951 43820
43955 43788
43957 43949
43958 43813
43960 47483
43961 47484
43967 47487
43969 47435
43970 43909
43975 47498
43976 43977
43988 47552
43989 47553
43993 43998
44001 43848
44002 43987
44003 44002
44004 43840
44008 47489
44013 47555
44014 47500
44016 43970
44017 43971
44018 43841
44020 44063
44022 43922
44025 44010
44026 44008
44035 47578
44037 43882
44038 44062
44042 44088
44045 44058
44048 39077
44068 44040
44070 43957
44071 43958
44072 43990
44079 44055
44090 44109
44096 47547
44098 44122
44101 44078
44113 47575
44122 47611
44124 44014
44125 47607
44130 44103
44141 44132
44145 47615
44154 47621
44155 44106
44172 44199
44181 39221
44183 44083
44184 44084
44189 47691
44197 44171
44198 44172
44216 44247
44219 44121
44221 44267
44223 44246
44255 44216
44290 44255
44291 44256
44295 44328
44301 44327
44308 44205
44309 44347
44312 44270
44314 44266
44317 44211
44336 44319
44337 44274
44351 39519
44369 44277
44375 44422
44376 44364
44379 44471
44385 44302
44395 44314
44400 44324
44403 44389
44422 47756
44423 47746
44435 44427
44447 44454
44453 47818
44483 44465
44513 44475
44514 42615
44517 44548
44522 44526
44543 44496
44547 44458
44573 44677
44576 39875
44577 39876
44610 44645
44625 44575
44657 44662
44659 44535
44663 48020
44681 44600
44702 48027
44711 44633
44721 44712
44725 44745
44726 48048
44733 40228
44737 44744
44739 44777
44740 44778
44745 44684
44747 44651
44768 48085
44775 44765
44790 48097
44804 44879
44807 44839
44821 48169
44832 44852
44837 40430
44849 44905
44861 48161
44864 44882
44870 44899
44874 44972
44895 44828
44896 44829
44897 44830
44905 45002
44907 48192
44912 45006
44914 44901
44918 44944
44919 44812
44920 40477
44923 44977
44927 44966
44938 45015
44944 45034
44951 45028
44952 44998
44969 40472
44983 44962
44996 40548
45001 45057
45004 45067
45030 45069
45031 44974
45047 45065
45057 44982
45069 40584
45074 48206
45080 45041
45086 45003
45106 45036
45116 45110
45127 40769
45144 45079
45149 45260
45160 45148
45163 45116
45165 48363
45170 45202
45171 40693
45174 40794
45184 40789
45193 45239
45198 45128
45200 45290
45203 45249
45204 45246
45210 45235
45222 45262
45223 45263
45228 45264
45238 45279
45247 45180
45250 45287
45251 45200
45252 45242
45266 45307
45283 45310
45285 45367
45288 45289
45292 45321
45305 45312
45312 45277
45317 45292
45338 45363
45344 40978
45350 45369
45353 45355
45359 41070
45363 45390
45370 40971
45378 45407
45394 45436
45400 45438
45403 45394
45406 45402
45408 40959
45418 45398
45437 41051
45520 45603
45538 45504
45548 45516
45551 45459
45556 45520
45558 45544
45564 45538
45584 45663
45588 45514
45608 45597
45616 41380
45622 41391
45624 41379
45643 45690
45649 44777
45653 41350
45659 41370
45681 45679
45683 41569
45688 45685
45702 45806
45720 45846
45740 45785
45747 45668
45749 45755
45762 45814
45766 45781
45773 41523
45779 45799
45787 41684
45811 41687
45814 45869
45816 45896
45821 45890
45825 45952
45826 45953
45833 41651
45838 45892
45882 45931
45893 41823
45904 45894
45907 41837
45908 41838
45913 46043
45923 45974
45946 45973
45957 45941
46020 46059
46021 45947
46047 41851
46049 41893
46081 41950
46090 42003
46098 46110
46100 42044
46107 42059
46112 46079
46165 46124
46196 46207
46201 42285
46202 42273
46204 42291
46214 46290
46228 46205
46230 46186
46252 46250
46262 42072
46265 46343
46266 46344
46277 42190
46279 46339
46284 42362
46291 42272
46299 42210
46300 46277
46323 42232
46352 46309
46372 46294
46382 46278
46386 42459
46403 42428
46410 46316
46411 46317
46418 46455
46429 46470
46447 46359
46461 42446
46468 46370
46509 46438
46516 46396
46532 42460
46534 46490
46539 42542
46540 42543
46545 46446
46551 46436
46554 46504
46555 42500
46564 46457
46582 46506
46585 46527
46597 42551
46598 46568
46622 42639
46637 46577
46638 42685
46643 46494
46645 46579
46646 42696
46661 46559
46662 42670
46677 46526
46680 42708
46689 42705
46690 42706
46697 42608
46706 46616
46720 46617
46721 46618
46735 46646
46737 42772
46870 46624
47091 46922
47105 49576
47106 49577
47109 49600
47110 46947
47115 49581
47124 46961
47133 49599
47145 49649
47173 49619
47174 46937
47176 49574
47177 47013
47183 46950
47186 47021
47191 47075
47201 47044
47204 47027
47211 49683
47213 47104
47230 49609
47236 49655
47240 47139
47242 47118
47244 47121
47245 47122
47249 47147
47250 47142
47253 47031
47254 47150
47280 47107
47281 49726
47284 47081
47289 47102
47290 47085
47291 47086
47292 47146
47306 47137
47309 47096
47322 47233
47324 47109
47325 47167
47331 49739
47338 49733
47339 49786
47343 49809
47356 47186
47357 49812
47360 47135
47361 49825
47362 43456
47375 49799
47384 49790
47389 49849
47392 47228
47396 47237
47397 47268
47408 47207
47422 47239
47434 49843
47450 49834
47451 47290
47458 47288
47475 47313
47478 49901
47490 47397
47501 49889
47509 49831
47513 47347
47515 47400
47520 47352
47521 47423
47535 49934
47538 47369
47539 47342
47542 47460
47545 49862
47555 47354
47557 49877
47560 47443
47561 47444
47569 49929
47582 47414
47591 49978
47594 49984
47596 47450
47597 49952
47604 47421
47605 47510
47606 47511
47615 43930
47619 47416
47620 47475
47621 47561
47624 47556
47625 47557
47641 49990
47650 50025
47652 47532
47658 49982
47665 47490
47666 47554
47687 47629
47692 50055
47693 47518
47695 47617
47699 47568
47701 50054
47709 43978
47710 50042
47714 47639
47719 50074
47721 47649
47722 47596
47727 50024
47735 47675
47738 44095
47739 47610
47740 47614
47748 50110
47752 47652
47754 47653
47764 47709
47772 50105
47773 47664
47774 47665
47779 50063
47783 47723
47788 44283
47790 47685
47802 47702
47803 47703
47812 50126
47814 47758
47816 50113
47843 47738
47847 47798
47867 47766
47900 47784
47901 47694
47909 47840
47910 47841
47911 47771
47922 47736
47933 47864
47962 44437
47964 47774
47976 50204
47978 44445
47998 47755
48014 47919
48017 47871
48020 50236
48025 44468
48027 44443
48044 47895
48056 50274
48057 47940
48073 47937
48082 47976
48083 47999
48084 48000
48085 47945
48101 48001
48102 47975
48111 50319
48123 48016
48138 50347
48143 47965
48152 50411
48154 48057
48165 48075
48170 48144
48171 48145
48174 48004
48179 44803
48183 48008
48197 44821
48204 48119
48205 48120
48216 48158
48217 48132
48218 48133
48221 48122
48226 48059
48229 48147
48230 48148
48231 48166
48235 48167
48242 48146
48251 48176
48254 48183
48260 48101
48264 44823
48271 48192
48272 48193
48275 48103
48279 48197
48283 48102
48287 48215
48294 48212
48297 48249
48298 48250
48306 48272
48330 48187
48353 48326
48354 48327
48356 45097
48357 48285
48359 45089
48363 48313
48365 48329
48369 50467
48374 48360
48376 48351
48377 48340
48394 48352
48404 48375
48409 48371
48413 48284
48441 48310
48453 48405
48486 48335
48496 48439
48502 48370
48506 48424
48507 48425
48511 48430
48532 48450
48543 45210
48547 45346
48574 48548
48576 48482
48581 50647
48597 48544
48598 48513
48608 48518
48625 48547
48631 48613
48655 45581
48664 48528
48665 48529
48691 48622
48716 50764
48727 45722
48729 48654
48753 45608
48754 48739
48766 48661
48790 48721
48798 48690
48800 48796
48820 48698
48825 48761
48829 48734
48838 48748
48863 48806
48889 48821
48899 48810
48904 45801
48905 45950
48939 45944
48942 46023
48986 48923
48987 48924
48992 48942
48998 48985
49001 48935
49011 48947
49032 46086
49048 46184
49067 49019
49113 48999
49124 46119
49125 46174
49126 49069
49136 49018
49161 49064
49162 49065
49164 49071
49168 49076
49172 46194
49177 46331
49185 46335
49187 49104
49194 49204
49195 49205
49217 49225
49218 49226
49221 49142
49229 46394
49230 46310
49239 49241
49253 49164
49268 46435
49279 46363
49280 46475
49281 46476
49282 46327
49286 46387
49304 49212
49311 49222
49318 49251
49323 49228
49325 49266
49345 46451
49352 46453
49353 49297
49360 49272
49365 49292
49367 46445
49380 46472
49382 46515
49387 49329
49397 51260
49399 51245
49405 46542
49409 49345
49418 49343
49440 46582
49441 46583
49444 49366
49445 46635
49446 46599
49462 46526
49464 49379
49465 49330
49475 49387
49484 49399
49494 49402
49495 49403
49731 49582
49732 49583
49733 49576
49734 49577
49738 49600
49739 51472
49740 49580
49745 51459
49752 51485
49753 49599
49765 51466
49766 51496
49767 51497
49768 49614
49769 51474
49770 49633
49776 51508
49785 49654
49786 49620
49788 51516
49789 51517
49790 51518
49792 49653
49793 51526
49796 51524
49807 49716
49815 49690
49818 49681
49824 49728
49825 49730
49830 51549
49834 49663
49835 51477
49839 49704
49844 47105
49845 49710
49854 49754
49858 49711
49862 49723
49867 49696
49868 49697
49871 49724
49872 49725
49877 51588
49884 51576
49889 52707
49897 51593
49899 49801
49901 49743
49907 51599
49908 49768
49909 49769
49929 49779
49951 49820
49954 51616
49961 51595
49962 49834
49995 51624
49998 49867
49999 49924
50008 49879
50009 51643
50019 51683
50022 49893
50023 49894
50028 49877
50031 51672
50032 52809
50034 49904
50036 49911
50044 49963
50051 49950
50052 51684
50054 51660
50058 49930
50059 49931
50077 50006
50078 50007
50081 49937
50086 49982
50091 50046
50094 49953
50103 50015
50104 51751
50106 49967
50111 49977
50112 50041
50118 51741
50122 50042
50123 50047
50126 51757
50141 50100
50145 50110
50155 51770
50168 50111
50178 50130
50179 50139
50195 50119
50199 50092
50218 50132
50220 50124
50233 50129
50235 50188
50245 50194
50254 50162
50258 50191
50275 47820
50291 50199
50296 47836
50303 50204
50312 50205
50347 51876
50350 50245
50367 50265
50368 50275
50371 51896
50373 50331
50375 50298
50378 50224
50384 50289
50387 50308
50388 50355
50389 51913
50390 51914
50395 50360
50403 51919
50409 51924
50415 50330
50417 51918
50424 50347
50426 50286
50437 50366
50443 50316
50445 50368
50449 50398
50450 50370
50452 50432
50474 50409
50485 48178
50535 50415
50546 48237
50547 52025
50548 52026
50550 50449
50555 50427
50559 50424
50563 50450
50568 50485
50576 50493
50577 50465
50581 50447
50593 50452
50598 52051
50603 48225
50611 48340
50614 52053
50618 50472
50619 50479
50624 50544
50628 48361
50642 48371
50647 50584
50649 50588
50654 50512
50664 50572
50673 50583
50674 52083
50684 50569
50685 50570
50687 50549
50695 50613
50702 50618
50703 50619
50707 52089
50723 50607
50724 48486
50749 52122
50754 50663
50765 50643
50767 50671
50773 50673
50776 48544
50777 50679
50778 52134
50782 52144
50786 50658
50792 50672
50804 50753
50811 50704
50830 50719
50834 48622
50846 50764
50852 48614
50855 50801
50857 50806
50860 50805
50868 48727
50925 52278
50926 52279
50936 48761
50951 50841
50953 50799
50954 50800
50963 48806
50967 50859
50975 50892
50984 50826
50993 50901
51010 48836
51017 50917
51031 50928
51047 50946
51050 48892
51056 50983
51077 48959
51096 49050
51101 48932
51109 48946
51119 49103
51129 50999
51135 51037
51136 51040
51151 49068
51159 49158
51163 51000
51170 49040
51174 49109
51181 51117
51193 49044
51198 51065
51202 49126
51203 49127
51205 49180
51211 49141
51215 49231
51226 49241
51253 49223
51255 51110
51263 49253
51268 49283
51270 49227
51272 51188
51273 49192
51280 51135
51286 51178
51288 51148
51290 49212
51293 51179
51300 51161
51301 51174
51304 51181
51310 51211
51312 51199
51313 51207
51317 49294
51318 51190
51319 51191
51333 51205
51339 51212
51340 49332
51346 49345
51361 49363
51363 51234
51368 49377
51369 49400
51373 51268
51374 51269
51375 51270
51396 51274
51557 52644
51559 51424
51562 51423
51567 52657
51568 51404
51569 51405
51572 51432
51573 51439
51574 51440
51578 51446
51583 51451
51584 51452
51594 52670
51608 52680
51611 51507
51613 51488
51614 52681
51615 52693
51619 51480
51623 51521
51625 51473
51628 51493
51632 52706
51635 51532
51636 51533
51638 52676
51642 51504
51646 51520
51647 52682
51648 51515
51649 52714
51654 52696
51656 51529
51661 51535
51669 51495
51680 51582
51683 52741
51688 51565
51696 52747
51704 51611
51706 51610
51716 51590
51726 51637
51727 51567
51728 51601
51729 51602
51736 51616
51737 51617
51754 52778
51760 51661
51765 51633
51772 51652
51773 52811
51774 51681
51777 51663
51784 52804
51797 51677
51798 51699
51802 51664
51803 51711
51804 51712
51806 51716
51807 51717
51817 51725
51818 51726
51825 52830
51829 51733
51833 51737
51846 51731
51847 52862
51851 51747
51855 51764
51860 52844
51865 52872
51866 52877
51867 51771
51876 51763
51880 52878
51889 51774
51894 51791
51906 51786
51913 51789
51920 51804
51926 51784
51933 51842
51934 51843
51936 52893
51960 51831
51967 52930
51973 51820
51986 51877
51993 51853
51996 51882
52012 51887
52038 51891
52039 51892
52040 51893
52042 51930
52047 51936
52048 51933
52053 51944
52059 51956
52060 51920
52062 51961
52065 51980
52078 50439
52106 52034
52116 52014
52117 52049
52118 52050
52128 52009
52130 50520
52138 52060
52139 52076
52141 52023
52148 53036
52165 52093
52171 52080
52192 52104
52208 52126
52214 52131
52215 52132
52219 52111
52220 52112
52221 52128
52229 52140
52235 52155
52238 52149
52245 50676
52246 52161
52249 52166
52252 52172
52276 50784
52283 52190
52288 52181
52292 52202
52315 52218
52319 50815
52325 52287
52344 52260
52361 52285
52370 53809
52385 50933
52386 50934
52411 52345
52432 50986
52451 52376
52457 52362
52458 52363
52463 51038
52473 52430
52481 52385
52487 51028
52502 52454
52504 51024
52507 52411
52532 51103
52537 51116
52542 51114
52544 52476
52554 51146
52565 52462
52566 51118
52573 52465
52578 51180
52588 52481
52595 52479
52597 51198
52601 52486
52606 51177
52608 52502
52609 51171
52624 51201
52634 51200
52654 52527
52661 52543
52662 52544
52669 52537
52795 52642
52798 52614
52805 52656
52812 52672
52814 52687
52815 52662
52816 53434
52819 52675
52820 52665
52821 53454
52823 53451
52825 52677
52828 53450
52829 53443
52837 52699
52841 53466
52843 52710
52844 53473
52845 52725
52850 52718
52851 52719
52856 53954
52862 53477
52865 52731
52870 52760
52872 52742
52877 53489
52880 53490
52881 53491
52888 52775
52898 52762
52899 52771
52902 52763
52914 52785
52916 52773
52931 53510
52934 52821
52935 52822
52938 52832
52940 52819
52948 52812
52949 52813
52958 52867
52959 52866
52964 52850
52967 52880
52991 53574
52998 53572
53003 52898
53005 52920
53009 52925
53010 52912
53015 52914
53017 52916
53023 52928
53025 52931
53031 53592
53037 52941
53048 53600
53053 51875
53066 53625
53074 52980
53083 53626
53085 52979
53092 52985
53107 53014
53114 53664
53128 53003
53130 53025
53132 53000
53142 53032
53146 53046
53150 53051
53156 53045
53165 53024
53166 53054
53169 52063
53178 53052
53185 53036
53189 53040
53200 53058
53210 53102
53219 53094
53230 53090
53239 53100
53240 53126
53255 52214
53263 52232
53269 52213
53277 53163
53285 53782
53296 53162
53303 53152
53305 53175
53314 53166
53322 53171
53323 53172
53337 53190
53346 52333
53350 52351
53353 53217
53371 53228
53375 53232
53378 53255
53384 52341
53393 52379
53395 53251
53396 53252
53402 52398
53425 53853
53426 52402
53429 52455
53443 53300
53445 53279
53450 53281
53459 52466
53462 52494
53487 52499
53490 53318
53495 51201
53498 53317
53505 52514
53508 53335
53511 52531
53515 53350
53518 52516
53525 53354
53526 53361
53537 52545
53631 53429
53634 53438
53640 53930
53643 53454
53651 53942
53654 53456
53655 53457
53659 53960
53663 53462
53664 53950
53670 53463
53672 53482
53677 53493
53680 52775
53681 53478
53691 53982
53700 53995
53705 53518
53709 53993
53710 53994
53711 53521
53714 53996
53715 53519
53717 53511
53720 53525
53733 53530
53735 53542
53741 53544
53742 53557
53744 53559
53745 53560
53752 54304
53753 53567
53764 53574
53766 54029
53767 54027
53774 53588
53775 54036
53783 53591
53792 53606
53796 53614
53797 53615
53800 53608
53811 53613
53812 53635
53815 53620
53817 53623
53822 53655
53825 53657
53827 53641
53836 53672
53837 53673
53841 53675
53843 53669
53844 54080
53847 53692
53851 53698
53856 53705
53862 53694
53868 53712
53876 53717
53882 54100
53895 53722
53912 53766
53919 53776
53932 53774
53935 53173
53936 53174
53939 53178
53951 53798
53958 53215
53960 53817
53962 53807
53972 53829
54007 53270
54012 53852
54013 53853
54019 53866
54020 53867
54027 53275
54039 53868
54058 53882
54061 53877
54075 53894
54128 53932
54129 53933
54134 53943
54135 53941
54138 53936
54140 53938
54141 54264
54143 53951
54146 53965
54147 54271
54150 53972
54151 53961
54155 54283
54156 53981
54160 53976
54162 53991
54166 53985
54168 54001
54172 54007
54175 54019
54176 54012
54193 54319
54194 54320
54219 54056
54220 54341
54222 54066
54231 54058
54240 54079
54241 54088
54244 54093
54245 54094
54252 54084
54253 54085
54254 54089
54259 54105
54263 54102
54267 54110
54278 53741
54286 53752
54288 54116
54289 54122
54299 54121
54305 54136
54306 54138
54307 54133
54318 54141
54319 54398
54328 53811
54339 53812
54344 53815
54347 54168
54356 54173
54361 54181
54373 53861
54384 54204
54389 54210
54391 54211
54429 54254
54438 54262
54448 54475
54451 54273
54456 54481
54459 54282
54464 54486
54483 54309
54486 54310
54492 54321
54509 54510
54510 54511
54522 54355
54524 54362
54535 54367
54545 54380
54549 54381
54552 54139
54557 54148
54564 54153
54568 54403
54569 54404
54572 54403
54573 54404
54586 54183
54587 54422
54591 54192
54604 54439
54605 54440
54649 54476
54655 54483
54656 54484
54671 54495
54675 54617
54676 54618
54677 54503
54679 54626
54686 54515
54690 54521
54702 54367
54715 54537
54717 54543
54723 54398
54724 54551
54740 54417
54741 54418
54762 54580
54792 54592
54794 54679
54795 54596
54798 54599
54809 54691
54811 54613
54819 54624
54824 54628
54828 54703
54842 54633
54843 54632
54846 54707
54850 54639
54851 54640
54852 54649
54855 54644
54864 54654
54866 54656
54896 54743
54899 54680
54900 54747
54901 54750
54902 54683
54903 54684
54904 54685
54908 54687
54909 54688
54910 54689
54911 54695
54912 54752
54927 54704
54928 54702
54929 54762
54935 54710
54941 54711
54942 54713
54947 54718
54952 54721
54954 54728
54955 54729
54974 54746
54975 54748
54976 54750
54977 54754
54978 54755
54979 54791
54984 54765
54985 54806
54986 54807
54987 54767
54990 54769
54992 54712
54995 54777
55019 54796
55020 54795
55025 54800
55026 54801
55027 54802
55035 54810
55038 54816
55039 54814
55042 54783
55064 54836
55065 54812
55070 54850
55071 54851
55072 54845
55073 54852
55076 54855
55078 54861
55086 54864
55087 54865
55088 54866
