1811
36 19729
106 10680
231 19548
939 19385
981 30598
1197 7868
1298 30332
1299 30331
1348 19216
1356 19554
1473 19644
1474 19643
1476 19443
1590 19580
1620 30043
1641 19515
1676 18052
1742 17985
1743 17984
1744 19188
1748 18258
1810 19093
1943 18914
2092 18657
2102 30203
2109 18974
2256 29481
2278 18615
2333 29727
2350 18803
2365 18725
2375 18514
2460 18344
2478 17151
2479 17150
2624 17688
2779 17901
2788 29505
2881 17905
2896 17881
2975 17818
2976 17817
2992 18131
3024 16897
3025 22268
3066 37572
3088 17509
3125 29246
3193 17696
3237 17595
3299 17341
3405 17422
3473 29378
3520 17315
3540 40964
3556 17296
3572 17364
3614 17346
3755 17257
3760 28781
3790 17033
3803 28750
3814 16982
3974 16996
4066 28480
4157 17113
4214 16771
4328 28307
4375 16477
4398 16444
4421 28446
4423 16442
4458 16397
4632 16661
4908 28212
5018 28187
5024 15812
5033 27880
5065 15165
5081 28540
5268 16028
5313 43176
5847 15427
5886 36616
6231 27991
6458 14174
6749 13059
6922 27139
6929 13286
6952 27123
6987 42094
6997 26670
7005 13215
7090 27049
7157 26864
7192 26789
7228 26985
7258 26769
7406 27096
7422 27118
7469 26833
7487 27205
7585 26588
7659 13202
7788 13299
7789 13298
7806 26143
7807 26142
7960 26766
8080 13110
8093 26298
8155 26501
8196 26273
8197 26256
8218 26244
8281 35332
8307 25888
8308 25889
8324 26342
8345 26697
8375 12582
8379 26314
8402 12521
8403 12520
8422 25848
8453 26282
8500 26251
8610 11526
8717 25988
9281 12074
9282 12075
9352 11963
9447 12245
9461 11853
9507 11553
9576 25541
9577 25540
9590 25299
9607 34665
9625 13306
9782 11224
9829 10927
9928 10841
9929 10840
9958 10746
9979 11400
10009 11381
10258 10179
10298 10309
10361 8544
10408 24700
10428 24789
10454 9724
10462 25110
10530 10963
10536 10459
10638 8462
10639 8461
10670 24502
10674 24522
10742 8339
10743 8338
10773 8257
10774 8256
10802 9545
10855 8078
11025 9772
11222 9458
11243 24039
11366 9662
11460 10286
11474 10278
11478 9485
11520 8744
11546 24698
11565 8755
11601 8605
11629 9639
11646 9152
11924 7257
11995 24377
12052 24805
12183 9344
12300 9193
12510 33597
12531 8540
12596 9271
12705 9013
12793 23332
12794 23331
12827 23244
12884 8261
13164 15722
13363 22965
13381 6140
13448 6786
13465 5079
13506 23370
13526 6262
13591 23327
13593 23326
13672 5762
13694 5731
13695 5730
13733 22397
13737 23217
13738 23216
13829 23029
13870 24124
13874 4353
14000 4386
14057 5814
14076 4138
14205 23115
14389 6598
14393 3708
14493 21827
14518 3565
14539 6482
14540 6480
14570 5310
14676 4478
14757 6065
14760 7078
14845 6860
14873 22218
14892 6807
14945 22196
15060 22100
15070 21457
15142 22049
15145 6800
15159 21390
15168 22041
15415 3756
15780 2195
15841 1233
15854 21745
15884 21725
16003 20881
16341 20775
16354 4830
16355 4829
16517 21199
16535 5674
16536 5673
16787 5453
16792 4469
16843 31326
16897 31326
17209 21060
17210 21059
17245 4940
17279 3061
17295 4467
17435 3128
17471 2652
17519 4768
17675 21101
17748 19844
17768 19841
18347 3288
18706 20058
18817 806
18894 20213
18895 20212
19169 90
19739 24678
19807 30756
19827 19644
19837 19543
19858 30733
19954 30796
19958 19543
20020 30780
20039 30603
20048 29920
20055 19625
20071 19363
20079 30745
20119 19533
20150 19465
20213 30461
20228 30201
20259 30587
20306 30271
20447 30367
20465 18559
20474 30069
20481 18900
20563 30199
20586 29994
20606 30158
20688 37766
20715 38020
20807 29974
20808 29973
20831 29942
20834 18355
20837 29465
20949 29835
20976 17729
21063 29774
21149 37520
21173 29502
21207 17647
21209 29533
21219 29366
21221 29472
21234 17430
21247 17344
21248 29452
21261 17672
21263 29490
21305 17323
21307 29604
21317 29369
21323 29399
21329 29345
21383 29061
21407 29039
21411 29039
21473 29143
21481 16995
21492 29179
21556 37404
21590 28482
21602 29103
21603 17190
21613 28443
21622 16789
21632 17159
21647 28421
21650 29274
21653 28856
21658 29063
21700 28993
21705 28923
21706 28922
21721 28586
21740 28953
21765 28934
21767 28242
21788 32577
21795 37062
21797 16359
21827 16528
21835 16447
21847 16448
21852 16456
21911 37144
21936 29025
21940 28361
21944 28344
21966 37124
21990 16529
22103 36919
22165 36962
22334 28451
22341 36591
22370 36569
22374 15575
22387 36556
22388 28410
22389 28411
22456 15459
22457 15458
22469 28288
22486 15713
22487 15712
22494 15541
22522 28289
22546 28261
22582 28350
22629 27375
22659 11077
22794 36383
22795 36382
22867 36522
22890 36500
22907 36497
22984 36431
22990 26112
23001 27741
23038 36545
23048 36384
23064 36373
23081 14914
23140 27668
23208 36086
23261 27274
23271 36291
23279 36281
23298 36311
23299 36270
23305 35958
23317 36256
23348 36162
23355 27255
23356 36225
23403 36009
23452 36165
23486 27298
23541 26894
23675 35877
23692 26751
23766 35672
23841 35948
23852 40451
23863 26583
23882 26923
23900 26278
23901 26277
23939 35618
23985 35699
24002 26367
24014 26615
24015 35796
24054 35275
24062 26545
24063 26544
24077 35939
24150 12796
24159 26426
24223 12868
24224 35678
24246 25959
24298 12715
24299 12714
24327 26257
24344 26447
24377 35286
24378 26045
24400 12815
24412 26159
24434 35089
24452 35361
24506 26082
24528 35038
24529 35039
24566 41366
24633 12368
24684 34925
24690 25937
24710 34701
24768 35051
24769 35050
24781 26003
24788 26000
24806 12012
24896 35052
24947 25995
24974 25753
24987 11754
24998 25844
25005 11219
25019 25829
25065 26001
25072 25429
25073 25428
25083 25343
25120 25692
25148 25915
25221 1961
25244 24577
25265 24615
25266 24614
25286 34739
25357 10835
25358 10834
25385 25036
25407 25014
25408 25013
25496 25301
25582 9924
25711 33951
25771 25294
25830 24636
25860 24861
25875 9646
25909 9508
25916 9464
25951 9040
26029 9689
26068 9607
26077 33648
26124 33558
26231 9124
26236 33516
26252 24714
26259 33892
26284 23790
26361 23212
26436 40402
26531 24007
26579 33345
26662 8267
26816 24311
26831 33692
26862 23379
26930 7766
27078 23510
27098 22539
27158 32636
27166 23151
27171 32637
27197 33349
27200 22822
27386 33093
27418 32687
27439 33162
27538 23538
27605 23243
27639 32688
27664 22743
27668 32655
27669 32654
27675 23762
27726 23252
27731 22561
27742 22099
27782 22326
27795 23689
27799 32088
27853 22410
27910 23071
27919 32311
27941 23159
28017 13872
28079 23232
28175 5411
28186 5988
28188 22886
28257 5289
28305 5272
28332 23241
28361 31689
28388 23231
28411 23232
28543 5988
28545 5515
28568 23202
28576 23078
28583 31941
28622 5404
28638 31898
28731 22455
28794 31326
28829 22879
28846 31349
28847 31401
28859 4764
28860 4762
28881 31349
28886 22841
29059 21131
29081 4484
29126 31581
29174 22589
29193 21283
29194 21282
29199 22546
29203 4813
29232 21525
29259 21721
29325 20512
29349 21038
29379 20746
29633 20292
29806 20971
29831 31430
29868 1496
29898 20498
29966 3264
29967 3265
30546 30816
30659 30651
30698 38611
30723 38064
30724 38585
30804 30588
30853 37859
30897 30412
30898 30411
30907 43492
30911 30300
30922 38255
30923 38024
30924 38023
30948 38018
30949 38019
30974 38368
30997 38306
31020 38311
31021 38310
31022 30246
31058 30223
31104 37712
31127 43184
31175 37803
31237 37994
31305 29898
31310 29728
31345 29813
31359 37749
31389 29804
31397 37797
31443 37768
31466 29732
31578 37816
31583 29616
31624 37221
31639 37579
31676 37179
31679 42861
31755 37446
31770 37406
31782 29116
31785 37576
31802 29108
31815 29162
31821 37439
31825 37258
31852 29210
31854 4574
31883 37319
31924 28826
31941 28814
31943 37125
31946 37279
31947 37278
31972 42811
31978 29031
31988 29054
31993 37082
32005 36993
32021 28972
32025 28747
32036 37268
32039 37190
32068 42422
32074 28899
32079 42700
32080 42699
32081 36729
32086 42663
32166 37096
32186 42596
32260 28602
32269 37080
32307 36727
32315 37076
32316 37075
32394 28442
32400 42516
32425 28460
32477 37005
32526 42422
32535 28315
32536 28316
32572 28290
32787 42320
32800 36318
32834 28004
32874 42137
32898 42130
32899 42129
32905 35987
32924 36361
32965 42092
32999 41604
33009 6225
33014 42148
33044 42058
33056 27583
33094 36469
33225 36081
33259 27124
33261 36033
33264 36215
33284 36181
33313 35988
33348 35749
33386 41912
33387 35493
33415 41803
33416 41804
33439 41780
33445 35752
33475 35953
33477 41749
33487 35581
33517 35532
33547 26655
33563 35785
33572 35769
33580 26854
33600 41686
33618 26690
33621 35646
33639 35700
33647 35671
33650 41571
33672 35175
33716 35494
33738 41501
33741 26733
33768 26546
33781 41645
33817 41506
33825 35478
33830 41596
33839 26474
33866 35748
33876 34867
33890 41262
33899 35562
33904 41588
33912 35017
33913 35016
33948 26322
33949 41305
34014 34771
34019 41246
34037 35592
34044 35597
34051 26184
34112 35070
34116 26121
34123 26122
34135 41407
34150 35044
34151 35043
34260 34985
34261 34649
34267 35182
34320 35179
34321 34863
34493 35218
34501 35119
34506 34613
34527 34991
34553 34323
34583 25119
34645 25180
34653 34779
34676 34605
34697 25395
34787 34383
34837 34546
34937 25105
34968 40529
34975 25043
35030 41174
35086 33576
35113 45254
35155 34346
35189 33834
35237 40360
35243 40413
35249 33552
35303 34429
35319 34425
35320 34424
35322 8727
35326 40291
35330 40317
35379 24664
35395 40312
35451 34193
35456 40318
35457 34304
35484 40240
35499 40251
35551 18289
35575 40347
35608 40149
35677 33842
35701 39949
35729 39939
35806 33321
35833 33644
35851 40228
35867 25934
35875 33178
35896 39955
35924 33539
35932 23522
36075 40012
36142 33760
36156 32588
36174 32576
36195 39830
36221 23677
36252 39680
36259 39905
36265 32533
36286 39762
36287 39761
36342 40198
36365 23365
36373 32335
36391 39673
36444 33181
36497 32427
36503 39246
36516 22871
36524 39225
36525 39224
36584 33102
36617 33397
36627 32046
36637 33314
36650 23235
36652 33381
36692 33052
36711 39233
36722 32960
36764 39449
36833 39337
36836 39366
36887 39061
36905 39052
36906 39051
36961 32713
36967 38999
37019 33104
37081 39211
37190 32955
37206 32943
37211 32572
37276 30984
37320 21993
37338 39053
37357 38938
37403 32135
37439 35853
37537 31738
37600 38928
37686 39101
37741 31344
37767 38804
37768 38803
37811 31539
37853 21042
37901 31455
37906 32206
38143 43896
38237 43898
38291 43950
38335 43908
38380 43799
38392 38406
38404 43781
38408 38501
38415 38465
38437 43761
38450 47559
38470 43631
38482 43784
38485 47520
38486 38305
38492 43692
38498 38289
38502 38401
38503 30395
38509 38273
38520 43675
38521 43674
38569 38306
38582 38314
38595 43455
38607 43700
38612 43243
38651 47445
38658 47277
38674 47430
38687 43525
38720 38121
38721 38122
38730 38108
38781 47359
38806 37879
38807 37878
38827 37928
38848 43369
38855 43069
38874 43451
38875 43452
38888 47179
38904 43431
38919 43091
38925 37697
38932 43305
38944 43263
38954 43246
38968 43270
38970 43334
38999 43169
39018 43153
39022 42958
39026 37581
39031 43096
39036 43261
39060 43126
39071 42821
39072 37626
39108 46945
39114 42850
39129 42761
39187 43005
39203 37376
39222 37350
39255 46921
39297 47110
39305 46916
39309 37364
39345 42882
39353 46883
39376 37090
39391 42935
39397 42858
39439 46819
39460 46805
39479 42818
39509 42768
39541 37041
39542 37040
39606 37071
39657 46559
39673 42229
39736 46741
39802 36318
39835 46419
39837 42415
39849 42408
39850 46606
39858 42524
39882 46454
39918 36613
39939 42149
39986 46522
39991 42167
39998 46539
40033 46359
40081 36188
40129 42122
40147 46265
40148 36231
40151 46274
40152 46273
40153 46164
40154 46163
40157 42084
40158 42083
40162 36044
40166 41676
40200 46205
40203 46127
40220 41830
40240 36051
40241 46178
40260 41888
40276 41894
40281 42056
40304 41858
40331 41539
40369 46096
40384 41822
40385 41821
40392 35824
40393 41666
40412 41949
40413 41645
40423 41945
40444 41725
40456 41355
40508 41552
40525 41356
40559 45898
40620 41770
40648 45988
40649 45987
40812 45628
40829 45615
40831 45855
40836 45691
40837 45690
40862 41214
40865 40982
40869 41328
40895 35181
40901 40948
40970 40780
40977 41208
41086 34952
41104 41330
41129 41300
41236 41209
41274 40529
41276 45472
41285 34479
41286 45304
41339 34414
41362 34564
41370 34491
41375 45397
41430 40789
41492 45395
41495 45175
41572 45186
41581 34277
41612 34101
41630 40530
41659 45072
41677 24858
41691 45224
41692 44980
41702 40429
41722 34014
41732 39938
41770 44869
41789 40547
41816 44828
41822 45164
41841 33626
41870 44920
41898 44908
41912 40420
41920 44889
42033 40381
42038 39994
42105 39976
42139 39656
42151 39799
42270 44702
42298 44610
42303 40135
42345 33396
42346 33395
42355 40117
42368 44580
42369 44579
42372 44592
42400 44386
42401 44387
42402 40156
42431 44342
42462 40238
42473 32893
42562 44460
42585 44443
42620 39553
42642 39515
42644 33008
42701 39421
42704 32943
42717 38995
42719 39569
42731 32923
42732 32550
42745 32908
42779 44381
42782 32836
42783 39947
42785 35268
42798 39387
42810 44363
42812 39981
42843 39039
42846 39347
42991 3763
43028 32224
43065 44168
43068 39158
43116 38804
43117 38803
43128 44206
43152 38959
43173 39161
43199 38966
43211 31455
43227 39072
43563 43870
43565 43932
43566 43931
43581 47639
43583 43909
43595 47674
43599 43892
43600 43891
43608 43884
43632 43794
43636 50199
43637 47376
43643 50274
43650 50252
43652 43807
43655 47530
43699 47346
43723 47498
43725 43772
43726 43771
43762 43715
43763 43714
43768 43707
43802 47540
43811 43560
43846 47479
43874 47384
43880 43460
43881 43459
43909 47151
43913 43383
43917 43512
43933 47363
43943 47306
43958 43440
43975 47266
43987 49953
44004 49957
44013 47247
44014 47299
44016 47222
44018 47043
44024 43272
44025 43271
44026 47253
44035 43220
44037 47049
44048 42963
44065 43177
44069 47264
44079 47168
44082 43226
44124 47218
44130 47123
44132 47000
44177 49911
44192 47156
44197 42997
44222 42989
44228 47051
44268 49838
44308 42979
44310 42896
44311 42895
44317 42968
44326 49791
44351 37233
44357 49681
44392 42771
44409 46869
44416 46791
44435 46901
44460 46818
44468 46825
44477 46798
44491 46553
44507 49555
44510 49689
44513 42697
44573 46754
44613 42561
44663 49571
44667 46602
44673 49474
44681 46459
44702 46555
44721 49550
44725 49510
44733 42384
44785 46550
44786 46549
44790 49473
44807 46399
44819 49343
44837 42183
44899 49320
44907 46412
44918 46330
44919 41664
44951 46331
44996 46307
45004 49378
45018 41706
45106 49157
45113 46320
45116 49209
45164 41838
45165 41837
45171 46016
45183 49104
45187 46083
45191 46067
45193 49201
45194 46063
45203 46061
45204 46045
45222 49183
45228 46034
45233 41799
45236 41772
45237 41793
45238 46028
45239 45869
45247 45783
45249 46035
45250 49174
45251 45868
45252 41774
45266 46008
45270 41432
45288 41716
45290 46148
45292 49150
45298 45972
45313 49069
45325 49116
45351 49060
45353 41617
45354 45836
45359 46013
45372 46021
45378 49068
45379 49041
45394 49073
45408 45643
45412 41462
45520 45854
45524 45893
45527 41332
45538 48876
45558 48848
45616 41176
45622 41163
45643 41204
45693 40964
45734 48613
45747 45233
45761 48704
45814 40805
45815 48609
45827 48558
45831 45369
45870 48534
45888 48504
45903 45317
45907 40763
45913 45318
45932 40745
45968 45427
45977 48519
46001 48405
46021 48355
46079 48531
46094 45105
46107 45277
46131 45032
46138 45055
46145 45324
46155 40406
46165 48313
46190 45212
46197 44968
46201 44952
46202 44919
46204 44944
46262 48161
46265 44914
46293 44788
46304 45147
46323 44718
46380 40361
46410 40371
46411 40370
46447 48191
46556 44474
46586 44611
46588 47946
46608 48091
46625 45044
46646 44658
46680 44468
46691 40058
46706 47882
46714 44884
46715 44979
46735 44593
46736 44604
46737 39525
46739 44603
46741 44449
46747 44508
46758 44819
46813 44167
46835 44652
46837 44721
46840 39885
46873 44334
46882 39801
46883 44304
46908 44392
46934 39352
46963 44235
46974 44412
46981 47835
47013 44310
47023 47916
47218 52206
47249 50450
47250 47758
47253 50316
47316 47719
47334 47704
47391 52131
47396 50345
47409 50138
47448 50154
47450 50291
47461 47566
47466 52030
47478 50232
47515 50189
47528 53374
47551 50170
47553 50147
47554 50146
47555 50035
47557 51988
47562 47355
47642 50072
47688 47238
47689 47242
47699 47212
47700 51954
47710 50007
47714 47149
47719 47137
47721 47130
47727 50048
47735 47124
47738 43112
47748 49981
47754 49969
47774 49943
47783 47072
47802 49915
47803 49914
47814 47035
47847 46986
47851 51865
47863 47038
47886 51819
47903 49756
47933 46924
47934 49854
47940 49725
47998 49578
48012 51778
48017 46896
48088 46789
48146 49538
48165 46603
48171 46579
48179 46588
48197 46524
48226 51559
48231 49430
48236 46551
48248 51505
48254 51601
48275 51513
48301 51469
48325 49461
48352 49389
48359 49358
48373 51471
48380 46326
48386 46323
48394 49244
48407 51390
48413 49093
48462 49040
48486 51314
48499 46214
48506 49155
48507 49154
48508 48999
48511 51414
48533 46173
48535 51399
48543 48963
48547 49121
48608 51275
48625 51292
48638 45991
48647 51259
48661 45930
48666 49062
48686 49078
48716 49090
48729 45872
48754 48970
48766 48798
48790 45755
48794 51232
48820 51041
48825 48691
48847 48978
48856 45618
48868 50980
48883 50992
48893 45594
48899 50993
48904 48557
48935 50954
48950 45568
48956 48673
48992 48709
49017 45415
49048 48525
49065 50922
49092 50841
49113 50831
49117 48406
49124 50824
49125 48592
49126 48589
49168 50818
49169 48361
49177 48385
49178 48384
49181 50716
49185 48342
49187 50798
49198 48272
49213 50694
49214 40230
49230 45111
49247 48163
49253 50742
49282 48181
49291 48176
49304 48574
49311 50639
49323 48166
49345 48266
49346 50619
49367 45109
49378 50665
49380 45090
49405 48354
49512 48039
49560 44703
49569 50623
49575 48025
49586 44397
49650 50498
49653 47896
49656 47947
49684 47899
49759 52262
49845 50442
49858 52233
49886 50413
49908 50502
49909 50501
49910 50333
49925 53439
49929 52122
49930 53401
49931 53400
49940 52213
49941 50319
49964 50281
49992 52052
49995 52159
49999 50197
50019 52099
50031 52089
50033 51998
50036 50196
50062 50114
50077 50090
50092 51922
50126 51986
50157 53231
50164 49940
50168 49924
50182 49946
50199 49965
50209 49905
50228 53189
50233 51935
50247 53178
50254 49870
50275 49777
50304 51760
50310 51709
50357 49752
50373 49704
50403 53153
50405 53104
50413 53112
50414 53111
50416 51693
50441 51588
50449 49620
50467 51642
50474 51657
50512 53027
50513 49531
50535 53016
50546 49502
50551 49460
50555 53971
50559 52981
50584 51439
50593 52972
50598 53015
50618 52946
50628 49290
50637 51538
50649 49322
50652 51564
50654 52910
50677 51450
50687 51316
50690 49302
50702 52949
50703 52948
50711 52881
50735 51365
50767 51343
50776 49165
50784 51373
50843 52804
50846 49090
50860 51303
50874 49058
50880 52765
50896 48836
50916 52766
50917 53790
50925 52729
50948 51058
50954 52660
50957 51077
50958 52693
51016 52670
51047 51164
51056 52701
51058 51080
51059 51079
51119 52616
51134 48627
51135 48626
51163 52467
51181 52539
51193 52441
51202 52499
51203 52498
51236 50808
51270 48452
51290 48574
51304 52392
51318 52427
51319 52426
51334 48486
51339 50663
51372 52337
51395 50660
51416 52425
51428 48336
51434 50672
51454 50641
51473 50645
51647 54325
51674 53508
51688 53509
51691 53487
51692 53486
51716 53491
51726 52164
51728 52200
51729 52199
51758 54239
51771 52124
51774 52101
51783 52117
51784 53414
51797 52095
51802 53415
51806 52062
51807 52061
51833 53344
51875 54191
51920 51924
51924 53233
51960 51901
52038 54025
52047 53136
52048 53133
52077 53025
52088 52992
52092 51650
52093 51649
52116 53974
52136 51584
52138 53006
52141 53934
52174 53903
52191 52960
52199 53916
52208 52926
52214 52916
52215 52915
52229 52904
52235 52894
52240 52895
52245 52889
52283 53846
52316 53821
52319 51295
52320 51294
52335 53852
52349 52731
52361 53805
52391 51239
52402 52826
52411 51187
52432 52707
52451 51123
52458 53707
52481 53726
52502 53731
52513 50959
52523 53653
52537 52551
52566 50934
52567 50933
52574 52457
52588 52669
52601 50985
52608 52601
52624 52575
52668 50891
52673 52382
52700 52417
52720 52409
52723 50761
52772 52341
52862 54322
52873 53482
52896 54299
52916 54824
52923 53408
52934 54264
52940 53407
52951 54817
52953 54812
52958 53345
53005 53271
53007 13799
53010 54159
53023 54138
53050 53199
53065 54731
53068 53174
53079 54062
53085 54054
53096 54066
53100 54067
53130 54009
53132 54637
53137 53981
53141 54658
53142 53050
53146 53999
53150 53066
53160 54020
53185 54616
53220 54592
53223 54613
53233 52915
53259 52902
53260 52901
53285 52868
53303 54522
53347 53758
53375 52769
53459 52627
53488 52585
53495 52575
53547 53724
53591 53593
53665 54327
53681 55198
53710 54840
53733 54243
53735 54818
53736 54819
53744 54207
53746 54805
53797 55157
53804 54718
53812 55146
53815 54692
53817 54685
53825 55136
53836 55131
53837 55130
53843 55121
53855 55120
53870 54681
53919 54609
53932 54549
53951 54573
53953 54553
53958 54542
53966 54545
53970 53842
54007 53785
54039 54481
54061 54410
54075 54425
54101 54392
54151 55443
54163 54846
54166 54847
54189 54793
54231 55114
54238 55366
54241 55133
54244 55118
54246 55102
54252 55094
54262 55098
54263 55097
54268 55100
54273 55351
54281 55072
54290 54630
54305 55084
54306 54596
54327 55052
54328 55051
54343 54561
54344 54560
54384 54503
54388 54993
54389 54994
54396 54988
54398 55255
54400 54955
54401 54953
54410 54943
54418 54922
54456 55227
54471 55581
54472 55203
54483 55414
54489 55562
54506 55397
54509 55560
54518 55549
54519 55548
54521 55367
54529 55542
54530 55128
54549 55326
54563 55511
54578 55050
54586 55303
54587 55493
54604 54987
54605 54986
54614 54974
54621 54944
54652 55704
54655 55588
54679 55417
54689 55555
54690 55671
54710 55649
54715 55642
54717 55646
54768 55284
54774 55489
54809 55771
54812 55579
54817 55576
54843 55747
54855 55740
54860 55647
54867 55524
54900 55779
54908 55703
54927 55762
54941 55796
54947 55741
54948 55648
54965 55784
54982 55760
55008 55725
55026 55873
55027 55872
55035 55870
55042 55868
55063 55885
