1476
1308 19251
2285 51621
2400 6429
2787 28012
3066 17906
3124 17862
3473 18727
3568 19114
3577 19121
3598 19105
3679 17443
3915 18823
3985 17869
4021 35926
4043 18378
4421 16712
4458 17976
4508 18335
4523 16081
4579 16008
4627 18231
4984 17548
5319 15224
5382 30983
5574 28131
5638 17351
6137 28809
6917 16320
6952 15156
7030 16126
7056 16323
7090 27688
7204 15246
7258 14040
7306 27587
7338 14994
7470 27137
7647 14870
7648 14869
7663 26715
7798 38002
7821 13480
8048 13558
8077 15495
8085 15238
8094 15238
8197 13491
8308 26234
8379 27138
8420 14036
8453 27101
8500 27064
8513 27701
8610 12780
8786 14918
8802 14843
8974 13612
8975 13611
9022 14708
9049 13779
9054 13534
9129 13779
9170 13779
9416 14007
9492 13523
9495 13922
9576 26164
9577 26163
9714 13708
9829 12853
9878 13552
9914 13384
9986 13436
10125 13264
10197 13040
10276 12287
10299 12316
10409 25269
10463 10178
10523 25148
10536 12893
10638 9938
10670 25034
10802 25800
10898 13110
10905 15227
11222 11976
11305 25925
11366 12035
11525 11497
11565 11455
11601 11356
11647 8652
11674 9527
11751 24887
11851 24748
11932 10454
11975 9136
12052 25632
12193 11283
12221 10882
12302 10894
12317 25134
12531 10616
12701 24116
12715 24111
12840 9901
12951 23737
12996 25023
13094 9674
13178 9946
13184 9869
13380 8652
13381 8651
13454 9608
13506 24673
13553 9072
13617 24181
13715 8717
13738 24491
13780 10157
13810 22732
14057 24317
14067 32466
14276 8101
14288 24114
14337 8021
14389 8718
14393 22246
14441 22840
14445 24151
14506 24128
14539 8603
14570 24048
14651 8479
14675 23005
14676 23004
14753 6429
14760 8934
14812 7743
14813 7744
14836 23738
14852 23907
14873 22877
14878 23547
14910 22869
15060 22794
15088 23560
15142 32601
15149 23652
15159 21652
15168 32582
15184 23909
15187 22361
15237 8611
15324 22582
15325 22581
15327 8524
15337 23564
15340 22569
15348 22533
15498 54279
15739 6107
15780 21576
15799 23424
15868 32722
16016 7235
16019 4808
16047 22155
16130 21443
16349 23031
16353 7868
16481 7415
16482 23947
16517 21813
16518 21812
16596 21119
16603 21107
16672 6611
16673 6563
16792 6462
16814 6495
16815 6494
16829 6422
16894 6366
16984 1741
17545 22118
17562 31028
17614 20994
17768 30798
17820 21034
17881 21714
18083 20439
18096 5758
18454 19590
18492 21865
18533 4969
18701 20160
18882 4191
19070 4396
19194 4426
20114 33968
20541 29548
20704 29950
21058 37656
21067 19316
21072 19371
21080 19248
21081 29964
21121 19389
21149 29356
21173 18895
21221 18860
21234 19228
21248 18821
21283 18728
21286 18711
21287 18710
21300 18663
21383 29469
21407 29442
21411 29442
21414 18877
21416 18817
21473 29769
21475 18738
21476 18737
21481 18776
21602 18322
21603 18587
21654 29682
21715 28941
21737 28349
21746 28352
21755 18008
21774 29434
21776 36488
21792 18456
21805 18349
21827 18427
21846 28820
21919 28971
21990 18059
22004 29467
22044 17603
22064 29268
22072 17947
22099 17904
22187 28826
22190 17732
22223 28507
22231 28683
22334 29097
22351 29114
22364 28011
22369 29104
22374 17286
22453 28236
22456 28952
22457 28951
22486 17324
22487 17319
22582 17196
22600 17208
22729 17004
22744 16992
22794 36148
22895 44814
22907 28188
22926 28156
22945 28143
23041 16639
23048 28034
23064 28021
23089 27992
23170 28003
23171 16452
23202 16286
23231 27956
23271 27970
23274 27946
23287 16175
23299 27932
23317 27916
23321 28129
23332 27889
23336 27902
23356 27881
23381 27867
23470 28064
23524 28255
23536 27689
23594 27599
23605 46084
23638 27647
23654 26995
23671 15548
23859 27817
23863 27385
23882 15249
23900 26805
23917 15212
23918 15211
23932 27342
23951 15393
23985 35744
24002 27177
24011 15376
24079 35406
24144 14841
24150 15087
24169 27354
24171 26987
24177 27337
24246 35348
24280 26641
24319 14519
24343 14523
24344 14522
24378 26873
24400 14672
24412 27054
24496 41425
24506 26971
24624 26875
24645 35357
24656 27068
24668 27060
24686 26540
24713 34828
24741 13997
24742 13996
24781 26933
24788 26938
24815 26911
24836 26879
24879 13656
24910 13804
24974 26676
24998 26749
25042 26639
25068 26739
25073 26177
25083 26099
25092 35273
25120 26475
25183 26482
25187 12876
25265 25170
25266 25169
25283 26324
25308 12620
25309 12619
25343 34569
25368 26617
25468 34477
25496 26227
25532 51111
25543 12379
25582 12236
25638 26244
25640 33930
25671 12479
25685 25939
25738 11958
25757 26132
25762 12128
25818 11703
25847 34224
25909 11521
25951 11479
26114 11390
26137 25798
26156 11035
26168 4172
26203 11213
26235 7611
26236 33593
26242 25621
26252 25544
26260 24574
26288 34385
26298 25510
26452 33234
26579 33370
26602 33721
26617 10103
26721 25213
26743 39808
26761 24001
26794 10017
26862 34030
26906 33433
26941 40597
26957 33944
26966 33700
26991 32723
27003 9404
27063 24711
27336 40149
27418 32676
27554 33580
27639 32776
27668 32746
27669 32745
27731 33427
27742 32639
27753 32598
27782 33241
27783 33240
27852 31935
27941 23979
27947 33167
27965 32490
27987 33773
28216 39099
28263 24150
28266 22832
28361 31698
28377 23663
28462 23565
28542 31603
28638 31938
28644 21599
28731 23310
28824 31512
28825 23183
28829 23573
28905 9982
28948 31807
28968 31291
29109 21153
29139 38581
29194 32177
29202 23228
29232 22321
29246 6463
29259 22524
29261 32124
29304 6128
29311 30673
29349 32039
29488 22797
29597 31721
29701 31784
29716 31571
29845 31172
29850 30342
29867 31437
29898 31564
29951 21249
29978 21775
30026 31362
30224 41434
30853 37297
30876 17189
30924 37633
31127 37039
31397 37666
31418 29993
31439 29963
31500 30073
31506 30070
31569 37697
31613 29755
31639 29724
31670 29676
31745 29772
31770 29706
31785 37436
31802 29719
31821 29702
31868 29519
31910 29579
31932 37305
31933 37304
31939 29491
31959 37254
31972 36930
32025 29304
32044 29206
32059 29389
32062 17899
32183 29255
32185 37121
32204 36612
32243 29251
32382 29082
32447 36932
32552 28865
32642 36570
32712 36470
32865 28653
32885 16372
32905 35598
32912 36248
32915 28360
32965 41609
33095 28190
33139 36045
33176 35997
33259 36295
33264 36354
33287 41374
33291 35987
33360 36212
33399 35805
33431 27342
33445 35781
33473 41615
33487 41439
33517 35441
33523 27425
33547 27426
33572 27363
33587 41364
33611 41381
33621 27059
33622 35264
33639 35801
33647 27266
33728 35980
33741 35925
33767 27494
33768 27288
33781 41463
33803 35894
33804 27223
33826 41425
33830 35466
33909 35569
33912 34900
33913 34899
34027 34625
34036 40808
34037 35604
34051 26934
34066 35619
34112 35185
34116 26858
34151 41207
34152 35168
34198 35141
34199 35142
34320 35303
34329 35320
34331 35051
34356 41238
34360 26443
34361 26442
34374 35295
34394 35278
34492 26549
34501 26424
34502 34846
34506 34832
34527 35121
34553 34503
34566 40727
34571 40681
34612 40689
34619 35079
34628 12710
34645 35054
34653 35060
34662 26172
34676 34972
34732 40561
34787 34833
34919 34772
34948 25740
34968 40170
34995 24672
35099 40187
35109 25657
35111 34536
35209 34522
35210 34523
35221 34620
35242 40734
35249 33802
35258 33793
35322 34650
35326 39924
35359 33747
35456 40088
35538 25121
35544 34283
35575 40214
35608 39707
35677 34078
35701 39413
35811 44237
35827 39622
35832 44005
35875 40105
35896 39517
35931 39537
35932 33848
35994 33784
36008 40048
36030 39998
36060 39407
36126 24530
36147 33733
36150 39907
36151 39908
36156 39451
36178 33413
36180 39874
36199 33687
36226 38956
36265 33039
36286 39359
36287 39358
36291 39764
36386 39273
36398 39584
36433 33399
36434 33400
36513 31967
36516 33356
36524 38690
36584 33297
36617 33548
36723 38781
36765 39052
36773 38570
36775 39049
36874 33052
36901 31843
36927 32627
36947 38594
36961 32940
36967 38604
36968 38603
36992 23099
37054 43418
37116 38511
37117 38510
37138 38707
37139 38706
37143 38974
37144 38973
37166 33066
37190 33024
37218 31465
37248 38650
37302 39039
37309 31374
37319 32865
37357 38564
37489 31846
37490 38889
37513 37981
37599 38028
37623 30812
37750 38865
37752 38369
37762 31642
37774 30932
37894 38578
37901 38710
38412 8542
38529 37404
38540 42796
38775 37738
38797 37724
38848 42827
38855 42392
38856 42393
38874 42902
38875 42903
38919 42491
38954 37507
38960 37645
38986 42800
38989 37600
39031 42670
39034 37550
39035 42755
39036 42754
39038 37578
39051 42734
39114 46227
39117 37468
39121 29743
39129 42107
39136 37463
39161 37311
39165 29632
39184 37393
39203 37364
39212 42280
39218 42626
39230 37313
39232 37303
39255 42247
39309 37249
39317 37239
39333 37264
39345 42441
39388 42436
39439 42098
39469 46099
39475 29148
39479 42487
39499 36972
39500 36971
39557 42380
39560 42105
39561 42104
39598 36932
39634 36902
39646 36889
39673 41643
39685 41630
39707 45798
39837 42087
39849 36528
39850 41930
39882 45722
39973 41846
39991 41826
39998 41889
40018 36346
40028 36359
40081 36266
40133 45500
40147 41501
40151 45627
40153 41260
40157 36151
40158 36150
40172 41475
40200 45547
40202 41215
40203 41214
40206 41213
40240 36046
40241 45532
40361 41672
40369 45439
40384 35710
40385 35709
40393 41485
40413 41463
40422 35893
40427 41024
40430 41452
40431 41451
40437 41702
40446 41225
40448 45775
40449 35836
40483 35747
40508 41370
40525 41001
40534 41478
40535 41477
40559 40954
40601 40808
40613 45430
40671 41208
40672 41207
40686 35498
40779 35333
40783 35358
40795 41302
40812 40545
40829 40517
40841 35300
40862 41047
40987 40681
41086 35086
41104 41138
41125 41043
41129 41116
41169 41009
41274 40170
41277 40376
41285 40896
41286 44636
41326 34787
41339 34679
41346 40861
41353 44776
41370 34720
41375 44941
41382 40731
41386 40765
41430 40732
41436 23440
41479 40845
41495 44455
41515 44561
41605 44376
41659 44327
41681 44410
41691 44762
41734 44334
41800 44289
41858 44646
41871 44249
41912 40206
41928 44612
41955 39993
41967 39989
41969 39988
41998 44193
42024 40320
42025 44425
42038 44421
42040 40049
42055 39946
42062 39983
42076 39898
42081 44382
42097 40057
42108 38956
42159 44051
42160 44050
42165 39822
42174 33771
42220 39247
42229 39956
42270 47563
42296 39883
42331 40098
42346 33545
42369 43864
42400 43644
42401 43645
42438 43559
42554 43977
42560 39554
42561 39215
42562 43764
42593 5418
42633 39702
42635 43406
42703 43251
42717 43424
42730 43356
42743 43208
42779 43668
42780 43667
42783 39574
42798 43841
42830 43164
42831 43150
42833 39307
42923 39216
42985 38832
42996 38028
43065 43420
43085 38881
43116 43325
43117 43324
43174 30599
43193 38005
43199 43481
43211 38710
43227 43527
43699 46470
43756 46510
43913 42851
43931 42923
43932 42922
43933 42929
43937 42295
43943 42811
43975 42775
44007 42847
44011 46650
44024 42846
44025 42845
44026 46649
44048 46304
44069 42751
44075 42742
44079 42648
44082 42729
44090 42719
44121 42688
44124 46567
44130 42584
44132 46313
44145 49092
44146 49091
44154 42572
44169 42646
44181 48863
44189 42655
44193 42622
44197 42533
44218 37325
44242 46463
44268 48957
44279 42442
44290 42470
44310 37212
44323 37186
44329 42521
44337 42471
44362 42492
44375 42462
44392 42373
44416 46126
44431 46121
44491 45749
44507 48638
44513 42300
44522 42111
44572 42222
44632 42173
44663 45981
44682 45742
44721 45925
44725 45903
44733 42082
44754 45866
44776 45841
44786 46004
44790 45825
44832 45818
44837 41951
44864 45940
44870 45784
44874 41872
44878 36333
44886 41933
44919 41243
44962 48464
44976 41460
44996 45761
45001 45745
45004 45752
45061 45642
45094 41631
45106 45261
45111 41669
45126 41662
45143 45169
45147 48295
45174 45507
45183 45202
45184 45496
45194 45492
45206 48466
45223 45457
45229 45447
45238 45453
45241 48450
45242 45429
45247 45070
45257 45438
45266 45434
45290 45582
45292 48433
45293 45262
45298 45406
45299 45393
45340 45339
45344 41153
45350 45328
45371 41287
45377 41287
45378 45278
45379 48291
45393 45448
45406 48271
45408 44966
45412 41266
45441 45148
45520 45342
45538 48125
45564 48117
45583 45265
45587 41033
45589 47935
45616 40986
45622 40969
45643 45226
45666 7472
45761 47966
45821 45086
45826 44926
45827 50049
45888 47712
45907 44905
45908 44904
45913 44828
45931 40533
45932 40532
45968 40456
45977 44589
46001 47618
46021 47503
46079 47900
46094 47883
46107 44699
46122 47826
46138 44581
46141 49784
46159 44611
46162 44466
46194 43789
46196 44627
46198 47782
46202 47735
46203 44448
46232 44617
46256 47257
46262 47261
46265 44404
46266 44403
46267 47422
46288 47480
46322 47675
46323 47460
46385 47581
46386 47580
46447 47384
46531 47566
46539 47529
46584 49752
46585 44251
46586 43941
46588 49610
46608 47297
46614 47582
46661 47215
46662 43633
46675 47180
46680 43785
46691 39674
46706 49571
46723 47064
46736 43961
46737 43950
46751 47386
46760 47149
46825 46835
46834 47446
46856 43297
46874 47243
46883 43617
46891 43591
46892 43098
46946 47218
46952 46836
46953 43022
46974 43738
46980 46978
46981 46977
46992 46787
47013 43597
47319 49201
47449 49232
47452 49097
47466 49079
47517 49178
47560 46654
47620 46655
47621 49278
47627 49295
47628 49230
47641 49229
47647 46648
47662 50921
47670 46615
47688 46582
47695 46578
47700 49087
47701 46534
47719 46544
47722 49018
47727 46533
47748 46531
47754 46444
47816 48944
47819 49134
47850 42506
47863 46391
47896 48886
47923 46359
47933 46370
47981 48795
47985 48661
47998 48647
48042 46217
48047 48722
48085 48924
48123 48729
48130 48768
48139 48757
48150 48727
48159 46024
48172 50593
48197 45926
48209 48516
48297 48655
48298 48654
48301 48401
48321 45871
48363 48566
48390 50406
48393 45207
48394 48539
48400 45739
48407 50413
48442 48507
48444 50627
48447 48500
48456 48487
48506 48441
48507 48440
48532 48417
48543 50295
48547 48402
48564 50397
48597 48446
48716 48361
48729 45294
48794 48249
48798 40398
48820 47849
48823 47787
48825 50189
48863 45055
48883 51663
48893 45014
48899 51679
48909 48220
48949 44872
48973 48001
48989 49989
49020 49948
49043 49916
49049 50148
49065 50108
49071 47955
49077 49944
49092 49883
49107 47902
49125 47881
49129 50077
49160 49990
49168 49870
49169 50013
49172 44706
49177 50037
49185 49999
49186 47839
49187 49842
49194 50008
49195 50007
49198 49839
49230 44500
49282 49770
49291 49768
49304 47817
49323 49766
49332 44365
49353 47680
49374 47662
49378 49702
49379 47655
49382 49865
49387 47610
49400 49621
49441 47463
49479 49577
49493 46909
49512 49687
49536 47532
49574 49709
49612 49634
49635 46874
49642 47450
49649 49636
49650 49538
49656 49625
49665 49588
49666 49587
49992 49147
50038 15192
50071 49300
50072 49295
50076 49287
50105 49241
50111 50887
50126 49164
50127 46540
50145 46531
50179 49165
50186 49160
50199 49125
50200 49124
50212 49135
50245 49105
50263 49094
50275 50893
50286 50877
50304 50795
50312 50958
50334 50699
50357 48915
50371 50898
50373 46183
50395 46135
50396 48904
50408 48901
50415 50755
50416 50751
50417 48885
50459 50724
50474 50702
50485 50799
50513 50762
50535 51967
50546 48754
50550 50589
50554 50647
50559 50468
50571 51944
50575 50717
50593 51922
50598 52015
50608 48634
50609 48659
50619 50416
50626 50406
50637 48609
50649 48592
50654 51877
50667 50367
50677 50538
50687 50334
50691 50599
50699 45635
50702 51958
50703 51957
50735 50465
50743 50264
50767 50448
50771 51859
50776 48446
50784 50499
50785 50498
50795 39000
50846 48361
50860 50422
50874 48329
50916 51814
50925 51745
50936 50189
50943 51742
50948 51722
50954 51641
50957 50165
50983 51618
50992 51691
51016 51695
51044 50297
51056 51757
51077 48055
51089 49948
51096 51709
51119 51693
51124 51567
51134 50155
51135 50154
51137 51676
51146 50077
51163 51463
51174 50138
51181 51627
51193 51437
51202 51523
51213 51621
51235 15649
51236 51588
51242 52631
51249 50070
51255 51459
51269 50027
51270 50028
51283 50019
51293 51635
51300 49705
51304 51420
51317 49850
51322 51505
51339 49698
51343 49925
51416 51473
51436 51453
51450 51351
51454 51447
51455 49699
51467 47283
51468 47282
51470 51344
51473 49731
51496 49632
51505 51388
51517 49588
51518 49587
51797 51167
51833 52344
51860 51101
51868 51100
51876 51045
51889 51035
51894 51074
51906 51020
51912 52283
51923 51017
51928 51022
52020 52184
52026 52184
52032 50867
52047 52128
52048 52117
52088 51952
52092 50737
52116 51993
52138 52006
52139 52044
52171 50614
52192 51959
52199 51897
52209 51887
52214 52886
52215 52885
52229 51924
52235 51914
52240 51915
52245 51907
52252 51898
52276 51925
52283 52802
52325 50389
52335 51863
52367 50371
52386 51793
52387 51795
52391 50344
52402 51833
52411 50286
52412 53454
52421 52669
52432 51761
52451 51760
52515 52564
52550 52692
52566 51655
52567 51654
52574 51478
52595 51460
52601 51677
52608 51637
52609 51559
52616 51630
52682 51394
52692 52439
52700 51466
52708 51446
52720 51457
52735 51444
52934 52374
52935 52373
52943 52354
52958 51124
52998 52284
52999 53135
53029 53046
53037 53070
53048 52223
53053 52211
53074 52192
53089 52113
53110 52121
53131 52096
53146 52980
53147 52076
53156 52093
53185 52864
53220 53497
53229 50577
53232 52886
53233 52885
53237 52924
53247 52912
53303 53427
53338 52816
53346 51812
53371 52779
53375 51779
53445 53364
53526 53376
53537 52627
53599 52444
53715 53176
53733 53171
53742 53700
53795 53626
53796 53625
53797 53620
53801 53091
53807 53080
53825 53594
53837 53587
53843 53960
53853 53022
53858 53520
53947 53498
53952 53907
53953 53486
53970 52807
54007 53438
54008 53437
54015 53826
54020 53819
54056 53365
54061 53774
54173 53713
54176 53162
54231 53944
54262 53929
54263 53928
54268 53950
54273 53938
54286 53926
54299 53885
54305 53930
54306 53919
54325 53891
54328 53883
54342 54156
54391 54092
54398 54088
54410 54097
54418 54083
54485 54037
54489 54262
54499 54021
54506 54259
54512 54004
54538 53964
54552 53916
54557 54189
54563 54353
54586 54158
54604 54135
54605 54134
54609 54327
54690 54389
54710 54480
54717 54479
54725 54194
54816 54413
54843 54565
54858 54554
54860 54478
54874 54467
54934 54567
54952 54475
54965 54601
55002 54551
55008 54614
55038 54667
55063 54702
55065 54621
