1831
300 30029
441 29992
458 30139
555 30081
610 18477
812 18269
851 18436
861 29837
862 29836
890 29914
1018 18204
1046 18035
1089 17989
1284 17735
1364 29510
1429 17596
1478 29460
1481 14637
1722 17503
1723 17502
1748 17247
1822 17481
1840 17459
1899 29192
1914 17060
1968 16972
2029 16897
2034 29194
2035 29193
2064 17126
2158 29000
2178 17052
2286 16882
2287 16883
2291 16624
2297 29096
2321 29023
2371 28995
2577 16418
2791 16465
2836 16414
2920 16111
2940 16074
3203 16097
3269 28433
3284 15888
3392 15765
3428 15612
3474 47073
3651 28222
3757 15246
3875 15209
3988 14699
4065 15260
4078 27927
4130 14925
4202 27911
4211 14774
4257 27831
4272 27820
4274 29798
4282 14681
4291 14763
4297 14681
4419 14895
4446 14598
4447 14597
4523 14554
4626 27600
4662 14360
4776 14278
4942 27424
4957 14085
4990 14323
4991 14322
5021 14299
5037 14003
5038 13994
5070 13650
5103 13877
5141 27359
5142 27358
5206 13835
5286 13758
5454 13934
5684 13164
5685 13163
5771 26821
5781 13013
5878 12746
5885 13153
5960 13062
6015 12796
6037 12986
6064 12963
6130 26903
6158 13120
6161 12808
6167 12544
6202 35386
6220 12809
6228 12797
6234 26797
6265 12769
6290 12725
6291 12724
6319 12831
6342 13167
6376 12655
6381 12641
6681 12089
6703 12333
6717 26303
6718 26259
6740 26650
6811 26191
6873 26155
6937 11777
6944 26230
6945 26229
7052 11986
7187 11366
7188 11365
7214 26011
7223 11456
7435 11083
7512 25868
7590 11457
7693 25676
7700 11513
8214 25332
8261 34454
8283 10135
8439 10800
8441 25316
8484 25261
8517 10027
8519 25103
8766 23330
8925 25157
8950 10161
8982 10139
9052 24866
9082 6661
9135 9636
9156 10536
9198 10519
9242 24695
9243 24694
9300 24858
9346 9424
9656 36181
9703 24729
9707 24346
9734 9258
9799 24335
9842 24420
10055 7815
10130 24220
10155 24202
10210 9562
10211 9563
10261 8420
10268 8940
10305 8887
10413 24114
10425 9249
10473 9209
10475 24073
10500 24686
10517 23785
10533 24048
10547 8336
10548 8335
10578 9093
10583 23936
10584 23937
10686 8188
10773 23781
10784 8137
10824 23859
10907 23660
11070 7485
11104 33099
11263 7248
11344 7112
11350 23497
11351 23496
11489 7634
11577 7945
11705 6915
11785 23334
11829 6750
11912 5854
11972 5797
12083 22758
12170 22910
12190 22846
12197 7000
12277 6622
12281 6296
12420 6084
12529 6120
12544 22436
12621 5796
12689 5130
12910 6794
12939 6677
12993 6670
12998 6021
13044 5216
13065 23220
13164 6668
13503 5834
13557 5780
13593 5782
13595 5781
13607 21948
13686 4092
13746 3996
13775 4411
13906 5409
13925 4504
13976 4505
13987 4100
14026 3618
14098 5248
14186 5538
14220 21594
14403 5268
14457 21423
14540 5028
14648 3727
14699 4611
14959 4560
14967 2409
15181 2275
15182 2274
15336 2125
15370 4182
15588 4475
15658 2939
15663 4502
15703 3612
16068 4237
16154 3228
16189 3436
16194 3202
16291 1701
16359 1400
16376 3293
16388 20514
16463 1561
16509 1484
16512 3595
16655 3715
16709 2562
17177 3109
17286 806
17364 1279
17556 2755
17583 2888
17666 2821
17667 2820
17744 349
17844 2888
17884 2737
17897 2609
17977 2554
18136 1633
18501 2106
18579 1937
18586 1093
19003 30303
19015 30208
19057 30154
19065 19229
19232 30042
19252 29945
19341 29947
19344 29855
19436 29727
19487 29760
19498 37665
19517 29751
19661 29697
19682 29605
19689 18050
19791 29403
19792 29402
19860 17456
19887 37278
19907 17355
19979 29298
20112 29193
20129 37183
20130 37182
20172 16801
20221 28945
20251 16725
20253 16974
20256 28921
20309 28884
20359 16492
20367 16471
20383 16761
20474 16634
20521 28901
20568 36787
20578 28767
20618 16426
20712 16253
20736 28609
20751 15926
20802 36712
20829 36698
20877 28394
20895 28434
20903 15601
20908 28551
20961 28306
20996 15711
20997 15712
21000 28316
21012 15695
21035 28232
21046 36475
21048 36474
21141 28106
21146 28171
21171 28150
21172 28149
21183 36365
21254 15182
21350 14997
21363 14918
21440 36116
21528 14630
21674 27695
21709 35962
21802 35853
21876 27520
21932 27259
21958 27426
21964 35791
21970 13846
22007 27604
22008 27413
22013 27380
22022 13788
22024 35801
22034 27356
22048 27343
22049 27329
22060 35780
22087 27296
22088 27295
22121 27253
22122 27251
22134 27144
22178 35574
22184 27440
22192 27168
22230 27014
22231 26895
22291 13727
22299 13710
22303 27075
22304 13252
22323 13231
22394 35448
22458 13109
22463 35431
22497 35438
22498 35437
22508 13166
22566 35395
22585 35333
22599 26798
22612 12776
22620 12748
22627 26774
22628 26773
22630 26777
22644 26753
22751 26648
22764 35219
22777 35369
22778 35229
22812 35250
22813 35249
22839 12570
22888 35125
22950 35073
22991 35121
23007 12250
23018 35021
23079 26322
23129 12017
23279 34838
23291 26203
23346 11939
23462 34733
23494 26040
23661 34574
23728 25517
23774 34572
23784 34567
23814 34444
23825 34532
23853 25621
23865 34425
23909 34472
23911 34383
23953 34416
24003 10634
24006 10994
24035 34281
24045 25130
24104 34334
24194 10369
24196 34258
24218 10314
24258 34246
24274 10209
24277 25198
24304 34205
24369 10237
24400 25073
24403 34136
24476 33892
24477 33893
24525 34171
24539 24674
24590 33793
24605 33955
24650 33861
24714 1814
24723 9729
24724 9728
24804 33749
24840 24670
24930 25153
24950 33704
24976 24525
25087 24675
25170 23822
25171 23823
25183 23941
25215 24266
25237 8818
25240 24267
25280 8391
25281 33261
25282 33260
25284 23715
25309 23756
25318 33358
25380 23787
25434 23724
25435 23723
25436 8145
25437 8144
25493 23495
25509 33324
25532 33173
25676 33108
25713 23506
25739 8072
25795 7628
25812 23431
25976 22844
25982 39770
26049 23487
26059 23343
26072 23595
26168 23199
26175 32547
26280 32789
26298 7108
26308 23317
26361 6499
26365 23427
26531 32242
26635 32190
26636 6380
26658 22784
26713 5926
26778 5877
26805 5444
26859 21850
26882 22947
26949 5895
26996 21908
27008 21874
27059 5680
27186 4756
27224 22623
27246 5076
27363 21366
27475 22399
27544 21066
27569 21031
27574 21748
27579 31469
27690 4587
27718 20860
27763 4268
27825 21755
28025 4058
28028 20711
28170 20558
28191 3239
28288 20500
28310 31127
28311 31015
28338 31115
28339 31114
28419 20426
28435 20242
28574 20304
28583 20446
28607 20188
28608 20187
28622 21643
28636 3529
28637 3528
28641 2474
28695 21604
28704 21570
28727 20892
28739 30807
28761 21217
28768 2822
28832 30684
28859 3183
28865 21418
28869 20122
28875 21406
28896 2989
28922 21375
28940 21341
28941 21342
28957 20867
28991 2976
28998 21312
29020 3020
29024 2960
29027 21294
29056 21269
29059 2730
29138 2822
29146 19671
29184 19624
29194 2755
29195 2754
29225 2737
29251 2674
29253 2710
29278 21132
29281 21124
29306 31189
29365 2405
29391 2134
29417 26015
29580 1647
29663 2009
29690 1947
29691 1945
29747 1879
29834 19501
29843 8382
30020 43209
30032 43129
30068 43113
30083 37866
30190 37633
30218 37594
30250 37569
30281 37535
30373 42944
30524 37428
30548 37277
30549 37276
30584 37363
30607 37297
30614 37244
30724 42692
30745 37199
30815 42570
30825 37075
30829 42582
30875 28989
30898 37012
30907 36887
30914 28929
30925 28787
30968 36871
30973 36959
31014 28757
31127 36745
31132 28661
31158 36658
31161 36785
31180 36619
31212 28557
31216 36715
31220 36561
31226 36636
31230 28537
31240 28521
31242 36580
31247 28495
31292 28252
31301 28249
31304 42218
31371 36453
31481 42059
31536 36227
31541 36210
31545 36235
31563 36217
31591 36162
31616 27919
31646 36099
31688 41876
31705 41830
31730 41822
31747 36019
31804 35953
31828 35929
31829 35928
31833 27698
31853 35804
31897 35872
31965 27390
31966 27389
31971 41687
31980 35805
31987 41665
32032 27264
32043 35748
32115 35703
32119 35704
32144 35514
32150 35681
32157 35675
32158 35588
32194 35759
32195 35651
32197 35621
32221 35490
32248 35579
32317 27139
32319 41439
32382 35380
32399 26772
32404 41368
32437 26775
32443 41369
32478 26946
32487 26928
32494 41326
32542 41260
32584 26547
32599 35262
32613 35052
32633 41201
32661 35065
32671 41213
32703 35218
32706 35136
32719 26605
32720 26604
32775 41094
32814 35084
32830 26171
32870 35194
32898 49048
32904 41040
32916 41023
32958 35071
32959 35070
33004 26002
33013 25911
33029 25974
33103 40866
33117 34757
33210 40909
33246 40817
33305 34566
33307 40781
33322 25771
33340 40739
33372 40724
33376 40727
33387 40774
33400 40723
33448 25329
33461 25530
33472 25614
33479 25388
33486 34526
33503 34256
33525 34408
33527 34308
33528 34225
33541 34211
33552 34195
33582 34242
33616 40611
33637 25321
33640 34116
33686 25028
33692 24964
33707 34018
33708 34222
33720 34162
33744 40479
33749 24952
33754 24798
33800 33826
33874 24936
33877 9207
33888 34044
33908 40392
33918 40390
33919 33634
33954 40394
33971 33721
33994 33704
34026 33779
34028 40279
34058 33733
34061 33738
34079 33477
34090 40249
34096 40259
34151 33678
34170 33508
34171 24664
34234 24017
34235 33381
34236 33380
34267 40099
34287 24209
34288 33638
34292 33641
34335 33297
34346 33178
34378 33767
34380 24068
34381 24069
34398 33443
34399 33442
34436 33300
34456 33227
34466 24234
34491 24197
34531 23710
34549 33431
34585 24078
34694 33467
34727 33074
34733 33027
34780 32985
34825 33200
34826 32989
34866 32938
34886 39632
34905 23526
34920 32551
34921 32549
34939 39503
34951 32810
34974 32631
35011 39451
35022 32769
35031 39449
35032 32759
35042 39536
35057 32668
35088 23200
35100 32790
35111 23193
35134 23326
35146 32612
35147 33100
35162 39637
35213 23205
35238 32823
35298 32746
35301 32142
35312 39303
35335 39382
35340 32222
35382 22989
35428 11116
35450 39141
35485 32036
35498 22973
35520 5418
35568 32250
35572 31912
35577 32568
35668 31810
35712 22589
35741 32574
35769 22379
35841 32344
35871 22259
35951 32444
35988 32259
36000 22338
36207 38667
36229 31104
36423 31702
36430 21369
36431 21370
36473 38528
36478 30910
36580 38236
36585 30599
36600 30624
36629 21648
36666 30869
36677 31869
36678 31868
36690 21609
36724 31450
36737 21504
36781 30696
36794 21084
36797 30853
36802 21432
36895 21235
36896 21234
36907 21343
36923 31654
36937 31316
36968 31286
37002 31255
37016 38180
37029 30481
37048 21191
37089 20764
37094 21059
37107 31541
37108 31540
37115 38670
37204 31053
37281 30656
37310 20773
37320 31313
37343 30528
37359 31281
37407 20629
37496 46965
37500 43292
37503 46960
37559 46933
37572 43257
37590 43227
37621 43214
37623 43229
37660 43163
37749 46812
37765 42986
37794 37569
37804 42958
37888 42915
37893 37456
37923 46681
37929 46672
37952 37351
38075 37165
38087 42766
38109 46563
38120 42629
38132 46524
38136 46544
38195 42569
38196 42570
38208 36956
38218 42550
38222 37074
38270 28790
38271 28789
38292 42504
38306 37004
38311 46435
38324 36837
38350 42398
38361 36931
38363 36939
38364 36830
38373 36914
38395 46396
38425 42420
38447 46351
38449 46359
38478 42362
38493 42291
38527 46291
38539 36703
38545 36647
38556 46280
38579 36654
38581 42279
38608 42163
38647 46195
38673 42071
38678 36334
38719 36425
38723 46136
38755 41993
38758 36361
38759 36360
38764 36344
38794 46092
38810 36094
38814 36099
38824 46072
38838 46038
38839 41884
38843 41878
38845 36175
38871 41882
38896 36000
38897 35999
38934 41823
38974 41797
39008 41701
39010 41772
39077 45905
39078 45874
39090 35918
39141 41575
39154 35844
39157 35862
39210 41611
39239 35651
39241 35654
39278 41552
39279 41600
39284 41554
39324 35533
39346 41598
39355 41408
39356 45725
39366 35493
39388 45719
39404 41387
39407 41444
39443 45656
39447 41388
39465 35343
39472 45622
39474 35410
39488 35330
39501 41331
39566 35233
39567 35232
39570 45596
39588 41303
39629 35177
39634 35181
39640 45520
39669 41247
39715 45447
39722 35038
39723 45454
39780 34885
39791 34948
39793 45413
39862 34991
39903 40926
39951 40788
39988 45265
39996 34684
40011 40800
40012 40799
40049 34569
40064 40809
40065 40808
40090 45215
40099 40915
40152 40830
40154 34330
40166 34346
40174 40604
40184 45127
40195 40671
40200 45193
40228 34441
40240 34272
40250 45094
40309 34105
40316 45055
40322 45036
40325 45044
40333 45023
40346 45001
40360 40399
40383 44961
40400 40401
40416 45020
40455 40408
40461 40485
40462 40484
40467 44913
40475 40366
40548 44920
40592 40281
40594 40098
40596 40282
40622 40324
40623 40323
40653 44736
40657 40154
40674 40138
40690 33758
40693 44743
40799 40328
40803 44622
40811 14905
40816 24105
40841 44594
40844 40007
40873 44511
40928 39909
40998 33179
41028 40058
41032 44509
41041 44374
41070 39862
41077 39503
41088 33144
41145 39979
41203 39637
41204 39636
41235 44197
41322 39820
41327 39402
41358 32696
41359 32695
41365 32819
41379 32916
41380 39688
41390 39674
41391 39675
41396 44205
41498 39577
41526 39682
41527 39681
41590 39037
41704 39177
41750 38825
41815 38816
41842 43798
41995 32146
42036 31735
42049 31708
42059 38993
42071 43572
42141 39104
42179 38595
42232 38412
42281 38818
42334 38392
42336 30823
42448 43357
42479 38843
42493 38152
42539 38821
42540 38820
42678 38684
42696 38247
42811 49708
42816 43220
42825 46943
42863 46925
42864 46899
42867 46898
42878 46817
42896 49606
42918 49620
42932 46753
42945 46812
42967 46763
42971 46718
43031 46716
43059 46703
43216 46523
43260 46520
43261 46521
43269 42641
43272 49386
43278 46507
43300 42607
43305 42540
43315 42586
43316 42593
43349 46436
43352 42544
43362 42532
43369 46419
43374 42512
43375 42511
43401 46342
43427 46366
43428 49262
43450 49232
43481 46289
43482 46308
43496 42333
43499 49186
43503 42296
43504 46259
43507 49134
43508 42313
43514 46277
43520 49148
43535 49162
43536 46315
43552 46219
43553 46227
43556 49135
43567 46211
43568 46210
43574 42252
43589 46199
43590 46194
43603 46264
43605 42090
43606 42089
43685 49045
43691 49031
43721 46041
43724 46080
43780 46037
43784 41848
43798 41938
43800 48980
43805 46015
43808 48973
43812 46008
43837 45989
43863 35877
43875 45960
43882 48881
43921 41777
43979 41642
43986 41724
43998 41630
43999 41631
44015 41616
44016 41615
44055 45823
44067 45762
44073 45805
44094 45861
44095 45860
44103 45780
44109 45788
44148 41444
44163 48689
44171 41437
44182 48668
44188 45783
44217 41383
44230 45673
44247 41338
44255 45671
44256 45670
44283 41310
44284 41309
44315 45637
44381 41230
44400 48531
44417 48520
44426 45569
44427 45570
44526 45415
44593 45278
44595 41048
44600 48374
44601 48373
44631 45450
44651 48327
44652 45361
44657 48343
44694 45252
44695 45291
44712 48324
44717 40751
44734 48258
44741 45256
44745 48270
44765 45182
44775 48223
44785 45074
44786 45073
44821 45190
44832 45198
44839 45081
44843 45033
44844 45032
44852 48243
44866 48175
44885 48129
44899 45087
44934 48091
44954 48160
45006 45059
45028 44957
45036 48009
45042 48019
45067 44914
45075 47972
45089 44936
45110 47992
45119 47998
45125 44746
45176 40375
45210 44591
45253 41584
45261 44692
45264 44681
45274 44781
45279 44667
45287 44655
45305 40196
45309 40241
45321 47876
45338 44556
45346 47844
45358 47836
45363 44702
45411 47722
45484 39904
45500 39963
45504 44332
45516 47667
45518 44649
45531 39923
45547 44568
45581 44456
45591 47669
45602 44448
45648 47516
45680 47481
45690 39735
45784 39619
45786 39545
45840 43971
45841 43970
45851 44097
45959 39276
45991 44218
46043 38911
46119 47198
46163 47178
46172 47078
46202 43866
46215 43540
46236 43592
46247 43617
46271 39053
46309 38776
46310 38770
46317 38977
46327 47058
46435 43365
46448 43815
46452 43870
46470 38116
46490 43736
46504 38547
46515 43497
46527 43636
46646 43381
46676 49708
46685 51594
46695 49694
46711 46914
46733 49684
46735 49659
46776 46762
46779 46757
46795 49583
46822 49575
46895 49493
46898 49523
46899 49522
46938 51400
46961 51403
47022 51329
47031 51340
47046 46469
47052 46506
47121 46400
47122 46399
47124 49306
47125 49272
47131 49298
47132 49270
47146 49302
47150 46373
47183 49180
47186 49266
47192 49256
47207 51206
47209 49165
47229 49229
47239 51201
47275 39040
47288 46226
47320 49068
47339 52586
47342 51119
47352 49092
47354 51113
47365 51106
47366 51105
47369 49072
47389 49002
47464 48989
47483 48913
47484 48912
47487 48905
47488 48904
47490 48870
47498 45926
47500 45975
47506 48885
47588 48811
47607 48781
47611 45795
47616 50940
47621 45764
47629 50928
47649 45751
47652 48731
47653 48732
47661 45747
47665 48715
47674 48640
47675 45734
47691 45699
47702 48688
47703 48687
47709 45690
47716 45688
47722 45749
47728 48724
47766 50824
47782 45606
47797 48620
47975 48472
47976 45366
47977 45382
47992 48438
48001 45344
48004 50624
48005 50625
48016 48312
48027 48338
48055 48287
48057 48330
48059 50611
48075 45271
48088 50589
48103 50570
48120 45224
48135 50567
48145 45153
48165 48202
48166 48157
48200 50519
48213 50488
48214 48008
48220 48100
48235 48031
48249 48088
48250 48087
48258 50479
48273 48022
48335 50384
48350 48093
48363 40359
48365 47948
48413 47946
48424 47884
48429 47779
48450 47866
48455 47867
48518 47739
48529 50217
48654 44551
48665 51905
48708 47684
48721 47699
48743 47655
48748 50099
48771 50051
48775 44270
48793 47407
48810 50029
48856 47400
48862 44317
48936 47531
48970 47482
49006 47344
49039 43563
49044 49821
49057 47137
49069 47353
49091 47396
49092 47341
49093 47340
49106 43888
49126 49837
49127 49836
49128 47026
49141 44023
49158 47129
49164 47080
49191 47308
49204 47086
49212 43921
49390 7366
49402 43717
49403 43716
49461 51557
49463 52913
49464 52912
49482 52872
49493 52860
49494 51534
49549 51457
49565 51389
49576 51411
49580 52802
49581 52807
49582 52804
49583 52803
49599 51401
49605 49435
49614 51381
49663 51326
49670 51317
49673 51328
49683 51287
49689 51278
49710 51283
49711 52712
49717 52691
49723 51277
49757 52677
49758 52670
49768 51233
49779 51215
49780 49226
49795 52645
49828 49152
49848 51146
49862 52594
49922 51094
49967 52518
49974 51038
49978 48885
49988 48880
49990 51024
49994 52499
49995 52498
50015 53527
50018 52509
50025 48824
50028 50987
50033 50954
50035 52472
50053 48769
50074 48744
50100 52435
50110 48700
50111 50903
50120 50890
50127 50860
50142 48653
50172 48620
50188 48605
50199 50830
50219 52336
50252 50741
50256 50702
50257 50701
50298 48454
50308 50712
50317 52322
50331 48390
50344 52247
50348 50608
50355 48357
50358 48408
50360 48336
50365 50684
50368 50634
50375 53323
50393 48377
50394 50566
50407 52215
50409 50607
50410 52196
50457 50512
50472 52153
50481 50515
50482 50514
50512 50438
50520 48140
50544 48128
50545 52123
50549 50393
50588 48011
50618 50374
50627 47867
50650 47983
50667 50313
50671 50310
50683 50288
50708 47793
50719 50197
50752 51996
50761 50192
50800 51889
50805 47681
50808 50129
50815 50220
50826 50062
50859 50084
50864 50243
50877 50233
50901 47621
50904 50076
50919 50205
50986 49996
51036 47379
51116 49827
51119 47290
51133 47369
51163 49770
51179 49912
51190 49736
51191 49735
51193 49980
51201 49900
51215 51794
51268 47243
51271 47216
51342 52878
51345 52886
51355 52879
51388 52856
51394 52851
51419 52827
51420 53752
51422 52823
51424 52811
51426 52801
51439 52798
51440 52797
51452 52789
51474 52764
51484 52737
51488 51342
51493 51336
51504 52741
51515 52731
51516 51271
51548 52681
51588 52647
51595 53629
51615 52641
51637 52595
51677 51097
51681 51066
51683 51064
51684 52553
51698 52517
51716 52531
51717 52530
51737 52506
51746 53512
51747 53513
51757 50958
51758 53496
51763 52471
51774 53497
51780 52474
51793 50906
51804 52438
51853 52328
51854 53407
51887 50794
51891 53370
51913 50707
51914 50706
51919 52290
51921 53337
51924 50685
51927 54087
51930 52285
51933 52264
51936 52267
51939 52225
51941 50691
51970 53314
51980 52274
51986 53306
51991 52201
51994 52219
52007 52156
52014 53290
52023 53273
52024 52158
52060 52119
52062 50501
52093 50449
52111 53221
52140 52055
52155 52048
52166 52033
52172 52031
52180 52051
52200 52022
52246 53120
52279 50078
52287 51995
52334 50205
52376 50086
52379 50075
52466 49952
52481 51832
52486 50007
52490 49988
52502 49914
52516 51785
52531 51738
52534 49922
52538 51752
52566 53830
52581 52871
52611 53787
52635 53759
52642 54294
52665 53714
52666 53715
52675 53710
52676 54270
52678 54271
52682 54262
52684 53686
52685 53685
52687 52715
52696 53689
52699 52726
52701 52728
52702 54642
52704 52698
52706 51248
52710 53682
52723 52687
52732 53633
52773 54214
52781 53602
52798 53585
52800 53584
52804 52577
52821 53577
52857 53512
52858 53513
52909 54133
52914 53441
52920 52399
52971 54081
52979 53350
52981 53349
52986 54056
52988 53310
53000 54049
53008 53301
53013 54047
53025 53297
53031 53276
53036 54028
53040 54026
53046 53287
53051 52176
53070 53281
53082 53998
53088 53264
53126 53226
53155 53213
53166 51891
53175 53177
53179 53929
53232 51909
53238 51894
53279 52998
53280 52997
53308 51817
53326 51808
53349 53010
53350 52971
53359 53002
53369 51757
53403 54307
53429 54287
53438 54282
53449 54271
53451 53707
53492 53622
53505 54597
53513 54196
53532 53547
53538 54179
53542 54172
53560 53501
53620 54105
53635 54522
53640 54099
53641 54512
53647 53349
53657 54507
53669 54501
53672 54503
53673 54502
53675 54058
53678 54496
53683 54047
53696 54066
53698 54045
53699 54028
53710 53281
53742 54023
53755 54422
53758 54420
53773 53960
53776 53985
53782 53198
53794 53929
53815 53946
53867 53862
53868 53885
53889 53882
53890 53886
53898 54689
53899 54688
53908 54905
53915 55014
53940 54882
53950 54872
53952 54256
53961 54863
53964 54232
53994 54589
54069 54509
54083 54053
54101 54464
54102 54463
54111 54460
54114 54765
54121 54433
54124 54015
54140 54413
54204 53916
54209 54366
54217 54353
54245 54889
54247 55005
54267 54996
54341 54796
54354 54955
54355 54957
54361 54952
54373 54765
54381 54756
54398 53954
54439 54360
54440 54359
54459 55115
54464 55114
54483 55100
54484 55099
54510 54966
54511 54965
54521 55064
54536 54942
54543 54939
54554 54759
54555 54758
54558 54750
54588 55113
54602 55186
54607 55176
54623 55170
54632 55150
54644 55141
54650 55046
54661 54929
54663 55034
54678 55194
54679 55191
54707 55148
54709 55149
54711 55220
54747 55187
54752 55263
54777 55142
54789 55272
54791 55265
54797 55231
54800 55287
54801 55286
54802 55283
54810 55281
54834 55269
54845 55292
54852 55314
54854 55312
54855 55311
