1465
1481 10680
1535 18713
2076 19268
2165 24553
2302 7671
2459 19625
2810 19615
3090 18341
3185 29946
3203 19232
3220 19287
3233 19218
3359 18416
3474 19066
3906 17913
3980 17688
4004 10628
4038 18615
4226 18334
4240 29402
4242 29401
4353 18371
4416 18328
4776 18041
4853 16226
4859 17926
4957 17595
5103 17692
5137 17729
5160 17422
5264 14884
5386 17306
5560 17082
5600 17189
5654 17113
5807 28446
5872 28703
5945 16759
6032 28880
6130 16700
6131 16699
6167 15951
6202 28693
6234 16477
6319 16523
6550 16227
6583 28212
6605 16316
6631 16117
6717 28187
6811 27725
6944 15498
6945 15497
6995 28102
7005 16028
7125 16119
7187 14609
7366 15639
7448 15575
7479 14315
7487 15613
7623 15409
7743 15427
7783 14689
8136 13714
8243 26670
8477 27991
8517 13215
8736 26520
8982 14336
9040 26386
9189 26588
9265 26960
9346 13422
9374 27095
9386 14055
9397 27118
9435 27296
9436 13409
9720 25888
9787 13299
9788 13298
9904 13840
9961 12029
10055 10678
10065 13110
10130 11526
10131 11527
10181 13028
10206 25957
10340 13166
10413 26314
10423 11861
10453 13062
10454 13061
10473 13039
10475 26282
10479 13326
10507 26268
10533 26251
10547 12521
10548 12520
10705 26136
10777 26062
10887 28253
10892 12808
10943 11178
10944 25371
10975 11648
11070 11560
11071 11559
11072 11531
11350 35051
11351 35050
11399 12074
11400 12075
11432 25491
11481 11669
11560 12028
11829 10746
11847 24700
11848 24699
11854 25517
11967 16774
12051 8462
12052 8461
12083 24502
12138 25109
12151 8078
12181 40742
12201 8257
12202 8256
12221 24797
12299 24186
12377 10061
12381 10973
12420 9944
12544 24039
12590 25036
12594 10951
12916 10595
13253 9924
13424 9458
13503 9606
13557 9508
13578 9464
13595 9501
13725 9689
13819 23997
13862 33337
13868 24698
13877 24677
13891 7028
13900 9416
13906 24805
13976 8557
13989 23081
14063 9361
14076 9193
14158 24714
14220 33597
14326 23361
14328 8540
14340 7629
14609 23929
14967 4353
14975 22250
15091 22217
15098 22223
15147 22317
15204 22054
15238 22539
15246 22187
15353 22172
15540 21827
15945 23326
16116 23217
16117 23216
16272 6482
16291 22218
16352 4216
16376 23538
16509 22034
16567 32451
16689 21885
16709 5818
16812 18533
16919 4418
17162 5988
17194 22494
17338 5411
17390 5326
17430 5302
17524 21868
17655 20775
17690 20756
17709 20690
17744 21199
17745 21198
17766 20757
17775 21725
17936 31450
18057 31326
18210 5576
18225 4542
18292 20385
18678 20920
18780 21317
20235 19644
20300 29969
20568 29752
20569 19543
20609 30790
20617 19625
20653 30726
20655 19566
20663 30727
20712 19515
20742 19516
20751 19554
20794 30141
20798 19400
20799 19401
20877 19364
20894 30168
20895 30167
20903 19363
20953 18149
21011 30441
21035 19093
21042 30367
21051 30368
21064 30342
21084 30330
21141 30382
21230 30158
21280 37737
21288 30116
21364 18549
21440 29356
21461 29942
21564 29246
21609 29835
21659 17881
21701 17848
21702 17847
21734 18002
21748 37520
21755 17846
21756 17845
21790 17805
21805 17697
21826 29651
21829 17619
21869 29721
21897 29615
21912 17474
21921 17582
22021 17363
22024 17315
22048 29452
22049 17288
22124 29449
22181 17430
22192 17033
22194 16988
22231 28242
22246 17346
22250 17257
22283 37106
22303 29198
22373 37297
22428 29107
22449 29081
22463 28586
22477 16823
22498 28856
22509 16708
22585 28416
22599 28953
22606 28964
22612 16444
22620 16442
22633 29031
22671 16770
22672 16771
22700 29023
22729 16446
22777 28814
22799 28899
22908 16456
22950 36569
22991 28295
23001 15988
23079 15812
23204 36691
23221 15712
23226 15713
23310 28451
23356 15459
23357 15458
23434 15633
23540 36382
23661 26940
23774 27679
23784 27649
23801 27629
23870 27542
23901 14914
23978 27987
24120 27743
24140 27362
24169 27380
24258 36291
24304 27181
24490 27068
24492 27031
24590 35332
24619 26751
24637 52524
24638 52523
24650 26278
24722 26766
24780 27117
24836 26618
24852 13045
24865 35853
24902 26551
24934 25664
24936 35699
24939 13186
24976 26923
24981 12416
25017 26663
25027 26627
25037 26867
25058 25959
25064 26615
25076 35089
25145 12868
25170 35038
25183 35553
25211 26426
25296 35246
25301 12897
25336 35007
25380 26045
25388 34906
25429 34701
25436 26448
25437 26447
25468 26159
25521 12384
25570 26082
25676 34885
25709 34857
25812 35147
25837 25995
25976 24614
26016 24552
26025 25805
26035 10411
26049 25692
26059 25753
26125 25682
26253 33938
26273 34933
26430 33815
26564 24524
26638 40517
26658 25180
26774 9662
26799 25033
26900 33516
26991 33924
27023 33330
27038 24822
27059 9289
27070 24906
27258 33552
27373 24211
27453 8727
27600 52847
27666 32734
27676 32613
27692 32637
27804 7766
27887 32945
27974 33778
28055 7795
28188 32753
28248 32688
28338 32588
28362 32576
28435 32311
28441 33093
28493 39761
28583 33096
28584 33097
28607 32335
28641 23071
28699 23180
28817 20501
28818 20502
28869 32843
28891 31407
28979 13872
28990 23235
29024 23210
29027 5988
29056 23202
29058 31298
29146 31941
29184 31898
29188 21958
29265 32344
29387 2996
29391 23012
29398 31401
29446 22395
29468 31529
29558 38934
29592 31544
29660 31806
29661 31805
29663 22589
29691 4813
29738 22543
29747 4767
29762 4768
29837 21525
29863 21721
30760 38365
30818 38670
31014 30796
31032 38651
31161 30576
31166 30633
31171 38534
31217 37865
31222 37690
31226 38106
31241 38024
31242 38023
31269 30439
31298 37774
31299 37773
31304 43612
31359 30211
31368 38311
31369 38310
31398 30223
31402 30069
31406 30208
31421 30199
31461 38255
31493 38175
31536 37803
31560 30036
31563 30115
31616 18352
31646 29994
31676 29937
31706 29804
31747 37994
31767 29732
31797 29692
31798 37881
31812 37931
31853 37221
31961 37789
31966 29609
31980 29451
32032 29396
32073 29547
32092 42849
32100 17217
32192 37158
32194 37576
32221 37062
32243 29349
32255 29210
32280 29062
32288 37553
32308 29222
32309 29223
32310 29221
32399 28938
32401 37365
32404 42755
32407 29108
32461 37364
32474 29009
32477 37406
32487 28927
32494 37127
32538 28980
32550 28962
32578 28799
32586 42422
32599 28638
32648 37244
32652 37262
32661 36962
32670 37015
32686 37268
32732 28522
33005 37040
33010 42422
33029 28356
33050 36747
33081 29959
33096 36700
33153 28180
33201 36818
33246 36468
33265 28004
33324 36373
33348 35669
33387 36361
33448 27694
33449 27693
33459 41856
33485 27684
33486 27685
33503 27274
33506 36365
33510 36233
33528 36270
33536 36256
33552 36225
33582 36202
33616 36165
33640 36110
33646 35877
33649 27232
33675 42145
33717 42052
33862 27124
33876 41732
33881 35532
33908 41912
33918 41900
33925 27178
33944 27157
33971 35752
34040 35458
34041 35457
34058 35704
34061 35858
34094 36062
34108 41420
34141 35785
34158 35923
34173 41295
34192 41388
34235 35017
34236 35016
34241 41506
34242 35671
34243 35678
34346 34699
34390 35540
34398 35526
34399 35525
34509 35398
34521 34467
34531 26014
34631 40961
34643 26121
34682 35070
34752 35362
34802 35277
34825 35182
34866 34842
34880 34829
34974 34323
35032 34613
35040 34917
35055 35119
35062 35111
35071 35111
35088 34991
35100 34610
35101 34611
35104 40861
35122 41019
35150 40988
35162 41089
35166 45663
35213 34952
35285 34778
35298 34779
35391 33577
35392 33576
35449 33937
35450 45254
35479 40681
35488 34546
35494 40690
35502 40483
35577 34414
35622 40208
35668 40291
35679 34346
35683 40271
35741 34394
35769 34250
35793 24604
35829 34160
35884 33447
35912 40149
35924 34292
35957 40277
36003 32617
36207 44889
36223 40017
36294 33705
36333 39848
36473 39830
36493 39680
36509 39850
36580 39271
36629 23572
36639 33434
36644 39246
36666 39682
36689 39994
36759 39134
36760 39133
36869 31766
36881 44559
36900 44205
36957 39233
36968 33049
37029 39366
37078 22809
37105 31221
37111 40005
37136 31553
37137 31552
37142 39736
37149 32893
37151 38876
37177 39021
37267 38946
37277 44388
37338 31854
37388 31119
37389 31118
37441 44275
37754 43910
38109 43896
38141 43770
38389 37859
38411 38608
38425 38585
38426 38584
38447 47530
38449 43718
38495 38501
38496 38465
38513 37871
38560 43784
38579 38368
38608 43692
38619 38364
38622 38314
38638 38304
38639 38303
38658 38238
38717 30172
38718 30171
38719 38165
38723 47348
38759 38122
38764 38108
38800 47445
38807 38087
38839 43588
38845 38025
38861 43524
38862 43525
38869 37970
38899 43495
38900 43494
38958 37921
38968 37797
38969 37852
38990 43424
39000 37823
39023 37879
39028 37870
39034 37839
39077 42963
39078 42821
39089 42958
39090 43334
39091 47181
39141 42761
39146 29533
39149 37602
39152 42850
39182 37579
39187 37680
39196 43238
39253 29394
39258 42928
39278 37446
39370 37431
39401 37439
39403 43015
39417 37306
39420 37410
39465 37363
39486 37273
39488 37350
39519 37233
39522 42882
39523 42935
39530 28860
39541 37262
39548 37159
39550 37090
39566 37182
39567 37181
39574 37136
39588 42858
39641 46559
39669 37080
39780 36891
39791 28224
39804 37041
39816 42422
39822 42572
39869 36835
39928 42576
39951 42092
39967 36740
39988 46409
40012 46606
40047 36613
40049 36588
40064 42415
40065 42414
40090 46532
40105 46554
40107 46312
40135 42204
40151 46508
40195 46522
40200 42167
40252 36391
40309 36077
40325 46274
40333 46251
40338 42274
40370 41958
40375 36188
40380 42160
40383 46178
40391 42060
40430 42183
40449 36052
40461 42084
40462 42083
40467 41830
40496 42136
40527 35785
40548 46307
40581 41868
40592 41858
40596 41860
40611 41356
40622 41822
40623 41821
40653 45898
40657 41666
40674 41645
40693 46016
40793 41658
40802 41260
40816 35592
40840 35381
40904 40886
40928 45949
40944 45830
40959 45643
40998 35161
41000 45820
41016 40872
41032 45855
41066 41461
41067 45780
41070 46013
41077 45469
41124 40893
41149 40889
41163 45683
41164 45684
41170 48737
41179 34545
41203 41089
41271 41300
41318 45485
41345 40754
41380 41176
41390 41162
41391 41163
41393 40345
41396 45472
41403 45296
41425 45492
41498 34479
41500 45398
41507 45130
41532 45126
41534 45390
41575 41026
41590 45175
41614 45065
41615 45064
41689 45546
41740 40789
41775 34281
41797 44924
41806 34101
41837 40763
41962 40547
42016 45216
42033 44903
42049 40420
42072 48161
42086 40391
42158 39850
42210 44743
42232 44718
42265 40138
42268 44943
42271 40234
42281 45147
42285 44952
42291 44944
42351 44627
42360 44911
42364 44223
42369 39893
42383 48300
42425 44386
42426 44387
42448 48088
42465 44342
42476 44758
42493 44473
42602 44254
42653 39172
42656 44283
42670 44370
42678 40058
42708 44468
42734 32908
42772 39525
42932 50400
43157 43809
43362 43950
43382 43931
43429 43909
43441 43866
43447 43891
43450 47558
43476 47559
43489 43807
43499 50265
43514 43761
43536 43772
43537 43771
43623 43656
43624 43655
43685 50127
43691 47244
43724 47430
43730 43208
43755 43512
43780 47359
43806 43445
43807 43452
43812 43502
43813 43440
43818 47176
43827 47363
43837 43383
43845 43369
43875 47306
43921 43322
43922 43321
43941 47221
43952 43246
43958 43274
43979 37697
43999 43295
44002 43284
44008 47253
44022 43183
44055 47168
44067 47000
44072 43123
44088 47186
44090 46785
44095 43112
44100 43052
44103 47123
44105 46969
44109 43120
44121 43066
44156 43048
44171 42997
44172 42998
44201 47087
44205 42979
44255 47006
44271 46819
44284 42954
44339 46876
44352 49727
44353 49726
44381 42771
44400 46791
44417 46775
44422 42801
44427 46901
44465 51884
44475 42697
44525 42605
44600 46459
44601 46458
44712 49550
44741 46683
44742 46464
44745 49510
44746 46484
44751 42360
44753 46478
44767 46478
44775 49310
44786 46163
44800 42290
44803 46588
44812 41664
44821 46524
44831 49320
44832 46620
44839 46399
44841 49283
44843 46128
44844 46127
44899 46396
44914 49340
44916 46232
44934 49284
44944 46330
44954 49411
44973 46305
45003 45981
45022 46422
45028 46331
45031 46270
45036 49157
45042 49220
45056 42009
45057 49375
45067 49378
45092 49299
45110 49209
45125 49115
45176 41859
45239 49201
45242 41774
45246 46045
45261 49184
45262 49183
45264 46034
45267 41788
45279 46028
45287 49174
45305 46148
45307 46008
45321 49150
45346 49121
45350 45569
45407 49068
45436 49073
45441 41452
45491 45708
45500 41433
45506 48956
45515 48738
45544 48848
45581 41267
45603 45854
45611 48816
45690 41204
45692 45798
45744 48880
45775 45682
45801 48557
45947 48355
45968 48405
46017 45427
46043 45318
46070 45300
46119 50824
46124 48313
46174 48592
46184 48525
46188 48320
46197 48239
46202 45192
46236 48271
46309 45124
46310 45111
46316 40371
46317 40370
46325 47971
46327 48181
46343 44914
46344 44913
46354 45084
46359 48191
46445 45109
46451 48266
46527 44916
46536 47929
46577 44825
46616 47882
47022 50257
47031 50316
47124 50376
47142 47758
47163 50139
47168 47346
47169 47704
47172 50417
47177 47721
47209 50390
47231 47672
47313 47523
47347 47480
47366 51998
47389 50060
47421 47372
47452 47384
47476 47355
47483 47294
47484 47293
47487 50102
47488 50101
47492 50136
47498 47266
47500 47299
47513 50076
47549 49988
47557 47261
47596 49898
47639 47149
47649 47130
47653 49969
47661 47133
47665 49943
47674 49659
47675 47124
47702 49915
47703 49914
47710 47101
47712 47101
47723 47072
47728 49930
47755 49578
47758 47035
47765 46971
47782 42780
47784 46946
47797 49905
47818 46937
47820 49777
47849 46905
47868 46871
47871 46896
47940 49665
47964 49483
47999 49676
48015 51690
48022 49354
48027 46555
48055 49522
48057 49568
48059 51559
48075 46603
48097 49473
48145 46579
48166 49430
48177 46545
48185 49432
48192 46412
48197 46400
48214 49159
48220 49368
48236 49504
48237 49502
48249 51598
48250 51597
48273 51471
48284 49093
48288 51363
48314 49104
48322 51370
48324 49413
48334 51313
48335 51314
48342 49015
48352 49244
48361 49290
48363 41837
48384 45802
48424 49155
48429 48905
48430 51414
48455 51399
48498 51365
48518 51275
48525 51175
48528 51169
48544 49165
48547 51292
48579 49112
48654 45872
48661 48798
48698 51041
48721 45755
48739 48970
48743 48979
48744 51122
48748 51101
48761 48691
48775 48933
48905 50829
48927 48279
48942 48709
48999 50831
49006 40428
49045 48627
49046 48626
49050 50967
49057 48249
49069 48589
49076 50818
49093 48570
49108 50656
49128 48043
49137 48518
49156 48174
49161 48622
49164 50742
49165 48544
49210 52364
49212 48574
49221 48485
49224 50580
49226 50819
49227 48452
49297 48402
49574 52232
49710 50442
49711 52233
49724 50424
49725 50425
49738 50418
49745 47704
49768 50502
49815 50351
49834 50291
49911 50196
49920 52002
49924 50197
49948 50149
49981 47264
49988 50123
49991 50072
49992 52050
50006 50090
50018 52010
50024 50048
50033 52018
50035 51954
50047 51983
50085 51973
50092 49965
50105 53313
50110 49981
50111 49924
50120 51930
50129 51935
50147 51748
50160 51881
50172 49905
50194 49878
50199 49840
50205 49846
50211 51884
50252 51786
50312 49687
50331 49704
50338 51535
50343 51682
50365 51729
50393 49628
50409 51657
50415 53016
50424 52981
50452 52972
50455 51636
50456 51635
50457 51518
50461 51577
50462 51576
50476 51615
50481 51598
50482 51597
50499 51471
50512 52910
50539 52967
50549 51316
50585 51504
50588 49322
50609 52960
50618 52949
50619 52948
50627 51399
50671 51343
50676 52889
50681 49200
50693 51259
50718 51381
50744 51356
50749 52786
50770 51022
50800 52660
50805 51303
50815 51295
50816 51294
50821 52640
50919 51239
50946 51164
50983 52701
50986 52707
51000 52467
51079 52593
51116 52551
51117 52539
51118 50934
51119 50933
51150 52540
51207 50783
51529 52281
51558 53401
51565 53509
51590 53491
51597 52213
51601 52200
51602 52199
51624 52159
51632 53356
51637 52164
51664 53415
51672 52089
51677 52095
51681 52101
51683 52099
51684 53392
51716 52062
51717 52061
51736 52025
51737 53344
51739 52028
51754 52014
51763 53321
51770 51970
51774 53314
51804 51924
51818 53236
51819 53235
51831 51901
51854 54110
51919 53153
51933 53133
51936 53136
51939 53024
51940 53025
51979 51714
52014 53974
52022 53042
52023 53934
52024 52998
52051 53015
52060 53006
52126 52926
52131 52916
52132 52915
52140 52904
52190 53846
52196 52835
52218 52768
52245 52860
52246 53769
52278 52729
52285 53805
52333 52805
52334 51239
52340 52826
52363 53707
52364 52531
52376 51123
52388 53716
52404 53653
52414 52442
52419 52672
52448 52637
52475 52519
52476 52518
52479 52436
52480 52368
52486 50985
52502 52601
52519 53608
52525 52617
52682 54325
52742 53481
52751 54271
52781 54298
52804 53414
52819 53407
52821 54264
52845 53367
52904 53230
52905 51933
52912 54159
52914 53237
52920 53271
52928 54138
52936 54750
52941 54114
52948 54129
52964 53188
52965 54083
52979 54054
52981 54059
52994 54081
53000 54637
53012 54026
53015 53942
53025 54009
53031 53987
53032 53050
53036 54616
53046 53999
53051 53066
53056 54600
53112 52916
53149 54543
53152 54522
53175 53869
53215 54542
53232 52769
53267 54448
53295 54497
53343 53733
53471 53518
53497 54873
53506 54859
53519 54251
53530 54243
53532 54248
53533 54247
53542 54818
53543 54819
53557 54808
53559 54207
53562 54217
53577 54769
53595 54750
53614 54741
53615 55157
53625 54726
53635 55146
53647 54059
53651 54720
53655 54707
53657 55136
53669 55121
53672 55131
53673 55130
53674 54067
53704 55120
53712 54657
53732 54654
53774 54549
53776 54609
53811 55051
53894 54425
53961 55443
53982 54860
53985 54847
53990 55202
54007 54826
54012 54234
54028 55176
54040 55167
54058 55114
54066 54702
54069 55135
54084 55094
54086 55134
54093 55118
54102 55097
54111 55100
54136 55084
54138 54596
54139 55074
54183 55303
54210 54994
54212 55255
54217 55283
54315 55170
54341 55381
54381 55326
54390 55318
54422 55493
54427 55486
54439 54987
54440 54986
54485 55598
54508 55397
54510 55560
54521 55671
54534 55644
54536 55528
54537 55642
54542 55330
54543 55646
54600 55599
54622 55687
54632 55747
54642 55649
54643 55736
54644 55740
54650 55647
54704 55762
54711 55796
54747 55779
54750 55828
54754 55822
54755 55821
54801 55873
54802 55872
54810 55870
54840 55880
