1152
63 18316
111 18815
151 30197
471 30032
482 17859
724 8374
820 17598
1148 17269
1272 17074
1761 17090
1762 17089
1897 17227
1912 17221
1935 37403
1984 16442
2194 16035
2377 15983
2403 15900
2449 15818
2568 15878
2875 15406
2894 28237
2910 28492
2953 15766
2964 28461
3057 15612
3058 15611
3065 15511
3170 28222
3376 14714
3394 28171
3453 14793
3510 28091
3511 28090
3535 28054
3692 14563
3728 14768
3760 14737
3933 14523
3962 14171
4451 27433
4472 27429
4474 27431
4514 13795
4515 13794
4607 27336
4945 13469
5117 27013
5177 27015
5299 26919
5432 12873
5456 12854
5463 26818
5468 12834
5469 12833
5471 12928
5523 26779
5558 26771
5711 26688
5742 26680
5765 12583
5872 26600
5898 18148
5973 17235
5979 12398
5981 26541
6109 12228
6233 26383
6286 12114
6541 26178
6633 11672
6734 11592
6743 26040
6824 25990
7043 48149
7122 25750
7155 25722
7263 25670
7547 34797
7873 10480
8089 34525
8233 10417
8510 24893
8824 24636
9035 9701
9204 9224
9640 24172
9954 24633
10078 8642
10854 14956
10864 23581
11016 9619
11187 23451
11261 23397
11263 23346
11828 6498
12050 22760
12089 22777
12288 22942
12301 11191
12412 6435
12463 7473
12504 6356
12505 6355
12513 6337
12696 2226
12702 6094
12885 15702
13307 6076
13463 21941
13528 21838
13580 32203
13619 5386
13654 4425
13655 4424
13674 4396
13735 4374
13815 21653
13898 21623
14101 21374
14730 4046
14958 3274
15172 2937
15397 2891
15527 3398
15623 3275
16295 2950
16400 2451
16510 1989
16789 1195
17012 2195
17040 1918
17476 1594
17571 19875
17598 900
17667 1121
17676 1072
17749 19294
17750 19293
17793 1466
17842 1504
17982 19864
18051 3092
18069 3027
18194 455
18585 394
18809 50
18832 267
19530 18058
19531 18059
19897 1357
20350 18323
20422 7825
20474 30020
20491 29734
20542 29676
20639 29684
20718 29565
20862 17232
20898 29419
20958 37303
21073 28873
21074 28872
21087 37304
21170 28948
21177 29257
21178 29256
21258 37436
21395 29003
21402 37283
21517 37223
21565 37121
21630 28425
21817 36948
21825 36843
21973 15093
22022 28010
22087 28083
22205 14685
22244 27975
22270 27688
22296 14937
22381 27908
22422 36421
22456 27605
22473 36332
22474 36331
22489 36347
22569 36240
22654 27511
22655 27510
22661 36191
22711 27471
22737 27450
22799 27332
22858 36029
22868 13652
22944 13636
22945 41878
22965 35961
23045 27141
23093 27116
23098 27113
23117 27022
23134 13237
23142 35821
23194 35797
23239 26958
23269 26906
23270 26905
23294 35704
23295 35703
23306 26820
23329 6506
23373 35627
23374 35612
23390 35618
23430 35581
23475 35551
23476 35550
23485 35533
23506 35499
23508 35518
23509 35517
23553 26610
23554 26609
23639 41534
23759 35355
23904 12039
23948 26262
24084 26049
24124 35113
24125 26001
24126 26000
24138 35110
24145 35101
24180 35078
24250 11414
24274 25884
24297 34988
24379 11412
24622 34774
24655 34754
24661 25563
24758 34656
24770 34649
24771 34648
24800 25235
24849 25226
24850 25225
25036 25040
25097 10505
25101 34326
25113 10502
25122 10319
25160 24872
25236 24786
25258 24749
25408 24709
25589 24466
25643 24465
25644 24466
25649 33994
26189 33507
26227 23860
26233 33554
26265 23812
26577 23408
26581 33338
26582 33339
26735 23274
26843 7372
26844 7371
26905 33059
26979 23797
26985 7616
27094 7332
27344 32725
27382 22909
27437 23279
27470 7340
27601 22828
27941 21689
28000 6070
28012 32189
28064 21689
28068 32159
28069 32160
28129 32123
28299 31990
28308 21518
28334 5353
28357 22402
28729 6134
28792 31691
29395 20502
29548 38648
29553 3128
29555 31491
29582 20227
29583 20226
29620 20205
29677 20188
29678 20187
29706 3419
29736 31549
29737 20538
29755 20839
29821 20614
29830 20573
29831 20456
29892 20538
29900 20538
29909 3930
29913 2206
29919 20538
29953 20750
29999 20637
30001 31036
30040 20404
30095 20538
30183 20352
30207 11191
30292 20217
30319 20203
30332 20046
30424 30682
30459 20089
30496 19394
30515 19995
30573 19475
30612 30924
30613 30923
30614 30579
30660 95
30921 19667
30985 30668
31035 19238
31089 19191
31242 31142
31250 1732
31317 1675
31349 19264
31524 175
31677 37205
31773 1207
31890 43304
31909 37795
32001 37736
32011 29663
32014 43228
32016 29662
32027 29645
32183 37800
32318 29037
32376 46860
32429 29026
32472 46762
32499 37291
32502 37091
32515 37266
32535 28916
32787 36947
32811 28525
32813 42617
32834 42627
32850 36888
32930 37193
32993 36920
33043 28181
33111 42374
33296 42245
33454 36222
33460 42118
33489 36263
33549 36147
33557 36168
33597 27395
33598 42022
33652 35941
33676 41943
33707 35998
33736 46134
33770 35899
33772 35947
33774 35897
33805 35838
33826 41815
33842 35753
33868 41783
33913 35770
33956 41740
33995 45983
34041 41677
34093 26697
34136 41626
34142 41607
34203 35458
34222 41549
34282 35374
34283 35373
34294 26443
34482 41386
34486 35165
34499 41367
34593 35106
34594 35107
34616 41284
34627 41289
34655 35091
34688 45638
34698 34993
34713 25924
34732 25893
34799 41168
34866 41131
34879 34920
34880 34919
35070 34647
35180 25480
35189 25278
35254 34478
35255 34477
35262 34470
35280 34448
35290 25363
35313 34528
35318 45311
35390 10242
35412 25211
35414 34413
35434 34483
35512 34156
35589 34020
35599 34206
35626 40602
35854 24394
35855 44996
35869 34162
35959 24569
36009 24179
36089 33488
36099 33961
36138 40311
36146 24030
36255 33324
36269 44787
36322 40175
36333 33443
36446 33222
36469 40085
36573 32992
36616 32939
36818 32769
36872 23051
36965 32924
36978 32778
37240 39513
37255 32251
37273 39469
37284 32810
37384 39384
37501 22743
37502 22342
37833 31997
37881 31675
38187 31668
38453 31051
38476 31470
38482 38755
38484 31094
38487 20683
38493 31110
38538 39025
38702 31011
38703 31010
38710 20602
38794 31151
38798 21243
38800 20445
38816 30690
38842 31850
38906 38523
38931 30643
38932 30642
38956 31327
38994 30818
38999 31074
39021 31024
39196 19776
39290 38209
39447 30855
39456 30654
39527 30788
39631 20215
39740 30555
39918 30953
39973 30810
40117 37771
40120 43225
40122 37736
40138 43228
40147 43067
40176 43162
40222 43114
40254 37464
40278 42912
40319 37487
40325 46877
40332 37469
40364 43018
40408 49708
40469 42870
40480 42740
40488 37091
40546 46712
40564 42726
40579 42595
40691 42507
40739 46619
40816 42434
40958 36436
41046 42179
41122 49248
41132 46260
41144 46264
41169 46148
41200 41952
41215 46211
41216 46210
41222 46204
41223 46203
41233 36013
41247 35950
41255 46171
41260 41911
41284 46151
41293 46138
41314 46123
41327 46101
41383 41777
41430 46005
41456 45983
41468 45945
41486 45949
41597 45832
41617 41521
41619 45812
41641 48941
41643 41461
41644 41460
41664 11192
41678 45763
41703 45742
41731 45723
41765 41410
41801 26128
41810 41317
41824 45661
41856 41239
41861 45649
41875 45629
41878 45631
41970 45565
41973 45562
41984 45555
42057 45503
42084 34779
42088 41098
42141 41031
42151 45411
42155 41020
42159 45400
42182 40926
42189 40915
42204 40902
42213 34748
42229 40931
42282 34559
42322 34580
42329 45247
42353 45213
42379 45196
42447 34389
42456 45127
42457 45126
42529 33957
42611 40612
42736 33805
42737 33804
42757 40485
42782 44914
42838 44880
42844 33687
42874 44851
42937 40269
42958 44784
42972 40104
42978 44728
42980 44762
42995 44772
43000 40125
43007 44738
43048 40014
43061 40253
43066 44661
43095 44670
43132 33205
43133 40095
43160 44539
43185 39858
43195 39836
43213 33019
43240 27653
43256 39771
43287 39763
43407 33064
43408 33063
43479 39487
43483 33045
43486 32944
43507 44247
43525 44261
43678 32773
43718 32740
43801 39075
43821 39331
44026 38965
44043 18998
44086 43789
44118 38877
44148 43793
44149 43792
44240 43658
44255 38753
44263 38561
44396 38727
44408 38510
44465 38662
44480 31516
44481 38689
44490 43527
44526 43574
44676 31374
44695 43429
44776 30866
44811 30847
44830 38468
44837 38528
44842 38535
45009 31048
45160 30825
45198 30814
45228 47112
45238 43128
45265 43113
45290 43089
45315 46984
45358 42951
45397 49741
45404 46893
45406 42868
45408 46863
45450 42812
45485 46802
45534 46689
45544 46686
45565 49604
45568 49618
45585 42621
45588 49608
45589 49607
45593 46626
45601 42590
45602 46682
45603 46614
45630 49497
45664 46623
45677 42511
45780 49448
45788 49427
45811 42234
45825 49436
45849 49392
45851 46383
45858 49402
45903 49349
45914 51435
45942 49324
45945 46349
45953 46372
45972 46317
45979 49284
45980 49285
45985 46309
45993 49258
45996 46317
46000 46305
46002 49253
46030 49225
46051 41933
46054 46197
46096 49193
46126 46110
46139 13066
46145 46078
46146 46077
46166 49129
46172 41800
46200 46052
46205 49093
46207 49102
46222 49088
46224 46016
46236 45999
46242 49067
46323 41628
46430 48939
46455 48923
46456 48924
46481 41433
46512 48883
46577 41350
46599 41318
46604 48816
46611 48814
46624 51051
46640 48797
46653 45605
46669 41236
46680 48762
46689 48760
46697 48756
46728 48724
46760 45479
46762 48689
46763 48681
46766 45461
46798 45475
46812 48634
46813 45418
46841 45382
46848 45371
46871 41015
47169 45000
47177 45169
47211 44954
47218 40504
47226 48309
47267 48278
47294 48301
47298 49721
47348 44881
47372 48158
47391 44719
47395 44821
47441 44836
47520 44824
47541 44570
47612 44659
47622 39981
47651 40086
47657 40079
47687 44395
47712 47874
47713 47873
47723 39991
47786 47824
47803 47808
47905 47697
48032 44165
48154 48427
48209 43762
48342 39286
48343 39285
48346 47417
48349 43788
48358 43916
48379 39289
48393 43557
48424 47287
48461 43651
48464 47401
48475 43668
48501 43593
48546 47209
48648 43849
48744 38695
48780 38503
48781 43541
48790 43524
48799 43512
48815 47174
48829 43571
49001 32782
49018 46921
49055 46751
49132 49701
49136 46702
49153 46719
49157 51669
49186 49596
49188 49644
49309 51511
49368 51517
49377 51505
49387 49339
49453 49340
49469 46312
49470 46313
49471 49325
49482 49314
49504 49293
49522 51392
49523 51391
49540 49236
49542 51363
49550 49246
49551 51358
49587 51340
49616 49169
49634 46137
49640 49137
49641 49162
49651 49143
49666 51297
49678 46064
49720 51245
49723 51234
49773 45926
49790 45914
49792 45915
49823 48963
49824 48962
49876 45756
49879 48910
49880 48909
49887 48911
49910 51124
49911 51117
49961 51064
49977 51044
49994 51035
50014 51019
50025 52571
50029 48749
50030 51011
50045 50999
50085 45534
50099 48675
50100 48674
50112 48700
50344 48422
50419 48435
50444 48316
50451 48353
50452 48297
50459 48333
50482 48301
50506 50683
50529 48230
50560 48148
50595 48096
50797 50404
50831 44591
50837 44581
50856 50347
50881 44520
50921 47935
50974 50267
51014 47703
51061 50188
51208 50093
51238 50150
51242 50142
51252 47384
51284 50058
51346 47691
51368 47532
51383 47373
51425 47403
51426 47402
51466 47209
51522 47319
51569 43442
51637 43773
51659 43742
51730 43545
51735 43582
51738 43626
51754 43529
51758 43584
51794 51822
51803 53097
51810 53096
51821 51728
51822 51729
51823 49756
51844 51712
51848 53068
51853 51754
51863 51684
51881 53026
51882 53025
51901 53015
51934 51617
51951 49514
51976 49519
51989 52952
52011 51531
52015 52931
52030 51509
52035 52922
52045 52929
52053 52916
52078 52885
52085 52889
52087 52882
52088 52881
52097 52890
52112 51492
52113 51476
52129 52846
52146 52839
52166 52823
52192 51364
52195 52802
52203 52794
52211 49198
52217 52777
52226 49180
52235 49167
52241 52765
52246 51320
52256 49140
52262 51300
52263 51299
52269 51297
52271 52747
52285 51262
52289 51248
52297 49076
52308 52712
52311 51231
52314 51235
52336 52698
52365 52682
52372 52669
52376 51169
52386 51149
52402 52647
52407 48914
52418 51119
52423 52626
52438 52611
52460 51053
52461 51052
52489 52578
52498 52571
52512 51005
52513 51000
52520 50992
52521 50993
52522 52559
52527 53581
52543 52539
52550 52541
52551 52540
52559 52535
52573 52516
52574 53564
52583 48673
52606 52496
52609 50910
52676 52462
52679 52456
52704 28833
52792 50791
52793 50790
52796 48440
52826 50736
52828 52380
52837 52354
52853 50660
52914 48189
52923 52288
53009 48088
53082 52165
53102 48042
53139 52113
53140 52112
53188 52082
53197 50287
53211 52059
53217 53300
53223 50443
53302 50191
53406 50140
53408 50058
53435 50097
53441 47677
53442 47676
53457 50264
53471 50049
53473 51884
53507 51851
53509 47583
53525 51854
53573 47489
53726 53051
53740 53018
53751 51643
53756 51627
53764 52998
53779 52986
53787 49530
53820 52939
53836 51491
53854 52902
53861 51492
53868 52870
53883 52845
53913 53749
53917 53744
53921 51342
53936 52766
53937 51325
53938 51324
53948 52757
53959 52748
53992 52722
53997 51225
54041 53668
54064 53639
54084 53619
54111 53597
54163 52520
54214 53514
54250 52415
54251 52414
54259 52434
54400 52315
54410 52239
54422 52263
54423 52290
54495 50546
54507 53321
54513 53315
54514 53314
54515 50520
54529 50499
54536 50528
54538 52091
54541 52036
54555 52211
54569 52075
54574 52069
54577 52056
54587 52050
54593 52143
54600 53259
54607 52036
54621 52021
54876 50042
54951 53941
54959 53952
54970 54526
54982 53928
54997 53879
55008 53847
55019 52935
55035 53880
55049 53854
55079 52861
55097 53777
55111 54432
55178 53702
55198 53697
55214 54365
55219 53671
55234 53658
55241 53648
55286 54330
55313 52547
55473 53388
55513 50570
55534 53380
55541 53292
55565 52189
55578 54092
55654 54041
55664 53172
55673 54032
55683 53127
55694 51948
55760 54879
55763 54524
55766 54874
55794 53874
55804 54484
55805 54483
55808 53880
55817 53835
55834 54444
55857 53748
55871 54402
55882 53702
55892 54783
55941 54752
55949 54747
55960 54738
55961 54739
55968 54997
56056 54656
56063 54213
56064 54187
56127 54119
56128 54120
56133 54111
56134 53382
56141 54103
56159 54087
56160 54086
56236 53204
56297 55071
56360 55036
56461 54978
56462 54265
56510 54653
56619 55079
56622 55228
56634 55224
56664 55031
56665 55188
56667 55030
56843 55212
56845 55322
56847 55055
56858 55031
56865 55301
56948 55098
56991 55196
56993 55193
57004 55284
57057 55091
57065 55315
57134 55384
57185 55402
57213 55504
57214 55503
57217 55502
57220 55495
