1149
112 43770
449 19174
1327 50328
1934 18675
1951 15259
1956 19126
2131 18994
2266 19084
2351 18899
2435 28522
2588 18700
2751 17836
3023 18396
3057 17768
3058 17767
3060 17401
3188 18300
3372 17825
3536 29137
3632 17826
3704 17486
3734 16718
3760 17434
3872 17614
3970 17168
4078 17539
4451 16253
4522 17050
4564 28697
4987 33305
5004 15088
5092 15316
5096 15304
5177 28178
5299 28112
5359 28197
5477 15825
5558 14816
5559 14815
5565 14844
5567 14843
5766 15691
5956 15818
5979 14436
5980 14353
6112 27692
6198 15185
6220 14258
6244 14103
6312 15369
6328 15715
6771 27284
7102 36138
7173 14563
7250 14488
7547 26838
7552 12613
7662 26747
7873 13303
7979 14218
7994 27430
7995 27429
8113 47140
8175 14012
8296 13526
8572 13417
9006 26025
9308 10923
9416 12764
9803 10906
9855 12257
9933 12008
9954 26667
10016 26573
10031 12101
10038 12083
10040 12082
10085 12025
10799 9636
10907 34289
10982 25647
11293 9071
11398 3848
11463 11048
11637 25302
11638 25300
12008 10694
12010 10412
12011 10411
12050 23931
12170 7679
12171 7678
12417 7184
12483 24587
12504 9471
12513 9460
12564 24917
12601 9423
12606 10716
12610 7795
13490 23895
13500 22979
13631 23608
13674 23571
13760 7677
14314 23321
14315 33360
14541 8609
14552 22424
14743 23253
15182 22981
15238 22928
15243 22770
15309 6236
15382 21402
15498 21771
15528 23073
15625 22996
15910 3050
16004 22451
16085 22130
16245 5712
16309 2649
16346 22636
16414 22224
16415 22223
16432 22161
16441 35920
16448 5919
16552 4832
16567 4671
16631 3316
16674 22154
16789 20904
16823 22154
16849 21126
16866 4624
16882 22636
16895 31483
17040 21889
17135 31578
17231 3691
17355 21719
17411 4184
17444 20515
17460 22033
17474 1918
17533 21385
17544 21234
17553 1338
17571 21473
17703 21911
17836 20552
17905 20935
17948 2231
17961 21811
17982 21714
18056 20937
18075 21865
18085 1377
18131 20333
18180 3447
18193 20888
18194 20672
18195 20671
18205 20417
18206 20416
18227 2326
18230 20596
18568 261
19438 31300
19478 19702
19545 2295
19626 10716
19697 19774
19732 1131
19797 20346
19956 19872
20067 20081
20097 20096
20130 3386
20132 3386
21197 19331
21198 19330
21211 19447
21225 19427
21336 30471
21380 19168
21385 19321
21403 30354
21515 19111
21516 19110
21524 19005
21540 19074
21630 18669
21813 29788
21825 29667
21952 18281
21959 28683
21973 18259
22018 18197
22022 29816
22027 17942
22086 29434
22091 18173
22142 18048
22205 17642
22223 29694
22270 29664
22272 29051
22311 17696
22315 29467
22318 29614
22319 17708
22354 37532
22376 17645
22407 17612
22553 17424
22678 29116
22799 29082
22824 28148
22849 17109
22894 28607
22965 37172
22998 16824
23061 28421
23065 16887
23193 28196
23235 28165
23239 28155
23254 13746
23269 28599
23270 28598
23475 27914
23476 27913
23639 36578
23764 15474
23869 15361
24016 27548
24036 36404
24466 14429
24531 35769
24679 35908
24707 35777
24945 13462
24979 41816
25039 27166
25220 13592
25355 36129
25363 13064
25364 13065
25409 27005
25426 39644
25443 39644
25943 26511
26211 11815
26233 35255
26265 25954
26267 25891
26277 35343
26328 47634
26834 25403
26881 25571
26885 34812
26904 24680
26939 34268
27135 24017
27366 34698
27367 34697
27382 34679
27391 24988
27460 25318
27482 34243
27539 33720
27626 33687
27700 40870
27708 33354
27848 24058
28011 33166
28129 33094
28178 40314
28299 22709
28357 24362
28484 8321
29038 39818
29312 32984
29395 32163
29501 32856
29532 32768
29543 32257
29547 31760
29553 5843
29554 5842
29555 32811
29582 31864
29604 32501
29620 21409
29654 32742
29656 31828
29667 32465
29688 32115
29694 32946
29765 33001
29772 32310
29822 21244
29830 22440
29905 31461
29916 31608
29968 31391
29999 22616
30040 32527
30183 22272
30233 31302
30267 21656
30292 32378
30305 32384
30354 31583
30398 21634
30416 21945
30466 31056
30474 21949
30475 32247
30496 20643
30515 32200
30561 31441
30586 32079
30612 32076
30614 31506
30615 31505
30696 39029
30721 30862
30803 30803
30916 31474
30987 20188
31035 31389
31086 21229
31147 20697
31261 30947
31262 30948
31319 30853
31327 21596
31472 21881
31527 30796
31564 12400
31773 21638
32012 43889
32083 38418
32084 38417
32099 43773
32425 38507
32515 30473
32560 30502
32594 38579
32599 30482
32631 30431
32632 30432
32644 30478
32654 38508
32660 30458
32703 30241
32810 43577
32841 30072
32850 30054
32894 38067
32895 38066
32930 38012
32952 38033
32953 30080
32957 38061
32971 43429
33075 38116
33094 29909
33111 37933
33150 37895
33151 37894
33194 38102
33198 37688
33225 29605
33416 17583
33432 43071
33489 37735
33499 43000
33503 37730
33513 29400
33529 37344
33557 29199
33596 37616
33666 37341
33711 36931
33729 42774
33812 29055
33816 37032
33842 29087
33921 42629
33931 37435
33966 28790
33996 28882
34142 42842
34158 37035
34164 36683
34165 36682
34247 28340
34290 36954
34314 28498
34506 42355
34513 42391
34536 36377
34561 28107
34565 42356
34611 36089
34625 27974
34688 42246
34729 42408
34732 27856
34799 42193
34919 42109
34925 42115
35050 42234
35052 42039
35063 41989
35146 27592
35197 41923
35200 42234
35219 36220
35239 27553
35254 36254
35255 36253
35290 27497
35316 13783
35318 41822
35351 27245
35352 27244
35364 27422
35365 27420
35390 27169
35395 27013
35414 36053
35521 3050
35599 35980
35847 35829
35869 35802
35959 35722
36115 34637
36146 26279
36269 45642
36322 41460
36352 41458
36447 41175
36459 41175
36469 41390
36573 24595
36616 34305
36805 34914
36863 41307
36978 34523
36982 25197
37240 40735
37278 40328
37312 40831
37334 40333
37384 45237
37426 45207
37560 32797
37655 24660
37971 39900
38100 39972
38180 40325
38181 40324
38319 40248
38350 40222
38417 39542
38429 31747
38482 39770
38496 39379
38497 39378
38546 39350
38562 39649
38604 31700
38616 31632
38686 6265
38794 39816
38832 39441
38879 39212
38906 39527
38912 39606
38918 23959
38920 39907
38951 21634
38954 38996
38978 32203
39000 31779
39007 31336
39021 39812
39082 32215
39099 31256
39147 38990
39149 31455
39156 31442
39248 39087
39290 39057
39387 39249
39456 31801
39466 31623
39484 38891
39487 38919
39541 39145
39589 38889
39719 31520
39786 32124
39847 38724
40183 43805
40222 43751
40250 43734
40251 43733
40364 43943
40389 43921
40469 43792
40493 43760
40494 43759
40546 47508
40577 43832
40579 38439
40641 38348
40691 38291
40753 38072
40772 43477
40882 43612
40922 37688
41042 43143
41043 43142
41044 43141
41068 43084
41118 43068
41121 43299
41122 47243
41148 37820
41167 42971
41200 37647
41219 42780
41247 37704
41250 42989
41260 43182
41282 43240
41283 43241
41314 42916
41377 43123
41383 43046
41397 37505
41405 37331
41465 46755
41488 37360
41515 43013
41641 49747
41643 42852
41655 37158
41664 37143
41678 42435
41731 46556
41735 42386
41757 42720
41807 36751
41811 42645
41832 36907
41875 46437
41878 46591
41984 46381
42024 46461
42027 42084
42077 42313
42135 36291
42148 43043
42182 42347
42232 36157
42322 36302
42379 46275
42447 42222
42459 41464
42465 46222
42529 35834
42539 45834
42573 36640
42595 41408
42611 35828
42667 35689
42729 35584
42736 41907
42737 41906
42770 46048
42782 46039
42816 46012
42819 46015
42821 41266
42824 41615
42874 45955
42875 41672
42937 41610
42958 45872
42972 41165
42975 41595
42996 45824
43000 45842
43007 45810
43061 41540
43095 45612
43160 45406
43217 45360
43232 41365
43256 45226
43363 41330
43368 45121
43389 45329
43471 41249
43479 40392
43485 41571
43507 45046
43621 45220
43679 41185
43801 44858
43872 45053
43946 44869
43947 39919
43952 45013
44026 44820
44066 44644
44111 44603
44118 44754
44148 44727
44149 44726
44192 44474
44195 48221
44209 44507
44239 44463
44248 39401
44255 44700
44279 40544
44283 44438
44344 44972
44348 44369
44358 44713
44383 44363
44391 44517
44392 44516
44393 44301
44399 44470
44400 44469
44413 44719
44429 39741
44456 44358
44465 44680
44467 44457
44468 44456
44479 44244
44481 44783
44488 39921
44490 44415
44526 44524
44545 44305
44596 44182
44631 44198
44632 44197
44666 44151
44711 47750
44731 39753
44736 40017
44752 39725
44773 39727
44794 39670
44818 44016
44825 39759
44828 44111
44842 39723
44853 44176
44859 39599
44875 44155
44913 44076
44946 44101
44962 47913
45015 44264
45035 39257
45457 47644
45534 43895
45588 47507
45589 47506
45592 47481
45606 47504
45624 43756
45677 43694
45687 47554
45706 43667
45734 47517
45759 43705
45765 43695
45770 43658
45805 47281
45811 43648
45835 38171
45851 43498
45868 50169
45936 38020
45945 47292
45947 43449
45968 50079
45972 47117
45979 50076
45982 47076
46047 47021
46051 43339
46059 43373
46096 47045
46099 43295
46100 43294
46126 43157
46145 43295
46146 43294
46151 47111
46205 47104
46258 43095
46323 42900
46342 43015
46379 42961
46430 49760
46450 42871
46453 42895
46477 46886
46512 49704
46524 49572
46557 42694
46574 42743
46597 42668
46599 36908
46621 42729
46624 49598
46640 49606
46653 46678
46654 46677
46689 46391
46728 49527
46746 49631
46747 42383
46748 51854
46783 49448
46797 51707
46798 46501
46812 49433
46820 46593
46824 46508
46841 46500
46842 46499
46860 42400
46862 46444
46878 46417
47125 45839
47170 49022
47171 16700
47177 46278
47211 46088
47226 46070
47227 46069
47254 41857
47348 46021
47376 48910
47391 45597
47392 48933
47425 45569
47505 49210
47520 45902
47542 45553
47600 45500
47601 48808
47612 45777
47647 45684
47651 41372
47743 48550
47786 48709
47856 45411
47871 48672
47893 41237
47915 45584
47924 44958
48002 48335
48007 45191
48015 48590
48069 45060
48080 48484
48097 48474
48200 48180
48232 48148
48319 48096
48321 45069
48346 48198
48358 48429
48380 48228
48393 44361
48424 48007
48425 48008
48438 48104
48447 44813
48461 44638
48463 44705
48491 44654
48501 48140
48532 48240
48542 44293
48563 47982
48622 47772
48635 44822
48672 44794
48686 39761
48690 39757
48707 44648
48710 44038
48712 39735
48732 44306
48744 39898
48770 47847
48808 47937
48928 47777
48951 44089
48952 44308
49191 47662
49202 47664
49248 47560
49295 47500
49309 50382
49310 50381
49325 50312
49341 50260
49357 47427
49368 50238
49387 50335
49395 50197
49448 47375
49457 47390
49469 47306
49470 47307
49471 50120
49482 50112
49498 47320
49551 52129
49575 47191
49581 52036
49599 50133
49615 49880
49616 49881
49621 47146
49629 47221
49630 47222
49634 47196
49635 47195
49641 47015
49678 47078
49709 49781
49720 49920
49723 50013
49755 46966
49779 40068
49824 46924
49827 51904
49840 51918
49841 46964
49845 42923
49870 46909
49876 46832
49883 49921
49903 46879
49930 51841
49969 51794
49977 49600
49994 51775
50029 49759
50030 51741
50044 46585
50112 49666
50142 49654
50180 46462
50232 46483
50249 49580
50250 49577
50273 49612
50274 46399
50344 49144
50382 49147
50383 49148
50419 49439
50456 49029
50483 49319
50500 49219
50518 49186
50520 49289
50537 51514
50576 51355
50578 51478
50595 48870
50641 51533
50682 49020
50797 51222
50831 45677
50832 51188
50856 51057
50883 51211
50905 48697
50974 52699
50976 48831
51008 48329
51153 50842
51208 50755
51238 50934
51239 51005
51247 50985
51252 48093
51273 48374
51284 50726
51321 48333
51383 50818
51398 50720
51411 48163
51423 48149
51499 52504
51534 50622
51543 50588
51553 50610
51565 48147
51569 48026
51594 50605
51646 50660
51656 50612
51657 50611
51710 48088
51749 48113
51881 52277
51923 52346
51933 52336
51975 52293
51982 52263
51998 52265
52011 52296
52078 52196
52085 52157
52086 52156
52087 52150
52088 52149
52096 52143
52129 52115
52168 52191
52201 52067
52217 52008
52226 50202
52227 52036
52241 53407
52256 50154
52263 52092
52297 50090
52304 50087
52314 52045
52370 53350
52399 49903
52423 53262
52457 51938
52489 53207
52498 51749
52509 49744
52512 51881
52522 53174
52537 53221
52543 53135
52550 53169
52551 53168
52557 53158
52573 53150
52575 49733
52576 49732
52583 49630
52606 51654
52709 51773
52792 51673
52793 51672
52837 52985
52838 52986
52920 51568
52952 51500
52961 52889
52970 53984
52985 51463
53002 53016
53007 51435
53017 51479
53020 51253
53099 52866
53102 48970
53104 51384
53139 52746
53140 52745
53147 51211
53197 50980
53222 48893
53236 48874
53302 51027
53355 50788
53364 52641
53408 50726
53435 50919
53437 53767
53471 52587
53473 52536
53478 52484
53507 52482
53539 52599
53609 52473
53612 52404
53613 52405
53820 53544
53837 52269
53854 53507
53863 52243
53865 52242
53872 52233
53883 53473
53913 53411
53936 53470
53943 53477
53961 53391
53967 52101
54053 51999
54061 53346
54084 54248
54111 54209
54120 54175
54141 51870
54147 51867
54148 53120
54214 54109
54252 51693
54259 53153
54311 53101
54312 54072
54330 54057
54389 52917
54400 54107
54422 53002
54423 53031
54424 53032
54426 54085
54432 51269
54438 53003
54500 53979
54513 52763
54515 52971
54526 3001
54554 52724
54569 52715
54572 52705
54573 52706
54574 52704
54587 52692
54593 52884
54601 52680
54621 52655
54672 52748
54685 53784
54718 52553
54744 53781
54745 53780
54749 54562
54762 53758
54798 52552
54799 53660
54811 53659
54820 52451
54831 53679
54891 52545
54959 54478
55028 54501
55049 54457
55050 54456
55077 54437
55087 53562
55097 54467
55101 52233
55107 54453
55109 54402
55132 54377
55141 54368
55153 54367
55171 54379
55178 31558
55230 53384
55399 54827
55444 54793
55513 51431
55541 53886
55565 52902
55578 54621
55581 52890
55617 54596
55631 52776
55649 53840
55654 54568
55673 54582
55683 53711
55685 54549
55730 49142
55737 54544
55798 55017
55802 54514
55803 54513
55832 54991
55841 54984
55842 53546
55857 54420
55882 31558
55892 54899
55955 54277
56095 55175
56127 55130
56128 55131
56141 54638
56232 54540
56234 55072
56261 54604
56314 55021
56315 55020
56391 54934
56393 54933
56510 55199
56583 55440
56600 55446
56605 55629
56622 55621
56753 55531
56795 55657
56798 55643
56804 55639
56847 55618
56878 55756
56926 55824
56948 55643
56991 55774
56993 55770
57004 55872
57035 55909
57052 55900
57067 55886
57105 55934
57120 55971
57172 56005
57173 56000
57182 55984
57197 56047
57222 56069
