2688
111 2192
119 2178
127 2195
162 21102
164 20757
193 2286
216 2607
269 3842
284 2397
285 2398
309 3039
316 2734
318 2753
362 20888
365 2351
377 21097
382 2545
383 2546
408 2574
450 2887
473 2258
482 2917
506 2623
597 21047
610 21061
613 2714
629 2728
630 2729
636 21419
770 2728
771 2729
820 2907
883 21492
913 21331
969 3098
1068 3198
1085 3206
1100 3214
1137 3230
1146 21327
1148 3262
1149 3381
1155 3277
1156 3278
1165 3557
1176 21333
1192 3325
1199 3274
1232 21697
1241 3912
1273 3674
1282 3990
1374 3500
1407 4299
1462 3638
1501 3624
1510 3647
1542 4502
1576 4316
1579 3806
1610 21915
1613 3805
1657 21895
1676 3923
1724 4266
1725 4267
1728 3911
1761 21759
1762 21760
1801 4139
1819 21914
1873 3960
1897 4094
1899 4510
1934 4129
1935 21761
1940 4165
1942 4258
1981 21841
1984 4196
2084 22083
2091 4261
2131 4851
2138 51466
2152 22414
2155 21956
2209 4784
2235 4991
2249 4325
2252 5354
2302 5046
2340 4986
2351 5113
2481 4704
2545 5201
2561 5632
2563 5723
2569 4656
2578 4649
2629 5279
2646 22102
2673 5339
2712 4795
2722 5378
2734 22450
2743 22458
2780 5457
2875 5541
2894 5430
2980 22669
3056 5748
3064 5664
3065 5665
3079 22713
3080 5673
3109 6231
3119 22748
3158 22633
3167 5352
3177 22642
3184 5709
3270 6134
3296 22758
3358 6104
3381 6475
3411 5502
3431 22981
3453 22992
3501 6396
3545 5647
3551 22677
3595 22711
3622 6888
3623 23110
3670 6737
3671 6738
3716 23216
3717 23217
3728 6671
3735 5813
3741 23204
3760 23238
3767 5841
3816 6205
3817 6452
3871 6520
3938 23471
3962 7208
3972 6159
3977 21009
4011 23430
4028 23443
4081 7112
4088 6847
4094 6180
4128 7146
4135 7136
4177 7364
4224 23524
4238 6941
4241 7496
4259 23608
4292 23382
4294 7424
4349 7160
4459 7041
4472 23375
4474 6992
4482 7486
4486 7761
4487 7762
4503 23426
4504 7266
4515 23717
4522 7717
4530 7055
4565 6747
4586 7859
4619 6792
4662 7754
4675 7807
4727 6816
4740 7872
4781 28216
4783 7854
4808 8249
4847 7626
4851 7989
4852 7997
4869 8089
4890 8027
4930 7529
4952 7725
4959 6752
5073 6896
5091 7554
5092 7555
5094 8422
5103 7580
5107 8178
5108 24193
5174 24116
5177 7654
5216 8647
5279 8467
5289 7786
5305 23929
5308 8443
5309 8444
5326 7830
5327 7831
5360 8006
5372 8614
5407 8503
5427 8649
5440 8897
5456 8644
5468 8661
5481 8592
5485 8709
5512 9088
5559 7988
5576 8752
5582 24304
5604 8756
5622 9058
5742 8124
5764 24426
5783 24058
5792 7686
5838 8970
5853 24488
5854 24489
5873 24112
5890 9035
5925 8315
5938 9095
5963 8379
5967 9134
6013 8408
6033 9577
6034 9578
6098 9574
6109 9262
6131 8802
6203 9297
6220 8693
6236 9539
6257 24726
6366 9644
6400 9650
6403 9507
6408 9676
6424 9687
6541 8883
6568 9798
6572 9707
6601 9750
6777 9665
6778 9666
6785 9916
6810 25020
6818 9959
6824 9704
6851 10239
6901 9289
6902 9263
6923 9977
6943 24982
6950 10336
7054 10150
7075 10022
7102 9510
7165 10190
7166 10191
7316 9689
7328 10576
7381 9397
7392 10754
7420 25416
7467 9731
7474 9827
7519 10534
7546 10562
7568 10849
7591 25100
7650 10649
7670 11103
7740 10664
7805 25785
7904 20915
7905 10845
8050 11174
8066 11108
8067 11109
8093 11072
8139 11564
8236 11338
8240 25765
8280 11729
8296 11758
8318 11171
8365 11241
8369 11246
8420 26236
8485 11265
8495 12189
8547 26410
8589 26410
8590 12284
8594 11429
8604 11428
8613 11434
8742 11693
8751 11677
8773 26452
8822 12051
8823 11755
8836 12385
8847 12393
8848 12394
8889 12430
8898 12520
8910 11762
8911 11763
8914 11862
8945 26235
9006 25832
9013 11971
9015 11976
9021 11997
9035 12283
9061 12013
9069 12324
9097 11977
9118 12067
9204 12899
9212 12960
9255 12957
9256 12958
9292 13018
9315 12932
9316 12933
9322 12887
9323 12888
9369 12960
9388 13250
9464 13167
9479 13250
9481 13111
9531 12890
9555 10954
9577 12939
9721 11629
9728 13312
9806 13438
9807 13439
9850 13475
9916 13637
10007 13638
10060 13559
10085 13588
10130 13618
10160 13514
10234 12621
10477 13928
10520 12880
10553 12682
10577 14047
10598 13793
10634 14088
10655 14102
10656 14103
10691 14030
10747 13123
10788 14157
10872 13097
10879 13047
10901 13144
11035 14543
11041 13560
11122 14622
11146 14373
11187 14419
11269 14468
11383 14056
11430 14831
11485 15906
11490 14910
11505 14150
11534 14952
11573 13878
11620 13590
11637 14759
11638 14760
11687 14217
11741 14295
11747 14388
11836 14214
11839 14343
11883 10170
11950 15109
11955 15118
11979 14656
12155 42098
12196 15386
12204 14720
12215 14835
12220 14414
12239 14850
12309 14350
12373 15049
12416 14485
12517 15283
12570 15477
12586 15674
12633 15705
12634 15706
12702 15789
12887 15990
12987 14783
12999 15592
13324 16212
13500 28258
13501 28259
13562 16225
13596 16388
13714 16412
13715 16413
13739 15685
13815 16539
13929 16698
13958 16398
14053 16527
14068 16695
14069 16696
14101 16094
14181 16937
14238 16654
14356 17186
14478 16467
14499 16985
14660 17050
14729 17245
14744 17523
14866 17595
14892 17189
14929 15754
14941 17670
14996 17698
15027 17873
15082 17843
15083 17844
15126 15987
15396 17474
15397 17475
15499 29158
15726 17412
15913 18416
16109 17540
16121 18429
16130 17900
16162 17835
16176 17650
16257 18255
16323 18583
16535 18316
16537 18255
16538 19066
16590 18819
16619 18418
16697 18853
16751 18807
16774 18619
16802 19287
16823 18255
16850 15674
16913 19236
16916 29997
16939 19054
16940 18783
16964 19098
17015 18309
17038 19496
17082 30105
17097 18255
17104 19507
17135 18971
17199 19050
17209 19429
17347 19218
17363 12049
17477 19456
17551 19259
17574 19283
17625 19362
17626 19363
17654 19217
17685 19439
17778 19477
20349 20753
20350 31357
20373 20778
20423 20878
20441 20699
20445 20880
20516 20959
20532 31669
20550 20992
20562 20840
20603 31731
20645 31774
20687 21495
20720 31723
20729 20951
20733 21233
20734 21209
20747 31667
20748 31668
20763 21217
20825 31817
20828 21592
20832 31877
20835 21047
20867 32059
20880 21434
20908 21372
20952 21430
20987 32191
21019 21811
21034 21523
21051 32181
21061 21803
21084 21555
21107 21591
21159 21794
21170 32066
21175 32072
21178 21667
21197 21939
21198 21940
21225 21692
21250 22090
21258 21728
21318 22094
21371 21832
21376 22234
21402 21868
21405 22117
21412 32244
21419 32457
21423 32325
21517 32321
21565 22015
21625 22362
21626 22363
21671 32701
21677 22675
21696 32604
21733 5426
21741 32503
21773 22587
21805 22426
21813 22539
21819 32839
21878 32441
21879 22521
21894 5577
21895 5578
21896 32885
21899 22641
21900 32800
21943 22402
21952 22390
21973 22657
21983 22661
21984 32866
21998 33009
22022 32919
22069 22777
22086 32937
22088 33109
22097 33103
22106 22952
22145 23006
22166 22667
22178 23195
22214 23089
22242 23190
22251 23129
22271 23151
22291 23231
22294 32995
22311 22737
22319 6356
22369 23246
22372 5973
22373 5974
22381 22948
22456 23307
22465 23328
22466 23329
22476 23342
22489 22925
22506 33351
22518 23376
22559 23494
22566 23282
22569 23460
22570 23461
22588 23558
22606 23451
22621 5557
22655 23636
22660 23603
22693 23325
22709 32842
22712 7516
22713 7517
22716 33540
22730 23735
22731 23736
22732 33535
22745 23763
22782 23645
22811 33408
22819 23887
22820 23399
22824 6340
22844 33619
22848 23444
22858 23467
22868 23842
22913 23487
22916 23818
22935 7329
22944 23829
22945 33484
22959 33518
22963 23293
22965 23569
22973 33369
22997 33352
23027 33365
23056 33263
23093 23706
23098 23704
23099 23705
23131 23757
23142 23848
23149 24028
23181 23712
23210 23741
23211 23742
23235 23805
23239 23800
23257 24139
23262 33739
23269 24210
23270 24211
23294 23837
23306 24221
23337 23972
23375 23631
23390 23931
23429 24605
23430 23963
23460 24366
23475 24015
23476 24014
23485 24034
23496 24675
23508 33821
23519 24151
23530 24473
23536 24084
23606 24652
23634 24232
23639 33877
23648 24179
23657 34377
23669 24594
23670 24595
23683 24841
23737 34324
23759 34103
23767 24851
23768 24852
23776 24719
23819 8683
23869 24944
23882 24351
23889 9624
23897 24876
23924 12589
23952 25015
23990 24908
24000 25085
24001 25086
24015 24895
24022 24920
24027 24484
24056 9725
24075 25217
24085 25231
24095 24994
24113 24251
24125 24220
24138 34453
24146 24877
24152 25053
24171 25069
24194 24924
24268 34386
24323 25030
24339 25206
24352 25050
24373 25224
24374 25154
24405 25245
24492 24968
24494 34506
24553 34848
24638 34435
24639 34436
24667 34904
24738 25602
24796 10889
24848 25697
24945 11191
24949 25937
24989 26153
24990 26154
24991 25878
25004 25477
25013 11060
25022 25801
25036 35360
25054 25969
25062 26229
25063 26230
25113 25823
25122 25943
25140 25607
25142 25579
25144 26411
25158 35232
25159 26411
25192 26464
25196 25619
25236 26502
25237 26503
25241 11770
25253 35616
25258 26530
25285 26441
25303 26470
25307 26143
25308 26144
25314 26488
25315 26489
25318 26481
25319 26483
25323 26171
25324 26175
25373 26536
25374 26537
25409 26558
25448 26270
25461 26596
25496 12049
25539 26428
25561 26821
25562 26800
25563 26801
25590 26821
25598 26397
25620 26821
25641 25939
25643 26820
25649 26823
25664 12102
25761 26006
25889 27048
25939 27115
26028 27066
26042 27197
26043 27198
26080 12577
26220 27349
26227 13626
26265 13728
26281 13117
26284 26704
26355 13168
26526 26890
26542 27044
26582 27521
26671 27319
26690 26942
26723 27266
26724 27267
26735 27287
26833 27703
26834 27702
26843 14725
26846 27184
26869 14956
26894 14216
26899 14999
26905 27354
26907 36143
26964 27433
27035 27382
27036 27383
27043 27511
27070 15057
27073 27602
27083 27537
27180 27489
27254 15320
27344 27830
27366 15551
27378 28086
27382 28220
27438 28076
27468 28035
27482 15577
27525 28268
27553 28292
27640 28133
27691 28492
27755 28275
27798 28437
27811 28526
27828 28045
27829 28046
27846 15939
27848 28564
27888 28141
27911 28097
27993 28571
28046 16390
28123 28689
28141 16511
28154 16562
28155 16563
28181 16506
28268 15933
28277 16626
28280 16662
28292 16639
28293 28803
28318 28929
28334 28858
28335 28860
28345 29006
28357 28852
28363 16840
28368 28885
28384 28759
28446 29076
28458 29090
28484 16760
28601 16504
28602 16505
28646 17076
28707 29125
28719 17492
28774 29210
28813 17206
28841 17277
28987 29381
29033 17363
29204 18355
29241 29459
29311 18534
29312 18535
29378 18629
29391 18436
29418 18034
29442 29988
29501 30010
29550 18607
29618 29918
29649 29619
29653 30119
29666 29951
29671 18666
29683 30141
29684 30133
29712 18999
29716 29505
29721 29953
29742 29989
29809 30039
29821 19129
29822 18418
29826 30047
29849 30042
29855 18852
29870 29958
29877 18358
29883 18650
29887 18358
29983 30271
30012 18796
30021 29718
30040 19389
30041 19074
30061 18904
30069 19421
30099 18781
30117 30484
30138 18937
30167 30086
30168 30087
30209 19157
30215 19178
30217 30347
30299 18810
30317 30255
30335 19206
30360 30103
30365 30277
30372 30338
30432 30386
30462 30384
30463 30385
30591 30305
31880 31381
31905 31437
31909 39071
31927 39100
31946 38962
31950 38927
31968 31597
31986 39043
32011 39010
32027 31498
32077 31584
32082 31527
32083 31311
32084 31312
32096 31798
32169 21158
32175 31703
32182 31772
32235 39216
32236 39217
32255 31789
32276 31863
32289 32050
32302 39345
32310 31836
32322 31848
32340 39431
32354 39281
32355 39282
32360 21440
32375 31908
32429 31994
32442 39330
32446 21009
32472 39362
32473 39433
32489 39349
32498 21895
32502 39554
32515 32305
32517 39574
32526 32316
32550 32340
32551 31842
32560 32131
32572 32356
32584 32322
32585 32323
32593 32452
32594 32453
32621 32519
32627 39590
32645 32381
32649 39614
32652 39481
32654 32522
32655 32397
32663 39490
32684 32433
32688 32514
32703 39622
32704 39675
32724 32482
32744 32521
32753 32518
32764 32319
32787 39723
32831 32830
32834 32396
32841 39738
32850 32641
32880 32667
32885 32703
32886 32704
32894 32437
32895 32438
32934 32916
32935 32917
32956 39803
32959 39825
32983 32759
32997 39740
33028 32812
33029 32788
33030 32789
33138 22478
33150 39873
33151 39874
33166 33053
33172 33094
33182 33141
33198 32791
33211 33166
33218 39845
33234 33021
33251 32864
33253 40039
33266 40048
33332 33295
33334 33060
33344 39924
33371 40138
33380 33095
33391 33341
33460 33375
33461 33376
33474 33499
33505 23245
33517 40027
33520 33448
33523 40215
33524 40216
33542 33443
33556 33441
33564 33197
33577 33472
33597 33502
33666 33390
33682 33608
33696 40222
33732 33449
33757 33434
33763 33557
33764 33558
33770 33689
33772 33500
33786 33226
33805 33757
33814 33729
33818 33634
33823 33729
33861 33632
33913 33409
33931 34102
33946 40574
33975 34118
33998 33965
34002 33697
34014 33508
34041 33568
34078 34035
34181 24658
34187 33753
34203 23935
34213 34214
34222 40756
34238 34254
34244 33902
34263 34264
34265 34396
34267 34302
34272 34082
34277 40872
34282 40817
34283 40818
34304 33998
34315 43866
34321 34480
34332 40622
34346 34145
34347 34146
34373 24346
34383 24374
34385 33806
34429 34413
34469 33859
34480 34444
34481 34445
34498 34489
34506 34152
34534 34690
34549 34266
34550 34197
34554 34279
34571 34301
34576 34608
34583 34323
34589 41010
34606 34626
34616 34283
34627 34485
34628 34486
34643 34587
34645 34625
34655 34631
34664 34525
34667 34815
34668 34816
34676 34653
34723 34683
34732 34700
34741 34707
34805 34438
34821 34455
34828 34802
34842 34769
34876 34494
34879 34829
34880 34830
34909 34553
34945 40884
34951 35040
34954 34607
35011 34930
35025 34958
35028 34920
35051 35005
35072 35001
35078 34719
35079 34720
35082 34558
35122 25318
35124 34784
35135 35052
35139 25126
35165 34832
35197 34874
35219 35122
35228 35312
35231 35136
35237 35133
35254 35341
35255 35342
35261 35145
35262 35345
35275 35155
35280 35369
35296 35167
35297 35168
35325 35187
35334 41414
35349 35269
35369 35184
35390 25995
35403 35249
35410 35270
35436 35244
35453 35325
35506 35397
35509 35643
35510 35644
35520 35511
35549 26730
35599 35630
35768 35222
35814 26694
35819 35939
35870 26925
35915 36011
35916 36012
35982 26671
35997 41662
36009 27168
36099 35774
36146 36150
36172 35841
36225 35934
36240 35918
36259 2545
36260 2546
36261 27723
36266 27596
36289 35947
36297 35999
36308 27542
36314 35796
36320 36268
36322 36277
36421 27832
36446 27740
36489 35985
36566 27985
36573 36273
36582 36225
36583 36226
36584 36227
36586 36144
36616 36307
36625 36173
36669 27979
36695 36319
36758 36256
36782 36385
36803 36394
36804 27532
36818 36461
36821 36648
36826 36406
36863 28221
36909 36535
36910 36536
36916 36642
36969 28362
36970 28363
36975 28341
37016 27802
37122 28406
37141 36764
37147 36969
37207 36875
37240 28624
37273 36981
37291 36725
37295 28647
37314 36741
37352 36777
37365 28722
37384 37083
37414 36808
37420 36828
37434 37039
37442 37120
37444 37015
37450 28765
37459 37111
37475 28802
37569 37109
37694 28951
37699 29009
37769 29288
37833 37457
37842 29334
37886 28894
37905 37698
37940 37672
37941 37275
37950 29537
37994 29631
38035 37587
38043 29623
38063 37744
38095 37538
38102 28968
38111 37416
38188 29794
38204 37407
38292 29266
38293 37852
38302 29600
38308 37511
38320 29940
38369 38030
38370 38031
38382 30455
38417 37767
38429 37740
38442 29902
38446 37968
38457 37763
38459 37983
38485 37836
38498 29968
38514 30162
38519 30178
38533 30332
38541 30216
38566 38037
38570 38048
38574 38056
38587 38068
38604 37935
38615 38087
38616 29817
38617 29672
38618 29673
38628 38094
38631 38081
38632 38082
38683 30376
38696 30031
38716 30352
38718 30222
38732 38173
38782 38083
38783 29914
38806 30175
38814 30353
38824 29886
38838 30383
38839 30191
38841 30399
38870 38145
38905 30472
38906 38290
38910 30083
38925 38217
38938 30368
38939 30369
38968 38262
38969 30378
38976 30363
39038 30475
39123 30305
39176 31412
39334 3144
40090 39001
40092 39119
40112 43997
40118 39053
40122 39044
40127 39010
40144 44015
40147 43950
40163 38999
40165 39094
40166 39095
40176 38880
40178 39005
40195 39031
40202 44031
40205 44056
40220 39256
40246 44080
40254 39289
40264 39278
40274 39164
40278 44097
40308 39180
40310 39197
40319 39208
40322 31962
40325 43987
40332 44123
40334 39196
40341 39226
40342 39227
40343 44149
40361 39027
40364 39258
40371 39346
40373 39110
40381 44282
40385 44168
40395 39275
40397 39310
40409 39281
40443 39317
40469 39356
40470 39357
40472 39428
40480 44360
40482 44386
40485 39510
40488 39554
40490 39374
40493 39371
40494 39372
40514 39534
40521 44303
40534 39425
40546 44298
40548 39434
40555 39470
40565 32246
40568 39584
40583 39597
40587 39602
40596 44436
40627 44375
40638 39537
40641 44466
40651 39695
40684 44400
40689 39732
40691 44499
40707 39696
40733 39715
40741 44459
40760 39800
40771 39701
40772 39658
40773 39659
40788 39799
40801 44607
40852 39932
40891 39891
40908 39791
40931 39845
41007 44804
41038 40129
41067 44855
41068 39957
41076 40161
41088 44881
41114 40102
41122 50763
41126 40224
41132 44906
41138 40220
41145 40218
41147 40003
41148 40004
41149 44737
41150 40302
41152 44891
41163 44910
41166 44900
41172 40240
41182 44955
41200 40288
41219 40021
41239 40206
41265 40281
41272 40222
41275 40394
41280 44903
41287 40371
41293 44912
41314 40255
41325 40151
41326 40152
41346 40425
41367 40446
41383 45103
41395 40367
41400 40330
41425 40650
41429 40238
41448 45088
41454 40665
41464 40419
41467 45277
41475 40690
41511 40755
41519 40640
41520 40478
41528 45271
41564 40723
41573 40508
41581 40465
41597 45330
41613 45310
41617 40559
41619 40633
41633 40872
41634 40873
41663 40622
41673 40880
41674 40874
41677 40847
41697 40945
41712 40887
41757 40991
41762 45546
41765 40961
41769 40930
41776 45456
41804 40579
41807 40978
41824 40797
41838 45613
41855 41125
41858 41057
41862 45524
41878 45517
41921 40819
41924 41051
41963 41107
41968 34796
41970 45703
41983 41210
41985 41134
41992 40954
42023 40892
42030 34918
42032 45426
42061 41030
42067 53745
42069 41011
42088 41224
42164 41306
42166 41349
42182 41453
42215 41489
42225 41366
42237 41201
42249 41429
42268 41394
42311 41435
42321 41259
42351 41440
42358 41498
42363 41492
42379 41529
42385 41564
42423 41525
42444 35431
42456 35512
42457 35513
42472 41323
42475 41758
42516 35827
42521 41791
42545 35192
42560 41817
42573 46115
42584 41487
42590 35939
42608 46152
42626 41835
42664 45967
42764 41656
42768 41741
42776 41943
42782 41940
42800 41773
42801 41774
42819 41975
42824 41985
42838 41989
42859 42163
42874 42036
42887 41790
42890 42058
42907 41870
42908 42065
42915 42012
42943 41850
42980 42129
43000 42171
43007 42160
43040 41870
43054 42226
43055 42232
43056 41967
43061 42167
43066 41976
43085 42068
43133 42286
43152 46500
43185 36431
43256 42072
43268 42349
43275 42391
43287 36535
43309 42333
43329 46570
43334 36802
43363 42367
43388 42435
43394 42384
43407 42406
43408 42407
43433 42443
43472 42530
43493 36907
43495 42341
43505 42509
43513 36957
43539 42592
43550 37027
43589 42433
43594 42644
43624 36812
43650 42465
43670 42672
43671 42673
43718 37146
43724 42724
43729 42811
43820 37412
43821 42817
44056 43069
44057 43070
44107 37843
44119 42819
44148 43036
44149 43037
44150 42926
44154 37927
44171 43228
44182 43136
44197 43145
44227 37946
44248 43067
44273 43334
44274 43233
44283 43096
44287 43234
44289 43100
44305 43253
44324 47021
44327 38265
44331 43089
44332 43090
44338 38205
44340 43295
44356 37816
44384 43186
44391 38075
44395 43158
44396 38185
44399 38061
44401 43273
44447 38245
44456 38151
44460 43434
44490 43389
44499 38078
45265 43906
45279 47646
45283 47653
45296 43940
45301 43941
45315 43896
45326 47710
45350 47708
45396 44214
45397 43965
45404 44128
45406 44132
45422 44142
45450 44162
45456 44184
45464 47815
45480 44211
45484 47887
45485 44192
45496 44333
45500 47836
45523 47868
45534 44373
45540 47862
45559 44161
45561 44380
45571 44343
45572 44340
45576 47931
45584 44407
45585 44408
45589 44325
45592 44336
45593 44444
45594 44341
45601 44432
45602 44361
45603 44348
45606 44365
45620 47986
45636 44479
45638 47967
45645 44410
45660 48018
45662 44395
45664 47971
45677 44493
45683 48035
45684 47982
45685 47960
45686 47614
45698 44512
45706 48053
45707 44522
45711 44508
45717 44539
45723 39616
45742 44544
45746 48026
45749 48146
45750 44520
45755 44484
45774 44478
45776 44619
45811 44757
45826 44541
45835 44628
45850 44652
45855 44671
45858 44599
45864 44748
45866 44679
45872 44710
45897 44620
45903 48123
45926 48244
45928 48250
45939 44820
45945 48267
45947 44651
45952 44847
45971 48289
45972 44721
45979 48182
45985 44863
45993 48307
46002 44877
46014 44883
46020 44890
46030 48347
46051 44993
46054 48350
46095 48405
46096 44871
46099 45035
46107 44858
46116 45032
46153 48308
46166 44953
46169 45050
46178 44882
46194 45093
46205 48518
46207 44851
46215 45204
46223 45138
46224 45139
46227 45221
46236 45225
46238 45142
46242 45178
46246 48551
46258 45080
46265 45176
46289 40585
46327 45298
46328 45299
46346 48471
46353 45268
46363 40674
46364 40675
46378 48592
46399 40576
46417 45241
46418 45346
46428 45065
46430 45210
46441 45413
46449 45296
46453 45411
46454 45412
46466 45370
46467 45438
46481 45394
46488 40901
46501 48734
46514 45477
46519 48739
46529 45490
46531 40773
46541 45487
46577 45472
46606 45369
46609 45531
46611 45367
46621 45578
46622 45579
46624 48643
46625 41080
46635 45544
46652 45561
46653 45645
46669 45628
46674 45429
46676 45443
46680 48687
46689 45449
46703 45475
46728 45499
46743 45683
46744 45676
46753 45770
46759 45713
46771 45734
46798 45743
46809 45834
46812 41111
46813 45843
46814 45844
46815 45730
46824 45858
46825 45624
46841 45870
46846 45775
46863 45793
46867 41359
46868 41360
46874 45803
46875 45831
46898 48999
46901 45841
46902 45842
46919 45865
46926 45847
46936 45894
46940 45860
46943 45891
46944 41502
46956 45876
46972 45909
47071 48933
47085 49122
47120 45859
47125 41449
47159 46179
47166 46161
47169 41927
47226 46174
47227 46175
47256 46224
47267 46211
47274 46243
47294 49242
47323 46279
47339 42127
47349 46114
47372 46327
47373 46328
47387 46153
47391 46158
47425 46192
47441 46432
47442 46433
47456 46159
47461 46210
47489 46577
47506 42269
47514 46221
47520 46388
47541 46359
47542 46360
47546 46339
47547 46340
47564 46487
47570 46369
47580 46375
47581 46324
47600 46418
47622 42389
47625 42276
47652 46524
47670 46533
47692 46590
47700 49487
47709 42438
47752 46568
47806 46624
47820 46697
47821 42521
47830 46667
47846 46688
47871 46749
47911 46734
47912 46735
47915 46710
47917 46739
47920 46771
47960 46827
47987 46740
48002 46712
48015 46824
48038 46896
48168 46897
48223 42898
48319 46984
48359 49860
48380 47160
48390 43309
48401 47217
48404 47176
48410 47092
48423 43282
48427 43376
48442 47049
48494 43424
48500 47220
48581 47219
48987 47618
49002 47630
49010 47703
49018 47610
49048 50380
49055 47708
49079 47813
49081 47720
49085 47801
49100 47747
49106 47827
49153 47791
49157 50458
49175 50410
49176 47838
49177 50463
49186 47965
49187 47966
49188 47851
49191 50426
49208 47873
49219 50453
49220 47890
49223 47990
49228 47963
49230 47981
49248 50514
49249 47908
49250 47909
49286 47955
49296 48043
49302 50575
49303 50528
49316 48001
49323 48012
49324 50538
49336 48059
49349 48093
49352 48028
49359 50557
49368 50572
49387 50644
49395 48067
49397 48155
49413 50664
49431 48103
49434 50607
49445 48230
49447 50690
49449 50696
49453 48118
49463 50719
49466 48254
49467 48255
49478 48151
49482 48153
49489 48294
49504 48178
49510 48175
49511 48176
49520 50667
49522 48197
49523 48198
49526 48263
49529 48170
49531 48311
49539 48338
49540 48339
49541 48340
49543 50757
49544 50758
49550 48223
49551 50776
49553 50783
49556 48327
49565 44862
49568 50753
49575 48364
49587 50714
49589 50792
49598 50797
49599 50815
49600 48407
49621 48406
49622 50725
49640 48410
49643 48361
49649 48416
49666 50767
49697 48476
49706 50754
49713 50918
49714 44952
49723 48511
49730 48349
49734 48459
49745 48505
49755 48525
49768 48526
49772 48535
49774 48537
49784 48454
49786 48575
49787 48576
49823 48663
49824 48664
49830 48619
49856 48519
49857 48637
49876 45439
49879 48726
49880 48727
49883 48731
49887 48564
49911 45512
49924 50923
49964 48647
49965 48789
49976 48677
49977 48649
49986 48658
49999 45453
50001 48820
50008 45680
50014 48709
50027 48861
50029 48869
50030 48718
50051 48834
50110 48884
50112 48887
50142 48988
50153 48956
50166 48944
50175 48936
50180 48942
50185 48961
50193 48989
50216 49019
50234 45912
50238 48987
50264 49017
50373 46164
50379 49156
50391 49166
50399 46196
50411 45988
50444 49184
50460 49207
50464 49207
50473 49220
50478 49102
50482 49242
50487 49239
50512 46287
50520 49276
50525 46297
50526 49165
50529 49287
50536 46314
50560 49296
50578 49322
50596 49214
50610 49377
50616 49263
50623 46463
50644 49404
50645 49405
50683 46324
50706 79
50740 46507
50741 49515
50811 46592
50822 46603
50837 46599
50841 46645
50861 46684
50912 46583
50942 49611
50948 49623
50954 46765
50969 49579
50970 49580
50974 49576
50975 49577
50991 49670
51000 46859
51012 46805
51018 49732
51063 49721
51071 49712
51094 46986
51153 46865
51156 49716
51208 49762
51214 46991
51222 47201
51234 49770
51238 49889
51239 47201
51242 47087
51247 47166
51252 49826
51268 49813
51270 49956
51274 49919
51286 49852
51290 47023
51296 47201
51298 46987
51303 47183
51304 47213
51305 47152
51307 49988
51321 50000
51323 49885
51327 47022
51336 43129
51347 49940
51358 47052
51369 49886
51383 50010
51387 47236
51388 47237
51389 47200
51398 47204
51399 49980
51400 49981
51437 47163
51438 50014
51440 50005
51457 47247
51458 47248
51537 47260
51811 52101
51823 50284
51828 50297
51833 50303
51844 50311
51848 50262
51862 50326
51863 52141
51881 50281
51882 50282
51888 47754
51907 52218
51909 52220
51910 52187
51917 52185
51924 52132
51925 52242
51933 47822
51942 47776
51951 50506
51965 52224
51976 47899
51982 50467
51988 52251
51998 52262
52005 50550
52012 52267
52014 52261
52015 50518
52030 52292
52035 52266
52038 52339
52039 50582
52040 52297
52042 50580
52045 52275
52065 50616
52071 50593
52077 50617
52078 52317
52083 50559
52085 50563
52086 50564
52088 50571
52094 50609
52096 50578
52100 50618
52104 50653
52107 50594
52113 50602
52121 50607
52142 50626
52143 50632
52144 50638
52145 50719
52148 52409
52149 52410
52158 50712
52166 50652
52176 50669
52177 50670
52181 50743
52184 50713
52187 48170
52197 50760
52206 50757
52207 50758
52219 50702
52225 50752
52231 52461
52235 50774
52241 52437
52255 50779
52262 50835
52263 50836
52269 50767
52280 50768
52282 50841
52285 50817
52289 50862
52291 52511
52310 52518
52311 52519
52314 50895
52327 52480
52328 50906
52330 50893
52336 50795
52351 50856
52359 52545
52372 50879
52376 50888
52385 50965
52386 50966
52399 50970
52402 52531
52407 50987
52409 50975
52417 50939
52441 51044
52442 51045
52452 50974
52474 51032
52475 51033
52480 51068
52489 50985
52493 51067
52498 50996
52504 51004
52509 51077
52513 51109
52520 51120
52521 51121
52522 51014
52524 52662
52525 51082
52527 52608
52539 51043
52543 50999
52550 51047
52559 51057
52564 51060
52573 52631
52575 48902
52576 48903
52598 51142
52606 51081
52610 51157
52617 51128
52622 48936
52632 51181
52634 51204
52636 51168
52648 48995
52653 51201
52686 51217
52731 51336
52754 51346
52755 51347
52775 51356
52792 51361
52794 51375
52796 51360
52808 51382
52811 52799
52828 51386
52865 49165
52887 51369
52925 52895
52952 51491
52959 51498
52960 51499
52963 51440
52978 51534
52980 51526
52985 49435
53009 49468
53034 51500
53063 51554
53075 51546
53102 49524
53110 49525
53139 51562
53140 51563
53144 51568
53147 49600
53150 51565
53155 49597
53163 51652
53188 51607
53197 51611
53205 51620
53206 51621
53211 51633
53218 52997
53219 49708
53220 49709
53223 51677
53228 49670
53234 46811
53241 51655
53242 51656
53306 51746
53404 49822
53406 49964
53418 51793
53429 51890
53430 49940
53431 49969
53440 49882
53441 51874
53444 51906
53445 49950
53452 51824
53457 49968
53467 51898
53468 49980
53472 51895
53473 51896
53481 51915
53482 51908
53694 52108
53702 53396
53703 52112
53711 52124
53719 52135
53726 52143
53738 52168
53744 52214
53751 52179
53756 52190
53763 53415
53768 52240
53780 52217
53790 52231
53793 52228
53811 53462
53816 53454
53820 52265
53828 50531
53836 52314
53837 52315
53844 52325
53847 52327
53851 50555
53852 52332
53854 52295
53858 52354
53859 53519
53866 52359
53883 50634
53885 52383
53888 52384
53889 52385
53893 53544
53907 52371
53915 50671
53922 52431
53926 52450
53929 52447
53931 53575
53937 52454
53938 52455
53943 52442
53959 52485
53970 52489
53985 52449
53997 52520
54002 52542
54006 53598
54014 52533
54030 52548
54044 52525
54047 52544
54051 52570
54052 52587
54053 52588
54061 52594
54079 52612
54083 52557
54084 52561
54085 52606
54103 52616
54110 52633
54111 52590
54145 52669
54146 52694
54147 51116
54158 52645
54163 52682
54178 52720
54184 51179
54214 52660
54230 51321
54242 52702
54250 52807
54251 52808
54259 52798
54263 51378
54274 52806
54287 51374
54303 52771
54311 52833
54315 52843
54375 52907
54400 52916
54410 52860
54424 52926
54425 51537
54432 52903
54436 52898
54473 52949
54495 51575
54512 53002
54513 52936
54514 52937
54515 51608
54516 52989
54529 51622
54536 51634
54538 52965
54540 53014
54541 52967
54542 52968
54553 52971
54554 52972
54555 53027
54561 53056
54563 53017
54567 53071
54569 52982
54574 52985
54577 52994
54578 52993
54579 53035
54583 51665
54587 51635
54588 53059
54599 53104
54600 53004
54607 53024
54608 53025
54621 51668
54631 53136
54669 51714
54675 53094
54691 51752
54696 53113
54710 51871
54718 51789
54720 51849
54731 51862
54732 53161
54746 51803
54754 53202
54755 53200
54761 53176
54766 53209
54951 53407
54966 53397
54967 53398
54982 53414
54996 53425
55007 53436
55008 53461
55018 53455
55019 53456
55024 54204
55027 53460
55038 53466
55053 53506
55060 53490
55061 53467
55074 53474
55079 53507
55082 54256
55104 53497
55105 53498
55107 53540
55109 53504
55111 54247
55113 54272
55119 53551
55132 53520
55142 53557
55148 54291
55161 53594
55168 53589
55171 53595
55178 53600
55187 53606
55188 53607
55190 54296
55194 53636
55195 53617
55198 53626
55202 53623
55205 53620
55210 54322
55211 53631
55214 53603
55226 53664
55241 53614
55242 53615
55261 53698
55271 53702
55272 53701
55276 53693
55302 53711
55311 53714
55328 53727
55354 53766
55357 53735
55364 53795
55450 53854
55464 52910
55473 53848
55476 53886
55480 53889
55513 52947
55519 53919
55534 53925
55535 53923
55537 52998
55565 53080
55574 53086
55575 53087
55578 53944
55586 53125
55600 54009
55620 53981
55631 53191
55649 54039
55651 53219
55652 53139
55653 53146
55762 54164
55772 54685
55774 54161
55777 54719
55787 54180
55789 54177
55796 54723
55804 54728
55805 54729
55817 54222
55830 54235
55832 54221
55834 54246
55843 53512
55846 54251
55847 54252
55850 54273
55857 54287
55871 53577
55872 54298
55880 54307
55882 53600
55912 54353
55917 54355
55918 54351
55925 54380
55926 54381
55928 54375
55929 54825
55931 54830
55932 54387
55933 54388
55945 54398
55955 54392
55962 54408
56005 54415
56024 54434
56061 54500
56063 54523
56071 53886
56072 53882
56107 54569
56123 54572
56127 54555
56128 54556
56129 54557
56130 54558
56133 54564
56134 53940
56135 53941
56141 53927
56144 54576
56145 54575
56146 54577
56157 54597
56159 54582
56198 54055
56282 55012
56295 54715
56299 55025
56300 55026
56302 54720
56306 54732
56307 54733
56314 55037
56315 55038
56360 54775
56384 55093
56397 55090
56404 54835
56438 54443
56448 54463
56458 54880
56462 54476
56468 54894
56510 54924
56511 54925
56524 54941
56529 54581
56549 54591
56568 54637
56619 55004
56632 55020
56636 55231
56637 55028
56638 55029
56654 55243
56658 55077
56677 55100
56681 55089
56684 55269
56696 55108
56705 54850
56706 55120
56710 55124
56733 55125
56752 55149
56761 54925
56768 54935
56778 55188
56798 55193
56843 55379
56847 55233
56853 55239
56857 55250
56861 55256
56865 55251
56866 55252
56907 55149
56915 55334
56926 55172
56929 55341
56978 55467
56979 55375
56989 55393
56991 55392
56992 55394
56993 55398
57002 55410
57004 55412
57007 55420
57064 55546
57067 55472
57081 55481
57089 55495
57090 55496
57101 55510
57108 55513
57133 55574
57143 55554
57147 55583
57150 55584
57172 55578
57173 55581
57175 55563
57176 55564
57195 55608
57197 55590
57198 55591
57202 55595
57219 55631
57228 55630
