2580
64 2410
67 2046
115 2138
128 2490
133 2814
150 2527
161 21693
201 21385
225 2519
262 32100
263 32101
297 3162
301 21725
322 21745
323 21746
349 21199
375 3011
407 3307
418 2633
420 21891
422 21525
504 3128
566 3101
589 21338
635 3359
647 2753
694 21719
704 3023
705 3024
706 3646
715 3408
717 3450
718 3451
757 3692
856 3265
970 2062
984 2101
1009 4475
1015 3841
1036 22438
1106 6077
1133 21796
1248 22561
1251 3086
1262 3457
1298 21437
1301 2557
1302 3153
1316 22222
1349 21614
1374 21867
1438 22030
1484 22034
1508 22392
1525 4542
1528 22070
1530 21348
1557 2741
1596 5310
1607 22464
1663 22196
1701 22218
1735 22260
1762 4829
1792 22117
1798 22225
1850 3070
1879 4767
1891 22876
1899 22543
1921 4795
1929 4977
1934 22720
1945 4813
1947 4814
1978 5442
2009 22589
2124 22680
2134 23012
2156 4786
2217 22233
2259 4695
2269 4910
2274 4323
2275 4324
2279 33182
2305 12718
2340 6457
2353 23183
2354 4333
2409 4353
2456 4454
2470 6511
2474 23071
2518 5413
2519 5414
2537 23003
2538 23004
2562 5818
2678 5800
2699 5925
2703 23399
2750 23229
2751 23230
2759 23243
2804 5988
2829 4971
2834 33366
2917 5930
2939 6786
2960 23210
3017 22965
3160 7397
3293 23538
3310 7248
3381 23214
3403 23396
3453 6478
3483 7444
3565 23717
3595 6807
3630 5792
3641 7630
3690 23829
3710 41909
3714 23850
3718 24061
3760 24183
3776 53184
3817 24211
3897 6962
4082 23519
4092 7257
4122 7354
4194 7191
4200 5962
4229 24107
4235 5952
4375 24196
4411 7453
4417 7500
4462 7566
4495 7509
4505 8557
4518 8011
4608 24677
4612 24371
4618 7751
4630 8755
4647 7788
4692 7734
4742 24180
4785 24429
4892 8045
5108 8571
5121 8726
5126 8235
5196 45301
5216 8711
5242 7683
5259 24491
5268 8753
5409 24805
5445 9058
5500 9080
5550 24471
5577 9114
5582 9269
5589 9121
5606 9171
5642 8830
5644 9327
5680 9289
5712 7697
5760 8504
5780 9508
5781 9501
5782 9502
5796 9545
5815 9575
5817 8601
5818 8602
5834 9606
5838 8654
5850 9065
5859 9639
5863 9392
5876 9516
5877 9646
5951 24699
5952 24700
6008 9816
6084 9944
6187 10240
6200 8589
6233 10012
6236 25273
6470 9036
6510 10122
6558 10526
6677 10563
6696 40793
6750 10746
6793 10786
6797 9679
6798 9680
6830 10840
6831 10841
6839 10802
6915 10927
6923 25627
6993 25491
7002 8623
7112 10707
7175 10501
7230 10830
7284 10220
7286 10255
7313 10384
7433 9641
7456 25837
7478 10554
7485 11560
7502 11609
7582 11702
7645 11878
7661 11791
7683 10271
7684 10272
7711 11738
7770 10521
7815 10678
7868 10499
7894 25922
7912 12271
7938 26201
7940 11006
8145 26448
8210 12094
8211 12095
8237 11893
8279 11278
8335 12520
8336 12521
8388 12129
8417 11095
8432 12053
8463 26615
8527 11728
8599 12304
8608 12612
8644 26538
8674 12062
8711 11613
8726 12718
8794 11757
8812 12679
8818 5967
8870 12228
8883 12737
9037 11840
9092 13354
9209 13039
9245 26893
9293 13294
9323 11858
9359 38935
9415 13423
9424 13422
9506 12669
9550 13692
9581 12586
9607 13660
9615 13444
9670 13559
9877 13948
9934 13921
9981 13823
10019 14077
10027 13215
10073 14226
10080 12622
10081 12623
10097 13174
10135 12667
10139 14336
10213 14430
10425 13406
10558 28833
10605 14667
10641 14425
10642 14426
10686 13971
10755 14038
10966 14227
10999 15248
11317 14557
11366 14609
11406 15409
11477 28261
11513 15371
11666 37116
11671 15322
11717 15522
11897 15583
11931 27824
12257 28139
12291 15910
12459 15226
12465 16550
12544 15951
12550 16565
12594 28903
12654 16336
12748 16442
12767 15940
12770 16475
12776 16444
12831 16523
12880 16589
12898 16581
12940 16611
12979 28899
12981 29070
12982 15342
12989 15343
13031 16698
13057 15377
13231 16989
13257 15467
13353 17346
13373 17111
13467 15576
13478 17043
13635 16963
13650 15944
13685 15985
13722 17296
13819 17675
13832 17521
13859 16646
13910 17456
13964 17764
13966 16202
14078 17596
14114 16407
14115 16408
14126 17382
14176 17925
14213 17646
14278 18041
14348 17582
14382 17881
14400 17722
14502 17868
14541 18001
14550 18230
14563 18322
14599 17798
14612 18210
14620 18045
14722 17579
14822 30006
14844 18228
14863 29856
14917 18549
15044 18707
15045 18708
15078 30260
15079 30259
15152 17913
15223 18748
15242 19046
15302 32466
15343 17564
15379 18901
15443 17563
15456 18612
15457 18613
15484 18020
15495 19028
15496 19197
15556 18109
15601 19363
15674 19035
15680 19303
15699 18426
15706 19390
15732 18588
15758 18605
15851 18557
15926 19554
16100 18905
16116 18755
16117 18756
16176 19427
16253 19515
16276 19702
16341 19543
16434 19644
16695 19592
16762 18424
17418 18641
17834 19121
17911 19448
17979 16465
18066 19298
18209 19371
18322 13727
18514 19562
19185 240
19265 1233
19464 21196
19490 21304
19514 2576
19521 20998
19524 20572
19533 32042
19553 31826
19569 21055
19601 32274
19624 31898
19627 32209
19671 31941
19685 21386
19686 21387
19691 31973
19719 32181
19838 21755
19885 21448
19890 32175
19891 32176
19900 32206
19942 32141
19999 31949
20003 22071
20018 32016
20031 31987
20037 21768
20042 32738
20058 32561
20083 32811
20111 32367
20122 32843
20149 21895
20150 21894
20166 3598
20171 21485
20188 32335
20225 21197
20242 32311
20264 21390
20280 21885
20289 32139
20306 32971
20308 32080
20392 22104
20414 32626
20425 32435
20446 33096
20447 33097
20450 22204
20477 22321
20482 22099
20500 22669
20526 32750
20527 32751
20532 32893
20542 32628
20556 32144
20574 32663
20588 32129
20589 32545
20601 22622
20606 32860
20608 32836
20610 32662
20638 22661
20666 22285
20683 21749
20684 21750
20707 32687
20709 23076
20715 4854
20744 22577
20804 23026
20860 32567
20930 23437
20933 22317
20934 22318
20971 22998
21001 6314
21010 22363
21057 4973
21061 22878
21065 21634
21112 32901
21142 22550
21158 23172
21217 23235
21229 23240
21285 23347
21311 33381
21312 23232
21320 23235
21342 33397
21362 23342
21409 23239
21418 23321
21430 33422
21439 23718
21567 33641
21568 33513
21584 33579
21594 33597
21601 33929
21633 23965
21635 23235
21637 23688
21730 23677
21732 33785
21748 33997
21755 33818
21763 33209
21876 23106
21884 23790
21908 33801
21925 33328
21948 23934
21950 33831
22017 33887
22088 24047
22114 24266
22277 23500
22312 34193
22315 24527
22358 24553
22436 24039
22444 24434
22523 34429
22561 34605
22568 34333
22625 24676
22636 34625
22655 34465
22665 33945
22713 8078
22715 34384
22718 24981
22725 24843
22732 24694
22734 24919
22735 24851
22744 24857
22747 24496
22748 24497
22754 24866
22758 24502
22774 10678
22784 25180
22786 24273
22807 34734
22812 24953
22826 24989
22832 24609
22833 24800
22840 9416
22842 25014
22844 24614
22847 34604
22861 7991
22885 25403
22914 25010
22925 25301
22928 25129
22947 25105
23006 25454
23033 25484
23130 8533
23132 25093
23154 25390
23173 25428
23183 25413
23194 8823
23195 8824
23200 34991
23205 34952
23220 10596
23266 25213
23267 25214
23269 25517
23334 25576
23338 25637
23343 25753
23382 35115
23431 35147
23487 25692
23492 24946
23496 35050
23497 35051
23531 25540
23532 25541
23560 25299
23595 25755
23610 34902
23658 26000
23659 25233
23703 25960
23709 26013
23716 35401
23759 35510
23787 26045
23814 35514
23822 35038
23850 26159
23871 26190
23895 26210
23919 25449
23934 25592
23942 26257
23973 25608
23985 26193
24029 26230
24039 26121
24048 26251
24073 26282
24102 26426
24111 25590
24114 26314
24131 26459
24137 26098
24138 26099
24154 26342
24178 26367
24199 35715
24200 35716
24203 35699
24220 11526
24221 26333
24255 25848
24278 26501
24297 26627
24309 26442
24329 25888
24345 25900
24346 25901
24348 25899
24400 26529
24402 35822
24419 26256
24420 26273
24434 26336
24441 26546
24482 25965
24501 11685
24560 26751
24616 26809
24628 26766
24639 35422
24680 13110
24684 26804
24694 26203
24708 26833
24717 26867
24738 26894
24843 26599
24886 35606
24914 27159
24921 27049
24940 27096
24945 27118
24976 27129
25033 27291
25070 27298
25077 27237
25105 27315
25129 26788
25130 26789
25142 26703
25168 27497
25169 27498
25237 27362
25328 27693
25329 27694
25388 27696
25404 13747
25552 14389
25601 27423
25676 27480
25749 14901
25764 27206
25806 27982
25814 28091
25818 28179
25882 28253
25899 27323
25927 13579
26002 37041
26005 28419
26012 16076
26045 14988
26073 13871
26118 28526
26164 27430
26168 28451
26191 27725
26195 27567
26203 28410
26204 28411
26229 15497
26230 15498
26298 15765
26303 28187
26364 28540
26368 28442
26401 27723
26403 28273
26419 28578
26495 16294
26525 27880
26538 15528
26555 28465
26601 28962
26626 28737
26662 37305
26664 16269
26693 16312
26710 29009
26772 28938
26798 28953
26819 28981
26828 28682
26887 29238
26895 28242
26924 29042
26928 28927
26930 16460
26931 16461
26935 29073
26968 37364
26969 29103
26972 28319
27075 29198
27079 28421
27168 17033
27170 17371
27209 17430
27220 29361
27229 29547
27251 29369
27275 28750
27313 29441
27329 17288
27359 17341
27426 29502
27430 17422
27440 17198
27445 29079
27462 29695
27464 17474
27492 17791
27525 16825
27558 17643
27568 28818
27598 29646
27643 29817
27652 16602
27656 17093
27698 17766
27711 29246
27781 18006
27820 17140
27855 29465
27860 17743
27879 29774
27904 30072
27919 18352
27929 18227
27931 30170
27954 29521
27961 30113
27979 29624
28006 17688
28029 29169
28033 16929
28041 29942
28106 30382
28127 30356
28198 18558
28199 30399
28232 19093
28249 19151
28251 18630
28269 19213
28280 18725
28354 18959
28365 30065
28389 18544
28394 19364
28420 30659
28434 30167
28435 30168
28580 30588
28594 30609
28732 17986
28744 19533
28750 19615
28757 30796
28807 19123
28836 30502
28858 30780
28890 18234
28899 18240
28938 18644
29125 19266
29126 19267
29142 19290
29178 19268
29241 30707
29510 19459
30410 31758
30481 39366
30484 39515
30490 39506
30511 39527
30515 39553
30529 32135
30543 39570
30556 32067
30565 32004
30576 39582
30579 31699
30582 39670
30583 39671
30651 32307
30656 39642
30680 39838
30722 31908
30737 32203
30748 39708
30751 32669
30755 39617
30770 39905
30773 39729
30787 32183
30797 39411
30807 32264
30809 32050
30812 39929
30855 39673
30858 39518
30897 40012
30913 39792
30952 40062
30968 39763
30969 39764
30974 22094
31009 40080
31115 32588
31127 39862
31135 45068
31162 39981
31185 40039
31202 40053
31213 40232
31216 40064
31241 32908
31281 32943
31293 40117
31319 40135
31324 39955
31331 40156
31336 40017
31395 32613
31401 40274
31404 40414
31450 33253
31469 39949
31477 33175
31488 40347
31606 40318
31641 33187
31708 40420
31735 40438
31782 33460
31806 33873
31816 40624
31863 33414
31902 7116
31903 33287
31929 33337
31932 33663
31933 33664
31946 33343
31947 40510
31998 33377
32051 40353
32071 33316
32095 33333
32108 33889
32170 40517
32183 33924
32224 33937
32249 34101
32266 33477
32359 33875
32403 34284
32450 34188
32545 34368
32546 34369
32563 40903
32568 34414
32573 34393
32574 34394
32608 34351
32628 34614
32631 34323
32654 33949
32655 33950
32668 34402
32670 34491
32671 34564
32709 34533
32717 34551
32741 34778
32744 34022
32746 34779
32759 34613
32763 34295
32769 34622
32781 34595
32790 34610
32791 34611
32804 40982
32810 34566
32825 34361
32843 34707
32846 34667
32863 34110
32894 34789
32895 34790
32897 41209
32906 34234
32937 34716
32938 34842
32957 41257
32965 34766
33002 41300
33020 34985
33041 25459
33108 34885
33167 34695
33175 24920
33178 34699
33179 35161
33186 25698
33200 35182
33224 35211
33228 35236
33236 35001
33282 35071
33283 41600
33291 35241
33292 34906
33320 35374
33333 35312
33353 35007
33358 34955
33359 35361
33376 25938
33381 35017
33386 35472
33392 41235
33397 35478
33442 35525
33443 35526
33448 41725
33456 34923
33490 35129
33505 34948
33508 41595
33514 35061
33519 35517
33565 26086
33585 26009
33634 35200
33663 35638
33721 35752
33733 35704
33735 35861
33738 35858
33746 35802
33757 35819
33768 10806
33793 35332
33826 35618
33839 35746
33849 35442
33861 26278
33865 35441
33874 35860
33897 35411
33911 35952
33977 35950
34008 36215
34018 36008
34019 36020
34020 36021
34026 36158
34029 36025
34046 36188
34047 36189
34058 36014
34064 26142
34087 35891
34097 36051
34098 36052
34105 36077
34116 36110
34139 26275
34151 27059
34158 35963
34171 36171
34195 36225
34198 35726
34211 27208
34221 27118
34225 36270
34242 36202
34246 36291
34256 27274
34270 36007
34309 35914
34335 27286
34349 36339
34362 27377
34368 36311
34371 35791
34387 36006
34403 36359
34406 36408
34425 35934
34462 27841
34525 27684
34532 36512
34566 36545
34572 27679
34574 26940
34592 36563
34593 36564
34644 27812
34676 36656
34696 27815
34724 36866
34838 27635
34853 42229
34885 36891
34929 36760
34939 42693
35021 27633
35050 37033
35065 36962
35073 36569
35106 36591
35108 37096
35121 28295
35124 36614
35132 37064
35133 37065
35146 37136
35214 37159
35226 37124
35231 37174
35237 37109
35242 28547
35245 37014
35249 28922
35250 28923
35253 37001
35262 28638
35269 37144
35280 37325
35294 37195
35330 37350
35333 28416
35343 37363
35350 28960
35365 37278
35369 28814
35375 28035
35380 37465
35386 28693
35418 37301
35427 37410
35431 28586
35437 28856
35458 37460
35483 36904
35490 37062
35507 28446
35514 36949
35573 29298
35585 37590
35588 37399
35589 29126
35614 29039
35631 37535
35635 29061
35640 37431
35654 37631
35675 37541
35682 37513
35693 37632
35724 29193
35728 37265
35729 37266
35737 29533
35755 37648
35759 37576
35781 29428
35805 29451
35817 51049
35836 29516
35844 43273
35882 29699
35894 37698
35895 37699
35930 29608
35935 37509
35936 37510
35941 29618
35953 37811
35956 29643
35970 29097
35981 37798
35989 29220
36002 29321
36004 29828
36005 37822
36026 29268
36027 38062
36063 29267
36068 37577
36099 29994
36116 29356
36120 37711
36151 38020
36175 38025
36183 38004
36184 38005
36197 38047
36199 38170
36217 30115
36227 37803
36237 30140
36272 37766
36282 30040
36312 38261
36321 38269
36334 38273
36338 30267
36339 30268
36342 30357
36344 38108
36355 38305
36360 38122
36425 38165
36437 29388
36438 29389
36444 37627
36472 18964
36474 37943
36485 29954
36486 29955
36488 38250
36494 37781
36503 38238
36511 30157
36512 30158
36529 38115
36548 30246
36550 38018
36564 30242
36580 38023
36581 38024
36617 37714
36636 38106
36644 38208
36645 38207
36654 38368
36691 38465
36696 38644
36710 38489
36718 30141
36765 38512
36785 30576
36787 29752
36847 38414
36849 30343
36867 38633
36868 38288
36872 38648
36922 38608
36981 29969
37013 30733
37169 30601
37386 38592
37763 30729
38102 44482
38129 39474
38146 44475
38152 44473
38178 44500
38180 44702
38182 39525
38189 44604
38190 39593
38201 39225
38203 44635
38217 39246
38247 44658
38278 39636
38279 32187
38285 44745
38286 39248
38298 39669
38315 44839
38348 39913
38384 44794
38385 44795
38388 44919
38392 44930
38404 39994
38407 39392
38411 44943
38412 44718
38413 39686
38422 39403
38424 40012
38439 44902
38447 44767
38449 44576
38469 39600
38488 39442
38490 40080
38523 45032
38526 40025
38528 39830
38544 39863
38547 32869
38554 45068
38569 44955
38592 44727
38593 44728
38603 40068
38638 44860
38642 32908
38653 45128
38667 44889
38684 40058
38688 44908
38697 40074
38704 44814
38713 45224
38716 48467
38770 45111
38776 45124
38802 45218
38823 40227
38830 45166
38839 45097
38843 40238
38846 40031
38867 45190
38877 45290
38899 45072
38906 40275
38911 45318
38954 45110
38977 40370
38985 45248
38994 40402
39005 40413
39019 45397
39037 45175
39126 45321
39127 40199
39141 45254
39158 40324
39172 40647
39179 40355
39201 40372
39203 40633
39216 40626
39222 40296
39242 40323
39244 40517
39262 40768
39270 40676
39271 40681
39298 40797
39344 40726
39364 40762
39412 40640
39414 40866
39418 40813
39454 45618
39458 40940
39485 41420
39495 40890
39503 45469
39504 40861
39536 40896
39556 41025
39558 40919
39585 41019
39608 45683
39609 45684
39636 41088
39637 41089
39638 41095
39660 41115
39661 41116
39663 40845
39669 40932
39674 41162
39675 41163
39688 41176
39694 40982
39712 45777
39735 41204
39830 41461
39834 41300
39837 34762
39851 41330
39870 41363
39878 41381
39879 41382
39905 41386
39908 41283
39909 45949
39963 41433
39985 46056
40007 46046
40029 35219
40033 41531
40058 41546
40062 41575
40065 41528
40083 41591
40098 34883
40101 41335
40119 41516
40127 41368
40133 46082
40135 41355
40138 41645
40154 41666
40163 41361
40168 41712
40176 41379
40186 41403
40192 41750
40196 46148
40264 41412
40266 41607
40272 41469
40281 41858
40282 41860
40288 41869
40289 41870
40315 41539
40322 41686
40323 41821
40324 41822
40333 41888
40335 41619
40358 35695
40366 41852
40370 41487
40371 41768
40372 41881
40386 41732
40390 41900
40391 41916
40392 41912
40423 41778
40427 41643
40428 41644
40432 41780
40481 41664
40484 42083
40485 42084
40487 41684
40491 42091
40515 41829
40517 41915
40524 42060
40531 41928
40547 36188
40567 41802
40584 42100
40601 36134
40603 42019
40611 36165
40651 41981
40657 42148
40671 46522
40676 41823
40691 36223
40723 42241
40726 42279
40727 42078
40739 42095
40774 36361
40775 41932
40781 42320
40788 42092
40793 42379
40808 42414
40810 42409
40821 42093
40840 42137
40866 36108
40906 36607
41015 42565
41018 40270
41023 42516
41041 42568
41060 49777
41068 42229
41071 42557
41072 42558
41140 42655
41143 42544
41164 42285
41202 36923
41212 42365
41230 42771
41239 42775
41265 42723
41266 42422
41270 42896
41303 42858
41307 37276
41308 37272
41309 42954
41326 37127
41337 42987
41338 42988
41345 43038
41378 36729
41399 37426
41437 42997
41438 37134
41475 37356
41476 37357
41533 43117
41552 37446
41567 43075
41569 37539
41575 42761
41591 43087
41604 47156
41611 43153
41631 43295
41642 37697
41648 43305
41651 37593
41685 43173
41688 43246
41700 37566
41703 43263
41704 43308
41723 43318
41729 37685
41732 43262
41742 43404
41792 37783
41797 37800
41798 37801
41800 37520
41806 43499
41819 42969
41844 43069
41867 43467
41872 37920
41874 43031
41884 43588
41887 43208
41905 38003
41908 43244
41917 38035
41980 43531
41982 37970
41992 43633
42004 43609
42026 37772
42044 38179
42070 43145
42081 30036
42095 43574
42096 43777
42097 43778
42098 43184
42105 37712
42118 38295
42146 43559
42163 43692
42196 43735
42209 43698
42218 43612
42230 37862
42240 43744
42247 43707
42252 43714
42273 43492
42286 38618
42372 38666
42394 37936
42422 43680
42486 43931
42502 38539
42503 43552
42504 38149
42532 43950
42538 43931
42601 38129
42653 38373
42732 43789
42741 38498
42778 43693
43330 48184
43331 48185
43357 48088
43362 44302
43381 44593
43418 48166
43432 48169
43433 48170
43437 48175
43446 48191
43477 48340
43490 48345
43497 48270
43536 48212
43538 48241
43542 44725
43553 44731
43554 48378
43555 48384
43556 48385
43566 44470
43567 48096
43572 48162
43575 44883
43577 44748
43592 48271
43604 48406
43615 44742
43619 48354
43636 44916
43639 44757
43643 44972
43666 48375
43675 48183
43676 44596
43695 44631
43696 44632
43704 44928
43714 44904
43731 48524
43732 48525
43740 45066
43824 44966
43845 45142
43866 45192
43890 48603
43921 48574
43922 45159
43967 48632
43979 48716
44002 45400
44003 45401
44017 48765
44046 48803
44067 45099
44068 45184
44102 40345
44103 45354
44109 34094
44122 48839
44123 48771
44141 45304
44151 48877
44200 45261
44205 45472
44236 40440
44265 48848
44266 45594
44289 45681
44306 45652
44332 48876
44346 45627
44368 41069
44389 49021
44390 45490
44391 45491
44438 45854
44441 45643
44446 45721
44448 49067
44507 45690
44508 45691
44509 45855
44520 45565
44521 45824
44556 45836
44562 41193
44590 49119
44591 48963
44606 48975
44628 45901
44629 48997
44636 45868
44646 46007
44654 46006
44655 49174
44663 46021
44667 46028
44681 46034
44692 49184
44706 45886
44709 46061
44718 41279
44736 45898
44743 46016
44746 49115
44755 46031
44760 46121
44774 49234
44776 49233
44828 46018
44829 46204
44832 45955
44838 45921
44858 46248
44876 41402
44885 49291
44886 45978
44912 46160
44913 41830
44914 49378
44920 46307
44924 41805
44925 41806
44942 46270
44947 46293
44956 41487
44957 46331
44961 46178
44970 46207
44971 46208
44988 46057
45001 46205
45023 46251
45024 46166
45033 46128
45040 46330
45043 46273
45044 46274
45055 46265
45062 41685
45064 46172
45073 46163
45077 46179
45081 46399
45083 46388
45087 46396
45112 42056
45140 46359
45145 42103
45153 46579
45161 42160
45163 46392
45164 46393
45172 46492
45179 42149
45182 46485
45190 46524
45193 42167
45198 46620
45207 46317
45214 46339
45215 46532
45217 46521
45219 46410
45228 46541
45232 42294
45256 46683
45264 46408
45268 46575
45271 46603
45319 46376
45329 46450
45333 46469
45338 46633
45382 49694
45420 42491
45468 46798
45495 42557
45545 42631
45566 42660
45567 46880
45569 46900
45570 46901
45577 51884
45583 42472
45602 46957
45606 42780
45656 42833
45657 47014
45658 47015
45661 42891
45671 47006
45702 47051
45703 49942
45711 43077
45714 47013
45717 47107
45725 46993
45726 46994
45734 47124
45735 46787
45747 47133
45750 42862
45751 47130
45762 47000
45764 43039
45780 47123
45781 47170
45811 47236
45812 43111
45821 47216
45822 46972
45823 47168
45827 43232
45860 43112
45872 47210
45874 42821
45882 47222
45897 43328
45916 47212
45926 47266
45933 47048
45943 43404
45954 43416
45958 43425
45959 43426
45960 47306
45967 47154
45975 47299
45985 43369
45988 47334
45989 43383
46004 43499
46006 43366
46008 43502
46021 47081
46072 43257
46080 47430
46088 47239
46090 47496
46123 43592
46127 43669
46131 47484
46144 47466
46145 47172
46167 47562
46172 43628
46174 43691
46183 47497
46219 43801
46235 47350
46250 43836
46263 43878
46273 43818
46284 43608
46288 47381
46291 43610
46292 43611
46303 43650
46308 47520
46315 43772
46321 43631
46337 43906
46351 47530
46359 43718
46366 43858
46387 47482
46388 43792
46408 47729
46410 47726
46411 43530
46421 43683
46445 47596
46454 43882
46457 43573
46515 47648
46524 43658
46544 47699
46563 43896
46597 43809
46753 50400
46794 47722
46909 15238
46983 48129
47009 50685
47019 50772
47026 48043
47030 50761
47031 48254
47034 48287
47049 48176
47058 48181
47063 50819
47068 50769
47078 48111
47084 50845
47099 48085
47106 48212
47121 50775
47126 48239
47137 48249
47140 50805
47154 48311
47170 50818
47198 50824
47199 48333
47220 48394
47226 50853
47264 50925
47266 50878
47267 50879
47275 52643
47285 48623
47290 50933
47291 50934
47300 48403
47325 48486
47340 48570
47344 40428
47353 48589
47370 48629
47374 51028
47379 48627
47389 51009
47405 48605
47422 48669
47426 51150
47427 48726
47456 48691
47461 48479
47467 48478
47472 48836
47475 48732
47476 48733
47496 51139
47521 51011
47524 48616
47540 51164
47548 51217
47566 48594
47649 48796
47655 48979
47656 45666
47664 48939
47672 48951
47674 48893
47679 48931
47681 51303
47686 48791
47699 45755
47716 48962
47769 49011
47777 49087
47779 48905
47795 48908
47798 49073
47802 48895
47808 49041
47813 49047
47825 45658
47826 49055
47830 49037
47835 49116
47836 49120
47837 49166
47844 49121
47854 51376
47866 49136
47867 51399
47876 49150
47880 49153
47884 49155
47885 49154
47942 49074
47961 49052
47963 49244
47964 49049
47976 49054
47984 51508
47992 49209
47994 49290
47996 49292
48008 49159
48009 49157
48011 49322
48017 51530
48020 49222
48022 51471
48031 49243
48035 49270
48039 49250
48049 49145
48053 46025
48061 51532
48063 46214
48071 49248
48086 49364
48091 49284
48100 49368
48116 51601
48131 49335
48132 49336
48133 49401
48134 49402
48143 49463
48145 49348
48152 46261
48157 49430
48160 49411
48175 49347
48180 49273
48198 49320
48199 49324
48217 49461
48221 49459
48223 49310
48224 49473
48227 49467
48234 49480
48285 49501
48287 49522
48300 49548
48303 49563
48309 49429
48313 49546
48315 49557
48321 49571
48324 49550
48328 49582
48330 49568
48337 46357
48338 46555
48341 49386
48363 46699
48364 49596
48370 46628
48373 46458
48374 46459
48377 49628
48390 49704
48391 49705
48427 49444
48437 49669
48456 49592
48472 49700
48531 46791
48533 46818
48542 46808
48566 46847
48569 51871
48596 49611
48615 46905
48620 49905
48626 49855
48628 49845
48632 49869
48633 49870
48648 49881
48658 47035
48674 49866
48677 49710
48687 49914
48688 49915
48689 46913
48700 49981
48701 47051
48714 49911
48715 49943
48724 49930
48731 49964
48732 49969
48733 50005
48741 49984
48744 47137
48745 49898
48769 50024
48784 50011
48785 47189
48820 47200
48825 50041
48839 50015
48857 47221
48880 50123
48886 50124
48898 49976
48904 50101
48905 50102
48911 49957
48912 47293
48913 47294
48924 47355
48931 49953
48942 50174
48955 47257
48956 47258
48959 50026
48979 50111
48983 50213
48984 50214
49002 50060
49004 50089
49023 50209
49031 47244
49060 47469
49077 47506
49091 50298
49093 50278
49127 47231
49128 50320
49129 50321
49139 50088
49149 47661
49151 50097
49156 50241
49157 50096
49158 50207
49159 50091
49167 47674
49171 47614
49176 52131
49177 47519
49190 50338
49201 50262
49206 47559
49216 50360
49217 47709
49219 50355
49232 47558
49239 50429
49249 50274
49258 50153
49271 47622
49283 47639
49287 47628
49296 50424
49297 50425
49298 47673
49421 50332
49527 50370
49736 52427
49741 50722
49753 50776
49754 50777
49763 52456
49772 50656
49776 50753
49788 50795
49789 52419
49800 52532
49811 52540
49821 52441
49827 52551
49836 52498
49837 52499
49844 50715
49862 52593
49887 52616
49890 50830
49893 50831
49900 52575
49907 52585
49914 52601
49915 52604
49917 50868
49921 50891
49925 50879
49929 52643
49932 52633
49944 52637
49949 50948
49950 52645
49952 52627
49979 52634
49993 50921
50007 50985
50020 51080
50029 50993
50043 52748
50054 50997
50060 51049
50062 52641
50075 51111
50077 50946
50085 51077
50086 51123
50092 50957
50099 51101
50106 51122
50127 51164
50155 51010
50160 51232
50167 52786
50205 51239
50219 51294
50232 51268
50250 52783
50260 51259
50265 51258
50286 51174
50292 52898
50310 51343
50313 52895
50327 51312
50360 51381
50365 51397
50374 52949
50377 51417
50384 51314
50393 51316
50401 51433
50410 51450
50421 51369
50438 52910
50453 51390
50468 51471
50502 51532
50507 51540
50511 51462
50512 51518
50514 51597
50515 51598
50525 51529
50533 51600
50536 51480
50567 51642
50569 51483
50570 51513
50571 53081
50588 49371
50589 51519
50599 49405
50607 51657
50614 51535
50642 51690
50644 51708
50645 51693
50660 51698
50663 51640
50701 51724
50702 51725
50703 49648
50719 51750
50720 51751
50741 51786
50755 51665
50806 51854
50822 49654
50824 51858
50856 49831
50868 49870
50880 49881
50883 51891
50884 53278
50890 51930
50894 51928
50903 49924
50917 49940
50928 50012
50935 51813
50954 52018
50958 51986
51008 50015
51020 51913
51028 49956
51040 50129
51064 52099
51097 52095
51105 51998
51110 50189
51113 50035
51114 51988
51116 50186
51119 50040
51120 50104
51121 50209
51129 52056
51161 50278
51162 50279
51177 50154
51178 50155
51180 52030
51194 50088
51197 52239
51205 50091
51212 50293
51213 52248
51230 52174
51234 50141
51241 50324
51249 52256
51278 50258
51283 50442
51292 50399
51294 52155
51307 50271
51322 52154
51437 50363
51640 53665
51661 52501
51669 52495
51673 52457
51681 52505
51683 52522
51687 52484
51692 53675
51693 53676
51697 53728
51702 53731
51706 53690
51712 52467
51755 53735
51756 53736
51757 53724
51769 54491
51820 53746
51832 52669
51835 53780
51850 52619
51852 52750
51865 52638
51878 52716
51884 52630
51889 52660
51894 52755
51897 53805
51902 52732
51909 52769
51910 52648
51912 53839
51919 52666
51938 52692
51945 52767
51952 52687
51962 52787
51964 52805
51985 52761
51989 52803
52039 52889
52044 52858
52048 52894
52049 52895
52055 52904
52064 52887
52073 51304
52092 52960
52118 53968
52119 53006
52122 52892
52134 53932
52153 52946
52154 52947
52158 52998
52167 53042
52170 51439
52176 53066
52195 53085
52210 52996
52215 53060
52224 53097
52225 53024
52252 53124
52264 53133
52267 53136
52270 53049
52276 53140
52285 53147
52288 53111
52289 53112
52290 53153
52303 53080
52325 53188
52330 53180
52336 51771
52357 51823
52375 51847
52384 51748
52387 53149
52399 53271
52412 53283
52418 51840
52445 54186
52458 53218
52459 53217
52463 53216
52465 53330
52468 52004
52471 53321
52490 52013
52491 52014
52495 52027
52509 52010
52515 53332
52516 52045
52520 53268
52531 52062
52535 52041
52536 53388
52537 53376
52539 53291
52553 53392
52564 52089
52571 51979
52577 53414
52583 53421
52586 52005
52591 53390
52595 52164
52599 52171
52628 53487
52633 53464
52636 53495
52646 53504
52653 53385
52656 53410
52660 53439
52665 52170
52666 53400
52667 53401
52680 53505
52689 52178
52712 52233
52754 53502
52816 53483
52860 53529
52951 53651
52957 53654
52966 54450
52969 53658
52974 53680
52992 54437
52997 54444
52998 54445
53002 53719
53004 54475
53005 54449
53010 54469
53017 53733
53026 54458
53035 53726
53036 53727
53042 53707
53043 53708
53059 53786
53067 53789
53075 54507
53076 53800
53099 53791
53100 53796
53112 54545
53120 53769
53148 53837
53175 52850
53177 53869
53220 53896
53221 53897
53237 53916
53242 53900
53263 53955
53267 53931
53268 53932
53273 53934
53276 53987
53285 53957
53287 53999
53290 53974
53297 54009
53310 52992
53312 54026
53316 53980
53329 54000
53349 54059
53350 54054
53353 54073
53355 54066
53356 54022
53361 54077
53390 54027
53407 54110
53409 54117
53413 54122
53422 54134
53445 53230
53450 54158
53459 54121
53482 54183
53494 54191
53497 53314
53509 53328
53531 54227
53547 54248
53574 54208
53577 54264
53580 54283
53584 53408
53608 51936
53615 54317
53630 53479
53631 53480
53638 54290
53640 54340
53641 54341
53646 54266
53651 53522
53653 54309
53665 53485
53666 53489
53671 53494
53677 53456
53687 54291
53848 54443
53862 54975
53863 54453
53885 54481
53903 54497
53905 55013
53910 55014
53918 55031
53919 55316
53930 54553
53939 54543
53946 54560
53947 54561
53949 54551
53950 54552
53954 54574
53956 54523
53965 54576
53985 54609
53989 55075
54025 55095
54028 54616
54030 53931
54045 54680
54049 54637
54068 54707
54101 54726
54102 54731
54111 54742
54117 54746
54120 54122
54144 54769
54147 54781
54162 54808
54173 54819
54175 54232
54177 54241
54178 54814
54183 54773
54190 54265
54262 54325
54277 54881
54342 54955
54350 55284
54353 55283
54355 54974
54357 54988
54359 54986
54360 54987
54363 54976
54367 54994
54390 55304
54407 55051
54408 55052
54414 55050
54420 55041
54424 55074
54447 55087
54454 55351
54460 55100
54463 55097
54464 55098
54482 55090
54496 55105
54501 55121
54503 55131
54505 55114
54507 55136
54509 55135
54511 54702
54522 55146
54526 54740
54538 54750
54541 55162
54543 54761
54551 54772
54562 55176
54578 54826
54585 54845
54588 54802
54598 55209
54638 54838
54711 54965
54740 55311
54756 55326
54784 55355
54787 55370
54796 55381
54801 55373
54863 55443
54872 55219
54881 55448
54914 55486
54921 55634
54932 55512
54939 55646
54942 55528
54944 55539
54959 55548
54965 55559
54966 55560
54972 55564
54993 55442
55040 55734
55041 55640
55046 55647
55058 55665
55064 55671
55138 55736
55141 55740
55143 55800
55150 55747
55157 55760
55158 55762
55160 55754
55172 55773
55176 55772
55181 55692
55186 55701
55187 55779
55189 55713
55220 55796
55221 55804
55223 55807
55234 55820
55235 55821
55237 55770
55259 55853
55262 55818
55266 55856
55281 55870
55283 55872
55286 55873
55287 55874
55288 55850
55290 55854
55297 55884
55299 55885
