3571
26 800
57 1912
75 20303
89 20316
102 1895
174 1746
177 20564
290 2066
296 2078
375 2319
404 20625
406 2362
464 1614
528 2339
550 1718
551 1719
554 2106
555 2107
659 20822
668 20803
722 20527
723 20528
777 2516
808 2165
825 2655
857 20943
864 2171
896 21020
959 2754
984 2140
1001 2763
1003 21004
1005 2221
1021 2221
1060 2695
1062 2808
1063 2809
1101 21050
1102 2804
1123 21126
1134 21122
1139 3045
1155 21037
1226 3044
1227 2889
1254 2850
1255 3064
1274 2705
1284 21117
1308 21150
1318 21114
1327 3131
1344 3074
1345 3075
1346 3235
1366 3062
1380 21168
1395 3248
1398 3119
1399 3120
1412 3057
1417 3172
1431 21274
1441 3268
1450 21332
1464 3219
1465 3220
1482 3275
1508 21313
1536 3189
1588 3412
1613 3344
1706 21680
1716 21482
1755 2954
1759 3527
1777 2818
1786 21471
1789 3570
1799 3518
1806 3422
1829 21571
1850 3532
1851 3533
1863 3645
1880 21067
1913 21646
1940 3453
1941 21490
1977 3497
1990 21714
2007 3751
2018 3558
2056 21542
2058 3681
2059 3799
2061 4039
2078 21536
2095 3718
2138 3741
2148 4274
2192 21776
2195 21576
2205 4273
2290 4036
2297 4047
2333 3960
2340 4090
2361 21969
2364 4128
2372 4149
2395 21731
2396 21745
2399 4381
2401 4133
2409 21823
2410 21824
2419 4188
2438 4556
2439 22016
2490 4268
2503 22051
2512 4633
2569 4686
2577 21425
2658 4772
2713 3490
2715 3619
2741 21440
2742 4071
2782 4439
2783 4474
2808 4048
2851 3969
2884 4969
2902 4194
2934 3925
2941 4639
2953 22244
2954 22245
2957 5079
2958 22278
2970 4319
2995 22098
3054 5061
3066 5033
3074 4031
3099 22320
3121 3842
3128 5118
3133 4383
3145 21987
3159 4917
3185 22418
3216 22269
3281 5274
3288 5507
3316 5044
3325 5060
3357 22539
3377 32456
3431 5407
3458 5161
3459 5162
3461 6133
3467 5164
3476 22333
3495 5208
3509 4521
3524 4355
3546 5538
3562 22472
3565 4778
3592 22651
3663 4869
3708 22246
3752 22145
3758 22777
3762 5459
3774 22617
3837 5522
3841 22817
3979 5981
4001 6006
4040 30158
4115 5845
4122 5671
4130 6188
4138 5375
4154 22993
4162 5899
4216 22869
4217 23470
4218 5938
4219 5939
4230 5781
4325 6947
4366 5890
4386 22720
4408 6405
4417 6049
4469 6462
4494 6197
4522 5735
4523 5746
4530 6513
4567 6241
4568 6242
4652 23680
4696 6392
4701 7346
4702 7347
4742 23498
4786 23142
4821 6799
4822 6800
4828 6793
4862 23370
4869 7575
4888 6576
4912 23842
4967 6961
4973 6431
5017 7033
5023 7498
5040 7092
5145 7573
5175 7079
5206 23965
5282 8046
5297 8021
5302 7336
5310 24048
5353 7084
5392 7138
5413 7291
5442 23960
5469 7209
5496 23716
5510 7952
5517 6958
5521 8243
5522 8244
5571 23527
5602 8320
5659 7475
5660 8189
5673 23770
5674 23771
5722 7505
5730 24121
5734 24268
5758 8463
5761 24131
5793 8288
5796 7884
5802 8548
5803 8549
5818 23983
5832 7613
5925 24025
5963 8122
5966 24087
5993 8477
5994 8478
6080 8586
6089 7904
6111 7333
6140 8651
6178 8069
6210 39737
6222 9072
6249 8060
6287 9116
6301 8789
6302 8790
6319 7533
6339 8815
6364 7305
6386 9285
6390 7925
6403 24772
6404 24773
6432 24315
6441 7975
6481 8602
6500 8044
6510 9326
6511 9334
6553 8756
6555 8758
6563 24211
6565 24253
6598 8718
6616 8186
6734 7973
6735 7974
6821 9402
6822 9403
6914 24527
6973 8990
7023 9040
7070 9131
7078 8934
7164 9249
7191 9047
7284 9115
7287 10280
7297 9821
7325 9853
7333 8811
7355 9171
7395 9191
7418 10100
7419 10101
7425 24850
7530 10219
7558 9370
7568 10251
7597 10291
7620 9421
7629 10319
7654 9709
7683 9045
7701 9470
7734 9507
7742 9636
7839 9842
7901 9676
7919 10447
8008 9828
8082 10331
8099 34612
8164 9990
8165 9991
8205 9966
8235 25123
8236 10335
8320 10147
8357 9245
8409 9479
8418 9848
8462 9938
8531 10684
8540 10616
8580 10656
8588 9752
8589 9753
8613 25438
8620 9960
8622 25459
8634 34599
8654 10119
8661 10787
8669 25494
8719 25226
8720 25227
8750 11497
8755 11455
8765 10592
8776 25583
8810 10915
8859 10663
8952 10943
8985 11001
8994 10981
9038 10770
9040 11479
9099 11548
9124 11108
9125 11106
9171 25661
9193 11181
9329 10515
9344 11296
9348 11161
9357 11178
9367 25304
9378 11890
9379 11891
9380 11892
9384 11122
9406 11038
9451 11837
9452 11838
9458 11976
9484 11502
9487 11510
9501 11507
9502 11508
9508 11521
9520 11878
9575 11559
9606 25823
9616 11353
9639 11622
9646 11623
9662 12035
9669 11410
9679 10932
9680 10933
9737 12070
9766 10634
9807 12090
9845 10695
9846 10696
9924 12236
9977 12457
10037 11767
10125 11860
10190 12501
10206 11690
10246 11870
10290 12069
10309 12317
10356 12314
10375 11965
10413 12761
10501 11963
10511 26211
10535 12101
10615 12233
10646 12281
10652 11470
10707 26144
10746 12688
10748 10626
10758 25735
10786 12730
10787 11439
10835 26355
10840 12782
10841 12783
10881 11910
10917 12700
10927 12853
10971 12660
11077 12167
11104 12974
11105 12975
11120 12982
11145 13040
11149 12407
11255 12868
11264 13015
11272 12935
11276 13089
11331 12813
11390 12968
11478 12530
11513 12624
11520 13315
11526 12780
11527 12781
11605 12575
11613 12724
11644 13715
11660 13532
11670 13740
11791 13737
11793 12933
11805 13922
11848 13392
11853 13962
11952 13083
11984 13803
12053 13596
12099 13187
12153 13102
12447 14348
12512 14629
12669 13959
12671 14586
12672 14587
12704 14543
12743 13998
12786 14607
12801 14073
12810 13594
12815 14672
12824 14662
12897 15148
12928 14075
12988 14801
13003 14216
13028 14879
13052 14906
13128 14213
13166 14990
13198 14002
13215 27328
13245 15085
13260 14411
13275 14358
13285 14469
13286 14470
13338 14280
13347 14400
13348 14399
13363 14446
13434 14455
13461 15166
13485 15663
13559 15244
13594 15336
13637 15275
13750 14495
13782 15548
13820 14449
13821 15138
13825 15844
13844 15088
13871 14544
13900 15180
13901 15181
13956 15749
13959 15992
14075 15770
14220 15423
14496 16286
14549 15406
14599 15261
14610 28524
14617 15921
14661 16534
14735 16576
14757 16758
14776 16298
14988 16404
15015 16420
15194 16880
15212 16275
15290 17193
15294 28287
15327 17232
15343 16196
15371 17091
15420 16237
15459 28952
15494 17006
15511 17521
15556 17550
15575 17286
15632 17527
15637 17388
15712 17319
15713 17324
15739 29171
15774 16629
15813 17482
16003 16848
16010 17653
16022 17694
16023 17695
16128 17797
16178 17876
16285 17770
16308 17068
16375 18165
16442 18007
16465 17814
16486 18121
16528 18427
16531 12976
16552 18463
16588 18227
16589 18228
16601 17347
16602 17348
16661 18202
16762 17486
16774 17513
16775 17514
16929 17459
16930 17676
16995 18776
17005 18786
17032 18551
17061 18718
17082 18627
17108 18966
17152 17799
17189 18738
17190 18587
17212 17630
17257 19030
17281 17733
17294 18320
17301 18719
17333 18559
17340 18781
17341 18782
17343 18861
17350 29906
17430 19228
17521 19111
17535 18536
17558 19058
17559 19059
17587 19051
17688 18676
17697 19096
17766 19339
17775 18509
17798 19250
17856 19115
17881 19349
17885 19329
17919 18713
18015 18696
18076 19253
18335 19209
18341 19149
18462 18917
18573 18605
18622 19180
18724 27491
19665 34969
19780 30757
19804 30827
19814 20393
19839 30867
19844 20309
19853 20612
19856 20598
19867 20626
19871 20611
19887 20631
19929 31039
19960 31077
19961 31078
19999 20721
20025 30936
20073 31202
20103 20798
20160 20591
20173 31236
20187 20948
20233 20843
20263 20874
20264 20875
20270 20635
20319 31433
20327 20693
20336 20957
20344 21027
20348 20986
20376 31439
20378 31422
20379 31423
20382 21066
20384 21081
20385 31443
20386 21226
20408 31551
20410 21059
20424 31429
20427 21110
20437 21174
20441 31230
20443 31394
20455 21163
20460 31515
20471 21140
20481 20857
20484 21138
20485 21299
20498 31564
20501 20872
20545 21345
20567 21351
20605 21385
20632 31653
20649 21435
20663 21430
20766 21549
20781 31725
20789 21581
20810 21593
20815 31793
20850 21551
20862 21561
20875 21777
20880 31768
20898 31903
20912 21736
20920 21634
20935 21771
20944 31787
20976 21735
20981 21628
20988 21862
20990 21129
20995 21644
21014 21854
21042 21820
21071 43633
21101 21952
21121 31883
21158 22006
21161 21960
21171 31931
21172 21994
21174 21976
21183 21875
21187 21334
21197 21355
21198 21812
21199 21813
21220 22049
21233 4549
21253 22085
21259 22002
21261 32109
21282 32177
21301 32028
21306 22185
21317 22163
21338 21926
21360 21440
21371 21467
21390 21652
21418 21545
21419 21546
21434 31880
21437 21707
21452 22249
21478 21640
21525 22321
21529 22327
21533 32077
21538 32560
21558 22357
21579 21661
21590 21673
21596 21751
21633 22455
21638 31987
21707 32438
21710 21921
21719 22548
21721 22524
21725 32748
21729 32198
21745 32766
21746 32767
21750 21948
21756 22599
21796 22460
21811 23006
21812 23007
21827 22179
21833 22676
21851 22409
21868 23059
21885 32441
21892 6372
21902 22101
21922 22508
21924 22581
21925 22582
21927 22563
21928 22564
21929 4714
21944 32793
21987 33016
22028 22895
22041 32582
22047 32785
22049 32601
22069 22682
22100 22794
22101 23316
22115 22963
22117 22704
22118 22705
22133 32850
22143 32666
22154 32688
22155 32689
22157 23000
22187 5456
22200 32757
22218 22877
22223 22611
22278 22840
22279 23099
22283 37918
22285 32764
22318 22731
22354 23168
22363 22732
22390 23028
22392 33021
22397 32616
22404 23250
22455 23310
22466 32945
22546 6487
22551 23172
22552 7813
22561 33427
22567 33430
22574 33147
22575 23497
22577 23233
22610 23123
22684 23548
22774 23617
22822 7682
22840 23688
22871 33356
22873 7813
22879 23573
23012 33570
23023 23717
23073 23922
23074 23923
23106 23293
23134 24332
23135 24333
23159 23979
23183 24230
23216 24491
23268 23969
23279 23694
23282 23971
23336 23730
23370 24673
23379 34030
23385 24118
23396 24115
23408 7228
23433 24295
23436 23665
23443 33483
23512 23762
23522 33848
23541 24395
23572 33771
23587 33852
23598 24440
23599 7551
23677 24382
23700 25017
23722 24532
23793 24845
23820 24547
23855 24742
23886 24608
23898 24398
23934 24749
23960 25134
24023 33865
24030 33863
24035 25099
24039 24531
24086 24964
24095 24956
24101 24951
24104 34284
24107 25004
24136 25240
24141 23440
24147 34284
24180 24887
24370 9962
24389 9208
24390 24775
24391 24776
24405 25132
24439 25580
24486 10388
24502 25034
24527 25429
24543 10257
24614 25169
24615 25170
24619 25435
24636 25732
24638 25198
24639 25199
24655 25498
24657 25500
24698 25786
24699 25269
24700 25270
24714 25544
24797 10711
24802 25621
24805 25632
24826 10040
24832 25622
24854 25386
24873 25661
24941 25939
24946 25286
24955 25430
24964 25629
24982 25321
24989 25769
25033 26050
25046 25835
25105 25855
25110 11477
25128 25731
25133 25905
25195 26068
25250 25996
25261 26035
25284 12469
25301 26227
25327 26257
25343 26099
25373 25763
25383 25718
25389 26158
25390 26159
25428 26177
25429 26178
25431 26391
25442 26168
25448 26172
25454 26410
25475 26205
25478 26096
25484 35259
25529 26483
25536 26138
25538 26490
25540 26163
25541 26164
25576 26373
25593 12858
25602 45896
25608 25979
25669 35385
25670 12864
25682 26459
25692 26475
25753 26676
25765 34991
25828 26726
25844 26749
25845 26745
25864 35498
25888 26233
25889 26234
25945 26701
25953 13458
25955 26220
25965 12645
25981 26364
26000 26938
26003 26933
26025 26824
26045 26873
26047 26970
26070 26916
26082 26971
26121 26858
26159 27054
26175 13506
26184 26934
26185 26935
26186 26936
26193 26987
26221 27025
26230 27040
26244 13461
26249 35619
26251 27064
26256 13491
26263 27104
26275 26581
26277 26804
26278 26805
26282 27101
26314 27138
26367 27177
26384 35752
26440 27118
26448 14523
26501 27305
26518 27269
26530 27311
26546 27288
26556 27475
26583 27385
26598 13821
26615 27478
26655 27426
26670 26817
26709 27613
26710 27559
26733 35925
26735 35901
26766 14646
26769 14040
26776 14689
26809 27544
26820 27007
26824 27738
26843 27565
26876 27560
26883 27567
26894 27526
26901 27609
26906 41963
26914 14899
26935 27587
26961 27731
26967 14311
27049 27688
27068 27762
27073 27384
27090 27779
27096 15147
27098 27365
27123 15156
27124 36295
27181 27902
27196 27843
27208 27925
27209 15303
27271 28209
27274 27986
27280 14777
27291 28008
27296 15591
27347 36387
27370 27399
27371 27400
27382 15696
27398 15488
27404 14594
27423 15255
27436 15624
27505 15460
27520 14877
27539 28202
27571 15556
27595 27710
27605 27981
27630 16257
27631 16258
27649 16030
27679 28268
27693 28413
27694 28414
27697 28368
27723 27777
27725 27877
27742 28360
27785 28131
27801 28342
27834 28500
27852 28567
27853 27883
27910 28474
27926 15777
27991 16829
28051 28559
28091 28672
28144 28553
28149 36797
28157 28324
28162 28768
28177 17153
28179 28894
28185 28219
28186 16008
28222 28940
28234 17029
28261 17067
28262 28908
28270 29171
28350 17196
28356 29082
28373 16333
28380 29051
28383 16402
28392 28442
28395 17357
28397 16871
28398 17152
28399 36985
28409 17163
28416 28788
28444 28820
28446 16712
28451 29097
28460 17248
28489 28861
28507 28703
28528 29252
28538 17411
28539 29070
28547 17366
28555 17536
28562 29047
28574 28579
28599 28782
28628 29254
28648 28636
28657 29147
28658 29148
28673 18072
28693 17520
28704 29253
28719 29343
28723 29358
28726 17033
28750 17069
28794 28904
28799 29329
28814 29321
28818 16976
28857 29297
28880 17823
28903 17994
28922 18316
28923 18317
28927 29389
28932 29606
28938 18008
28957 29646
28980 18456
29004 29498
29018 29511
29039 29442
29054 29497
29061 29469
29063 18271
29079 17692
29083 37336
29089 18108
29092 17713
29103 18322
29107 18331
29108 29719
29112 18555
29134 29777
29135 29778
29143 29769
29150 29150
29158 18394
29159 18395
29161 29735
29166 18560
29193 18263
29232 18486
29240 18730
29253 18788
29257 29355
29271 17511
29325 18543
29332 17852
29334 29411
29356 17981
29366 18716
29369 18640
29372 17579
29378 18727
29396 18663
29397 18683
29402 29473
29414 18728
29415 18729
29428 29828
29435 18750
29437 29826
29441 18732
29465 29567
29472 18860
29481 17803
29502 18895
29503 29931
29505 29618
29506 18964
29512 30081
29516 29946
29538 29604
29604 29989
29616 30000
29618 30016
29624 18619
29646 19169
29650 19174
29651 19088
29668 18242
29669 18648
29688 30052
29708 30092
29731 30113
29732 30114
29741 19299
29752 37353
29758 18713
29780 18389
29896 29745
30077 29896
30285 29974
30888 30751
30961 38282
30975 30941
31027 31050
31033 31094
31044 38378
31060 38432
31065 31028
31092 31010
31164 38491
31177 31232
31251 38515
31252 31324
31253 31139
31257 38578
31261 31383
31268 31384
31280 31329
31284 31181
31303 38501
31308 38560
31309 38561
31316 31475
31327 31273
31334 38593
31358 31449
31364 31445
31365 31446
31369 38650
31386 31346
31395 31405
31398 38473
31425 31243
31441 31491
31443 31477
31448 31287
31451 31522
31455 38710
31472 31533
31480 31497
31486 31577
31506 31351
31552 31545
31559 38831
31560 38832
31581 31596
31621 38890
31625 38889
31638 31676
31650 31672
31673 31243
31687 31774
31689 31698
31700 38887
31702 31792
31708 31768
31709 38926
31735 38978
31755 31996
31759 38923
31771 31832
31783 31840
31787 32001
31791 39002
31794 32025
31804 31796
31805 31914
31806 31915
31826 31829
31833 39029
31848 32082
31890 32113
31892 39071
31894 31998
31898 31938
31905 39100
31906 39101
31908 31741
31913 32114
31918 31978
31929 32141
31931 31947
31973 32030
31986 39055
31994 39025
32015 32243
32016 31911
32021 31691
32046 32087
32065 32104
32071 31935
32077 31988
32139 32014
32141 39113
32144 31822
32158 32216
32174 22717
32218 31997
32305 39342
32311 39219
32328 32642
32335 32390
32346 32885
32357 32679
32386 32442
32390 39502
32393 32152
32398 22040
32412 32627
32417 32660
32435 32434
32510 39673
32511 39365
32518 39505
32533 33039
32580 39718
32590 39726
32601 32688
32602 32689
32618 39338
32625 23415
32628 32715
32629 32716
32630 32451
32654 32745
32655 32746
32665 39448
32666 32911
32679 39762
32680 39763
32687 32676
32688 32776
32699 32930
32721 32774
32722 32775
32736 39501
32750 32846
32764 32567
32765 32568
32777 32991
32811 39875
32840 33300
32854 33342
32856 39898
32893 39711
32900 32737
32922 33191
32935 33229
32955 33024
32969 32955
32971 33468
32981 33064
33028 33237
33093 40047
33098 33289
33099 33450
33102 33297
33103 33298
33149 33533
33178 40105
33187 39778
33208 33695
33216 39911
33223 33702
33249 33722
33262 33433
33274 33526
33285 33540
33330 33234
33333 33072
33341 40005
33379 33549
33381 33529
33382 33530
33391 33449
33395 33545
33396 33546
33397 33548
33400 33740
33414 39979
33418 40041
33419 33182
33440 33212
33446 40068
33458 33713
33460 33647
33472 33867
33474 33710
33475 33380
33514 33335
33516 33593
33525 33318
33539 40205
33542 33328
33552 33802
33555 40225
33574 34043
33579 40211
33618 33444
33641 33875
33715 33732
33723 33919
33763 40262
33831 24574
33842 34078
33843 40412
33844 40413
33871 40607
33873 40604
33887 34020
33895 34052
33902 34057
33919 34067
33945 33801
33946 34243
33949 33808
33950 33809
33985 34165
33997 34432
34015 34219
34077 34557
34078 34536
34101 34368
34131 34038
34163 34449
34193 34470
34240 34343
34295 34396
34323 34503
34324 34306
34356 25227
34361 34453
34368 34618
34369 34619
34383 34833
34396 34702
34402 34583
34414 34679
34424 40881
34438 34706
34439 34707
34479 40896
34491 34720
34523 34760
34551 34764
34566 40899
34605 34972
34613 34832
34614 34949
34646 34777
34664 34673
34667 34853
34677 41009
34695 34660
34707 34902
34708 34903
34716 34831
34731 35079
34733 35010
34755 25737
34760 41104
34766 34871
34769 35040
34779 35060
34798 34637
34802 34854
34810 25539
34848 34994
34860 34755
34882 35045
34884 34774
34885 34928
34906 34828
34907 35046
34917 35188
34933 35204
34948 34761
34952 35086
34976 34961
34991 35121
35016 34899
35017 34900
35019 35275
35042 34837
35051 35082
35058 41187
35068 35343
35070 35185
35115 35228
35145 41266
35147 35266
35165 35026
35169 34951
35236 35386
35288 18707
35292 35058
35293 35059
35312 35461
35328 35440
35333 26504
35342 35473
35369 41420
35370 26274
35401 26806
35411 35200
35430 26850
35431 35569
35450 35417
35514 26990
35525 35630
35526 35631
35532 35441
35533 35442
35581 41439
35592 35604
35597 27077
35646 27059
35671 27266
35682 35708
35691 35826
35696 35404
35699 35744
35700 35801
35704 35725
35724 27338
35726 35472
35731 35394
35747 35779
35751 35904
35752 35781
35769 27363
35805 35871
35808 35480
35809 35481
35822 27317
35823 35822
35824 35810
35841 35609
35858 35920
35887 41712
35894 35645
35939 36057
35944 36112
35987 35598
36014 35987
36025 27599
36051 36046
36052 36047
36063 27250
36071 27046
36076 36121
36108 35767
36121 36235
36125 35821
36130 36102
36134 36131
36153 41963
36172 27725
36173 27726
36188 36266
36189 36267
36215 36354
36223 36146
36225 27881
36256 27916
36270 27932
36291 27970
36306 27364
36308 27915
36330 36387
36339 36296
36342 28058
36354 28016
36360 27984
36373 28021
36382 36147
36383 36148
36384 28034
36408 28105
36415 35938
36448 36244
36463 36420
36478 28200
36496 36294
36497 28188
36512 28217
36522 28225
36538 36108
36565 36563
36601 36231
36613 36501
36623 28348
36634 36259
36645 28236
36674 28102
36687 36687
36688 36688
36740 36651
36776 36669
36796 28611
36803 28562
36866 36872
36869 36382
36882 28740
36891 28760
36949 36488
36962 28762
36973 28349
37005 36893
37021 42333
37031 37013
37036 36954
37054 36974
37058 37030
37065 28959
37075 37082
37076 37083
37109 29003
37159 29116
37166 37052
37167 37053
37181 29166
37182 29167
37185 37208
37187 37218
37190 37110
37221 36792
37236 37264
37243 37018
37253 29306
37288 29336
37301 29311
37305 29366
37308 36884
37347 37276
37350 37346
37351 29455
37356 37255
37364 37249
37376 37364
37393 29681
37394 29682
37399 29415
37406 29706
37425 37384
37431 37313
37439 29702
37460 29714
37520 29356
37523 37476
37534 37398
37541 29676
37548 37444
37549 37445
37553 29802
37563 37402
37568 37572
37572 17906
37576 37436
37579 29724
37602 29755
37603 37481
37618 37602
37623 29867
37631 37649
37650 37676
37661 29957
37662 37550
37673 29546
37677 30040
37679 37669
37685 37559
37686 29937
37691 37701
37710 37372
37717 37725
37718 29861
37734 29339
37735 29596
37759 29958
37781 37315
37783 29993
37787 37454
37797 37666
37810 30012
37811 30013
37813 30015
37823 37680
37848 30112
37850 30055
37859 37297
37877 37747
37881 30119
38023 37633
38125 37618
38129 29848
38136 37782
38139 37655
38205 30099
38775 38381
38785 30941
38802 43328
38821 38393
38861 38486
38874 38446
38882 43382
38890 38455
38897 38563
38931 38585
38938 38564
38946 43432
38965 38622
38966 43481
38995 43424
38999 38604
39017 43501
39033 38692
39039 38656
39045 43468
39046 43469
39053 43503
39054 38522
39072 43527
39079 43539
39089 38706
39096 38502
39101 43571
39108 38750
39132 38826
39150 38831
39151 38832
39161 38808
39188 38805
39207 43626
39211 38824
39214 38904
39219 43608
39225 38690
39235 38868
39257 38926
39264 43751
39271 38742
39288 43661
39298 38761
39310 43788
39319 38997
39351 38985
39352 43814
39360 38947
39361 38948
39364 39013
39366 43734
39369 43791
39378 43798
39383 38965
39384 43802
39387 43841
39399 39100
39400 39101
39412 39005
39441 39025
39449 39053
39460 38828
39470 38864
39471 39193
39472 38870
39474 43934
39475 39192
39479 43673
39483 39088
39520 39093
39525 43950
39527 43935
39569 43981
39570 39237
39582 39235
39583 39232
39587 39060
39588 44008
39595 43837
39596 43911
39597 43912
39598 43937
39619 44001
39636 44019
39669 39347
39673 43998
39681 39265
39682 39273
39686 39279
39687 39466
39694 39393
39705 44134
39719 39316
39734 43880
39758 39351
39761 39358
39762 39359
39763 44050
39771 44102
39772 39217
39775 44242
39799 39658
39808 39365
39810 44147
39830 44092
39848 39407
39851 44177
39852 44178
39862 39455
39863 39478
39864 44323
39869 39338
39885 44131
39893 44353
39898 39762
39923 39383
39938 39403
39947 39574
39949 39413
39955 39517
39965 39656
39994 44421
40004 39829
40005 39689
40009 39578
40023 39920
40031 39506
40067 39981
40078 44262
40079 39987
40080 39989
40089 39814
40100 44537
40149 39707
40172 40092
40185 44459
40208 39700
40216 44435
40227 44436
40228 40143
40229 39825
40238 44454
40244 44509
40255 9229
40275 40009
40282 44380
40284 40220
40291 39924
40296 39714
40300 44521
40304 40081
40309 40232
40318 40088
40323 39739
40325 39963
40331 39876
40332 39867
40347 40214
40360 40004
40381 40159
40383 40035
40384 40036
40397 40117
40411 44758
40420 40206
40427 40450
40435 40226
40452 33767
40483 40187
40495 44506
40517 40145
40529 40170
40573 40489
40612 40334
40633 40404
40640 44714
40646 40448
40745 40532
40746 40533
40756 44902
40762 40481
40767 40692
40768 40567
40769 40568
40776 48072
40777 34536
40778 40583
40783 40270
40789 40732
40811 40561
40815 40765
40861 40615
40866 40702
40871 40721
40885 40870
40889 40650
40896 40659
40919 40686
40932 40606
40959 40727
40961 40559
40970 40799
40981 44975
40987 40737
41005 40759
41026 40844
41063 40815
41154 40722
41162 40970
41163 40969
41167 40740
41176 40986
41182 40940
41190 41009
41204 45226
41214 41047
41235 34637
41241 40827
41257 41069
41267 45358
41283 41039
41294 41199
41300 41116
41301 40931
41314 45351
41330 41138
41356 41001
41381 41193
41402 40963
41407 41210
41412 40971
41444 41227
41462 41266
41470 41162
41504 41129
41529 41311
41552 41370
41575 41407
41580 41180
41591 41422
41596 35466
41614 41186
41632 41224
41639 35161
41645 41463
41650 35200
41664 41243
41666 41485
41679 41236
41680 41237
41684 41275
41691 41457
41724 41338
41732 41421
41741 35615
41759 41298
41763 41524
41768 41482
41778 41450
41821 35709
41822 35710
41830 41589
41852 35708
41876 41658
41887 41534
41897 35563
41900 35805
41915 41577
41918 41715
41930 41638
41940 45770
41963 41510
41992 41575
41993 41576
42000 41716
42013 41484
42019 41626
42041 41805
42045 35607
42046 35608
42050 41540
42052 35997
42060 41756
42083 36150
42084 36151
42086 41556
42088 41564
42092 41609
42094 4877
42104 41856
42112 35722
42113 35723
42133 35767
42134 41625
42142 45913
42145 41846
42150 36229
42159 41891
42167 41826
42172 41895
42183 41951
42185 41829
42186 41910
42187 41911
42229 41643
42242 41883
42267 41807
42273 41984
42345 36222
42350 41734
42384 42082
42385 36278
42408 36528
42415 42087
42429 42061
42440 42102
42446 36495
42456 41862
42557 42120
42558 42121
42607 42185
42611 41986
42633 36356
42634 36355
42659 36767
42660 36768
42663 36686
42669 42279
42697 42300
42730 42218
42736 36841
42756 42243
42761 42107
42762 42108
42771 42373
42801 42462
42811 36930
42817 42486
42818 42487
42828 36896
42850 46227
42862 36921
42869 37052
42870 37053
42873 42174
42882 42441
42885 28801
42899 36849
42904 42212
42914 42482
42926 37137
42961 42573
42987 42619
42988 42620
42997 42533
43010 42565
43015 42541
43022 42644
43027 42542
43030 42330
43031 42331
43039 42572
43042 37280
43052 42590
43069 42392
43087 42608
43091 42491
43092 42626
43093 42635
43100 42707
43102 37342
43111 37385
43130 37498
43139 37443
43140 37022
43141 37023
43155 37444
43156 37445
43158 37169
43162 42777
43168 37522
43178 37446
43184 37039
43203 42698
43204 42699
43214 42812
43219 37584
43226 42729
43231 42829
43233 42807
43238 37499
43241 37602
43242 37440
43246 37507
43252 42520
43261 42754
43262 42755
43270 42857
43271 42845
43272 42846
43273 37550
43274 42738
43275 42739
43296 42617
43310 37701
43315 30069
43321 42813
43328 37751
43332 37193
43333 37194
43344 37623
43345 42819
43357 42832
43369 42827
43383 42851
43389 42935
43409 42872
43410 42873
43419 37473
43444 37738
43492 42705
43506 42780
43521 37525
43547 42926
43557 37465
43561 42863
43572 37490
43600 37544
43607 37782
43658 42824
43807 4489
44013 43357
44026 43355
44029 43216
44056 47015
44069 43330
44077 47035
44085 43396
44112 43368
44143 47078
44150 47108
44153 38545
44168 43420
44169 43445
44170 47046
44173 43467
44182 43475
44201 47094
44211 43504
44214 47150
44215 47152
44227 47159
44231 47165
44235 47170
44240 43512
44248 47149
44260 43563
44263 43430
44266 47099
44273 43575
44275 43542
44277 43550
44283 43554
44284 38751
44299 43601
44302 43466
44304 43617
44309 43596
44310 43597
44320 43621
44321 43622
44324 43647
44333 47243
44335 43593
44338 43615
44343 43602
44348 47215
44349 43618
44359 43676
44360 43681
44363 47234
44364 43638
44370 43633
44381 43668
44388 43655
44397 43729
44401 43680
44412 43738
44415 43768
44421 43778
44426 47310
44455 47339
44456 47336
44460 43764
44464 47288
44465 43842
44468 43785
44469 47330
44473 43739
44475 47278
44478 43822
44482 43782
44500 43767
44508 43853
44523 43889
44529 43904
44533 43616
44539 43816
44544 25308
44555 43936
44571 47427
44579 43864
44580 43865
44594 43703
44596 47260
44604 43961
44610 43891
44611 43941
44618 43967
44620 43921
44627 43913
44631 43732
44632 43733
44635 43986
44645 43722
44653 43774
44665 47463
44680 43779
44697 47567
44702 47563
44721 44112
44728 43909
44744 47401
44752 39400
44754 47524
44755 44031
44767 44052
44768 44229
44793 44127
44795 44132
44815 44161
44816 44162
44825 47574
44828 47465
44829 44117
44830 44118
44832 44024
44833 47675
44854 47553
44862 44260
44883 44276
44907 44184
44908 44153
44911 47737
44912 44193
44914 44404
44916 44251
44919 47735
44927 44274
44930 47751
44952 47762
44959 44359
44964 47555
44967 47782
45021 44391
45022 44392
45040 44417
45055 44581
45068 44588
45072 44327
45073 44420
45084 44473
45086 44600
45090 44409
45107 44630
45110 39808
45111 44500
45112 44645
45120 44644
45124 44512
45128 44653
45137 44257
45138 44283
45149 44497
45159 44507
45161 44641
45162 44642
45172 44532
45175 44455
45186 47846
45209 44598
45215 44561
45217 47867
45224 44762
45232 44379
45249 47901
45250 47902
45251 44490
45268 44684
45277 44699
45290 44806
45301 31764
45304 44636
45318 44828
45327 44706
45328 44814
45335 44659
45343 44725
45348 44862
45369 44884
45385 44761
45388 44707
45397 44941
45398 44776
45400 44926
45424 44801
45426 47967
45427 40456
45441 44804
45447 40398
45491 44738
45520 44759
45533 45031
45546 45052
45548 44782
45594 45014
45603 48185
45640 45056
45643 44966
45649 44975
45654 48091
45667 44976
45691 45000
45700 48241
45731 45144
45733 45100
45763 48174
45778 45149
45783 45070
45841 45243
45845 45191
45861 41160
45866 45374
45868 40995
45872 45294
45884 45312
45898 40954
45901 45262
45902 45328
45905 48421
45921 45163
45949 41207
45950 41208
45972 45406
45978 45211
46001 45397
46006 45438
46028 45453
46038 45467
46039 41297
46040 45338
46056 45507
46057 41078
46096 45439
46111 45340
46114 41440
46127 41214
46132 45449
46133 45450
46137 45400
46148 45582
46160 45528
46164 41260
46174 45473
46178 45532
46179 45472
46202 48525
46205 45547
46214 45620
46215 45635
46216 45636
46220 45504
46231 45632
46232 45584
46248 45702
46251 41475
46252 41585
46254 45516
46265 41501
46269 45695
46272 45730
46273 45626
46274 45627
46283 45719
46293 41624
46303 45765
46307 45761
46315 41434
46328 45534
46333 45754
46342 45623
46363 45790
46366 41760
46391 45679
46392 45740
46396 45784
46398 45614
46399 45800
46406 48704
46407 45609
46408 45670
46409 45671
46410 41601
46422 45811
46425 45869
46430 45805
46454 45722
46458 45742
46512 41832
46516 45716
46517 41828
46524 45926
46541 45929
46553 45749
46555 45942
46561 45798
46566 45747
46574 45771
46583 48715
46584 48716
46606 41930
46633 45995
46654 46028
46655 46036
46673 45970
46679 45864
46684 45924
46694 45959
46697 41882
46699 46164
46705 46114
46738 42097
46785 45987
46805 46098
46807 48886
46808 46143
46817 42151
46819 42098
46838 48949
46859 46211
46876 15181
46880 46220
46881 48980
46882 48981
46913 42223
46914 42318
46923 46254
46950 42133
46956 46315
46957 42394
46969 42316
46979 46222
46980 46223
46981 46363
46983 42398
46984 42440
46991 46359
46992 46360
47000 46313
47005 46312
47012 46447
47021 42467
47022 46377
47035 46459
47036 46460
47037 42494
47038 46391
47040 42416
47043 46238
47044 49006
47049 46257
47067 46426
47073 46425
47074 46248
47075 49027
47123 42584
47124 42669
47137 46544
47138 42657
47143 42633
47144 42634
47152 46511
47156 46509
47162 42722
47168 42648
47171 46566
47173 46380
47179 46423
47184 42674
47186 46587
47187 46595
47203 37320
47210 46563
47218 46567
47222 42700
47223 46615
47227 46626
47238 46582
47244 46468
47247 42821
47253 46649
47257 46558
47259 42763
47262 42498
47264 42751
47266 42775
47267 42874
47268 42875
47270 46663
47288 46477
47293 46621
47294 46622
47306 42811
47331 46557
47334 42838
47346 46470
47348 42721
47351 42588
47363 42929
47372 42888
47381 42683
47402 42855
47423 46584
47450 46568
47453 42835
47482 46639
47485 46676
47801 46963
47813 46999
47821 46996
47825 49536
47836 46978
47882 49571
47896 49590
47904 47139
47909 49600
47910 49601
47913 49581
47914 47113
47926 49612
47927 47134
47928 49614
47931 47129
47932 47130
47946 49610
47948 47182
47954 47177
47955 47178
47969 47188
47979 49658
47988 47195
47999 47211
48008 47219
48021 49691
48031 47229
48032 47230
48046 49730
48067 47300
48068 47301
48091 47297
48101 47338
48115 49752
48129 47326
48135 47216
48157 49732
48160 47240
48161 47261
48166 49766
48175 47355
48176 49768
48181 49770
48183 47251
48186 49800
48191 47384
48194 47381
48196 47423
48212 47405
48225 49835
48231 49840
48241 47452
48242 47516
48253 47514
48266 47506
48270 49865
48272 49839
48295 47499
48300 47641
48307 47650
48319 47469
48320 47539
48339 47682
48340 47688
48341 49925
48342 49999
48354 47617
48355 47503
48361 50013
48385 50037
48390 47615
48402 47680
48405 47618
48452 50028
48453 50027
48485 50070
48486 47746
48487 47747
48504 47712
48507 47758
48517 47807
48523 47637
48525 50149
48532 47820
48534 50056
48544 47827
48548 47839
48558 50049
48570 50117
48571 50118
48574 47817
48575 47690
48576 47863
48581 47872
48592 47881
48614 47742
48615 44413
48627 50155
48632 47914
48640 47849
48650 50192
48671 47954
48691 50189
48699 50172
48704 47966
48732 48015
48738 47935
48746 47996
48750 47998
48771 48070
48772 48071
48777 50252
48792 47942
48796 47989
48833 44942
48848 44930
48865 48226
48876 48125
48888 48185
48895 48068
48920 48172
48940 48137
48962 48224
48963 50295
49010 48271
49011 48272
49021 45265
49031 45042
49041 48291
49047 48299
49048 48300
49053 45076
49055 48305
49058 48329
49065 45152
49067 48381
49068 45278
49072 48352
49073 48353
49090 48361
49099 50485
49104 45202
49120 48398
49121 48402
49136 48417
49145 48306
49146 48317
49150 48433
49153 48435
49154 48440
49155 48441
49157 45261
49174 48455
49201 48499
49209 48461
49221 48470
49237 48526
49243 48486
49244 48539
49250 48491
49256 48503
49261 48413
49267 48454
49270 48519
49273 48447
49310 45500
49314 48504
49322 48592
49329 48593
49330 45494
49335 45593
49336 45594
49347 45602
49370 48532
49378 45752
49389 45773
49391 45591
49405 48585
49417 48690
49445 48696
49446 48697
49459 48665
49472 45805
49493 45664
49502 48754
49514 45789
49522 45919
49532 48778
49540 45736
49541 45741
49543 45906
49546 45923
49550 45925
49551 48811
49555 48638
49562 50799
49571 45981
49575 48782
49578 48647
49611 48692
49624 46020
49628 48871
49668 45989
49676 46108
49679 45900
49686 48881
49700 48891
49701 48756
49704 46183
49705 48943
49714 46116
49750 46189
49751 46027
49752 48915
49759 48826
49802 48850
49822 50934
49824 49030
49825 17072
49826 48977
49830 48944
49831 46210
49838 48957
49842 46251
49843 50971
49852 49016
49854 49024
49855 46286
49863 49043
49869 46331
49871 49099
49891 51013
49895 46420
49898 49018
49901 49093
49902 49135
49903 48976
49911 46351
49923 46336
49935 49091
49936 49092
49942 49133
49950 46439
49953 48998
49957 49011
49961 48993
49964 46436
49965 49125
49969 46444
49976 46350
49981 46531
49985 46471
50004 46561
50012 46551
50018 46522
50024 49223
50026 49110
50035 49089
50039 46594
50040 46389
50045 46592
50046 49241
50047 49084
50048 46533
50049 46604
50050 46605
50059 49076
50064 49077
50073 49109
50079 49278
50082 49287
50088 46407
50089 46504
50091 46397
50092 49141
50096 46406
50101 46608
50107 49315
50108 49122
50147 46670
50148 46632
50150 46486
50160 46640
50175 46549
50190 49221
50201 49201
50220 46568
50223 46651
50243 49264
50257 49250
50258 46647
50485 49554
50497 51346
50498 49538
50501 49565
50502 49566
50515 51359
50516 49533
50521 49603
50536 51374
50539 51376
50551 51382
50561 51388
50570 49632
50573 49636
50578 49623
50580 49584
50588 51404
50594 49641
50595 49638
50624 49688
50625 49689
50627 49663
50644 49681
50645 49731
50649 51454
50651 49711
50656 49644
50663 49698
50665 49702
50672 51474
50685 49737
50698 51482
50710 49757
50715 49723
50734 49809
50748 49820
50749 49821
50759 49840
50760 49843
50761 49862
50788 49865
50795 47552
50798 49842
50806 49878
50808 51588
50818 49870
50819 51600
50828 49836
50831 49872
50841 49883
50842 50007
50843 50008
50844 50011
50878 49944
50879 49945
50922 50108
50925 50046
50933 51654
50934 51655
50948 50081
50952 51632
50956 49957
50957 49958
50960 50086
50967 51709
50972 50016
50980 50020
50985 51677
50993 51679
51007 50029
51009 51705
51022 50072
51028 50162
51029 50137
51030 50038
51041 47849
51057 50166
51058 51722
51077 50165
51079 50223
51084 50189
51101 50182
51107 47973
51111 51753
51113 50262
51122 51742
51130 47996
51133 50169
51159 50234
51180 50267
51187 50286
51199 50226
51201 50278
51211 50290
51214 50301
51268 50366
51304 50331
51310 50373
51312 50377
51313 50340
51316 50334
51328 50397
51333 50338
51343 50448
51363 50393
51365 50465
51372 50498
51390 50413
51391 50414
51394 48417
51397 50493
51405 48336
51436 48365
51442 50564
51448 50460
51450 50538
51456 50572
51460 50535
51463 50458
51466 50466
51469 48401
51477 50532
51480 48424
51483 50473
51491 50483
51502 50529
51508 50611
51509 52014
51518 50581
51519 50536
51525 50589
51528 50557
51532 50614
51536 50636
51548 50653
51557 48597
51559 50580
51569 48532
51596 48585
51597 48654
51598 48655
51601 50666
51608 50693
51635 48696
51636 48697
51642 50701
51657 50702
51658 50708
51667 50761
51683 50754
51693 50751
51699 48782
51708 50794
51711 48798
51721 50746
51727 50791
51748 48769
51750 48843
51751 48844
51758 48725
51759 48721
51760 50795
51788 50876
51798 50800
51808 50877
51816 48854
51819 48888
51829 48947
51843 50927
51853 50822
51865 48959
51873 48944
51879 50946
51891 50932
51896 50969
51904 49028
51906 49010
51912 52267
51929 50997
51930 49096
51931 50921
51937 51021
51943 50940
51954 49087
51963 49011
51965 48993
51967 51074
51979 50981
51986 49164
51991 51073
52002 49110
52004 49233
52010 51086
52013 49236
52014 49237
52017 49084
52021 52269
52027 51139
52028 51128
52031 51023
52043 49270
52052 49147
52060 51151
52074 49198
52077 51063
52084 51049
52089 49298
52102 49172
52118 51088
52131 49293
52143 49258
52154 49252
52160 49286
52309 51353
52310 52490
52313 51345
52314 51340
52315 52475
52316 52479
52317 51284
52326 51335
52341 52510
52358 51389
52360 49620
52363 51399
52368 51373
52373 51415
52380 51416
52381 51417
52382 51408
52392 51420
52394 51446
52397 51444
52409 51457
52413 52543
52417 51466
52425 51473
52427 52550
52436 51460
52441 51437
52448 51491
52457 51478
52467 51463
52474 51554
52480 51471
52484 51516
52485 51517
52486 51515
52493 51535
52494 51536
52495 52605
52503 51580
52513 52627
52524 11225
52529 52630
52539 51627
52543 51563
52569 51660
52575 52677
52601 51637
52603 52700
52616 51693
52640 51617
52641 51619
52667 50010
52668 51688
52669 51689
52670 51695
52671 51629
52675 51648
52687 51644
52701 51757
52707 51761
52709 50184
52716 51715
52729 51745
52737 51750
52748 51795
52750 51793
52751 51794
52755 52766
52766 51814
52769 51779
52772 52779
52774 51786
52775 51787
52779 51783
52783 51726
52786 50249
52793 51798
52801 51758
52805 51812
52826 51833
52840 51844
52844 51890
52845 50371
52854 51858
52855 51859
52858 51862
52868 51892
52882 51903
52887 51887
52889 51907
52894 51914
52895 51915
52904 51924
52910 51877
52915 52885
52916 52886
52917 50401
52926 52896
52930 52854
52948 51957
52949 51958
52959 51930
52972 51922
52981 50468
52988 50494
52992 51952
52993 51970
52997 50497
52998 51974
53003 50601
53006 52006
53007 50549
53008 51984
53015 52015
53016 51967
53017 52009
53031 50637
53046 52973
53050 52050
53051 52051
53055 51990
53063 52068
53079 52073
53081 52063
53083 52022
53084 52079
53085 50718
53088 52081
53097 52095
53104 52038
53111 52983
53114 50731
53124 50723
53133 52117
53136 52128
53138 52059
53140 50753
53142 52133
53143 50782
53146 52080
53147 50792
53149 52083
53152 52166
53154 52170
53178 50733
53190 50744
53205 50898
53208 50766
53217 52139
53218 52140
53220 50907
53229 52220
53236 48952
53245 52208
53256 52253
53263 50964
53266 52273
53278 52264
53290 52272
53291 52227
53296 52309
53298 52314
53308 51012
53314 51035
53315 52288
53316 52328
53322 51040
53327 52317
53330 52347
53331 51000
53332 52308
53344 52344
53345 51124
53346 52269
53349 51039
53360 52301
53372 52352
53377 52359
53380 51068
53385 52296
53386 51106
53392 51142
53396 52323
53410 52335
53558 52491
53561 53269
53571 53285
53576 52509
53582 52515
53584 52516
53588 53292
53591 52524
53592 52531
53594 53301
53604 53313
53606 52540
53620 53324
53626 53328
53628 53328
53636 52576
53640 52578
53660 52588
53661 52560
53675 52601
53676 52602
53691 52641
53702 52628
53704 52670
53712 53362
53726 52655
53727 52656
53728 52702
53733 52672
53735 52683
53736 52684
53761 52711
53769 52691
53771 53426
53780 53430
53784 53437
53790 52721
53803 52745
53805 52748
53822 52763
53837 52796
53842 52807
53846 52802
53852 51863
53853 52820
53896 51874
53902 52872
53903 52830
53908 52880
53911 51889
53918 52874
53934 51900
53955 52907
53957 52892
53959 52922
53965 51944
53967 52933
53968 52934
53973 52918
53974 51993
53991 52931
53993 52974
53999 52980
54002 52997
54024 52962
54025 52963
54026 52098
54039 53044
54043 52976
54048 52971
54055 53056
54066 53047
54089 53016
54093 52162
54095 53021
54101 53064
54106 52174
54109 52137
54114 53070
54122 53078
54129 52201
54143 52191
54156 53111
54163 53113
54164 53122
54179 53133
54180 53134
54186 52266
54190 53135
54191 52265
54198 52292
54227 53161
54232 52346
54234 53162
54235 53163
54240 53178
54243 53171
54246 52356
54253 52326
54263 52373
54264 52374
54266 52312
54275 52340
54282 53177
54291 52350
54383 53284
54393 53296
54399 53327
54406 53777
54408 53783
54410 53774
54425 53351
54438 53355
54441 53807
54442 53808
54445 53364
54446 53368
54449 53363
54453 53389
54459 53381
54469 53401
54474 53830
54475 53422
54490 53434
54522 53427
54524 53441
54527 53462
54551 53864
54553 53486
54561 53483
54573 53496
54580 53907
54586 53493
54592 53497
54602 52836
54609 53532
54616 52864
54618 53526
54621 53520
54659 52965
54667 53570
54679 52977
54683 52987
54685 53554
54687 52994
54692 53557
54698 52968
54713 53044
54718 53976
54721 52969
54722 53580
54726 53611
54736 53589
54741 53625
54742 53626
54746 53070
54748 53621
54750 53069
54761 53650
54768 53657
54769 53109
54773 53632
54778 53642
54779 53642
54780 53665
54787 53676
54792 53689
54804 53687
54808 53700
54811 53148
54820 53704
54825 53165
54831 53166
54839 53186
54841 53188
54848 53177
54861 53708
54922 54083
54926 54089
54929 53760
54935 53764
54941 53769
54942 53766
54945 54103
54953 53794
54962 53802
54975 53819
54976 54128
54978 53825
54982 53809
54984 53831
54985 53832
54986 54134
54987 54135
54992 53813
54993 54144
54994 54145
55008 53814
55016 54161
55025 53849
55038 53856
55045 53486
55050 53876
55051 53883
55061 53882
55062 53886
55073 53902
55074 53916
55079 53924
55084 53930
55087 53926
55094 53909
55095 53910
55097 53928
55098 53929
55100 53950
55102 53941
55105 53935
55108 53946
55114 53944
55115 53948
55119 53570
55121 53960
55134 53588
55135 53590
55136 53594
55146 53614
55153 53989
55157 53620
55162 54017
55166 53624
55171 53653
55179 54043
55192 53710
55196 53718
55199 54048
55247 54317
55251 54091
55254 54080
55261 54094
55266 54101
55274 54105
55276 54113
55290 54148
55303 54158
55309 54166
55319 53856
55326 54176
55330 54183
55335 54189
55337 54198
55347 54209
55350 54210
55351 53938
55368 54233
55378 54239
55379 53986
55389 54248
55397 54259
55429 54051
55439 54287
55473 54316
55476 54444
55478 54321
55479 54318
55489 54329
55491 54455
55499 54334
55511 54353
55514 54355
55532 54370
55537 54372
55544 54378
55549 54381
55562 54262
55570 54407
55576 54412
55577 54413
55579 54419
55596 54426
55627 54459
55629 54458
55636 54467
55640 54475
55641 54468
55646 54479
55647 54478
55649 54480
55656 54486
55660 54488
55661 54489
55662 54490
55663 54375
55670 54499
55671 54389
55673 54392
55676 54396
55688 54409
55701 54520
55704 54416
55725 54614
55728 54548
55734 54555
55742 54559
55744 54485
55745 54566
55746 54567
55747 54565
55748 54561
55752 54569
55763 54507
55765 54504
55766 54505
55772 54515
55784 54601
55791 54610
55792 54618
55799 54623
55804 54626
55816 54579
55818 54636
55819 54635
55826 54592
55832 54654
55833 54655
55840 54663
55846 54667
55847 54670
55850 54675
55851 54679
55866 54687
55868 54689
55870 54694
55871 54695
55872 54696
55873 54697
55883 54699
55885 54702
55889 54710
55894 54717
55896 54715
