1156
34 20965
63 21016
89 21023
197 21231
404 21412
543 21369
578 3299
700 21526
777 21778
821 21110
822 31872
857 21829
864 21597
865 21598
935 4068
959 4273
1032 4777
1051 4216
1101 21908
1102 4231
1115 3692
1226 4648
1254 21878
1269 48870
1278 21891
1318 21914
1344 22094
1345 22095
1376 22046
1398 4645
1431 22163
1806 4839
1826 22317
1987 22299
2148 6074
2252 22953
2332 5351
2364 5670
2395 22508
2397 22806
2409 22674
2410 22675
2658 23209
2660 23210
2783 22804
2937 22526
2953 23202
2954 23203
3034 23253
3040 23297
3099 23286
3119 6260
3130 23080
3185 23416
3276 6473
3325 6499
3425 33642
3458 23268
3509 5386
3562 6675
3565 5791
3576 8600
3635 6910
3758 23780
3770 23788
3784 23428
4096 23672
4115 7281
4122 7013
4153 24010
4154 24011
4216 23741
4270 23773
4288 23633
4311 23791
4333 23312
4418 24890
4522 23404
4523 6844
4542 24256
4651 10429
4696 24005
4701 9715
4702 9716
4756 24401
4786 23979
4828 24420
4911 24093
4912 25193
4971 7279
5024 10155
5282 10437
5302 9163
5310 25456
5397 8733
5424 10584
5442 25238
5521 10615
5543 8352
5619 10194
5620 10195
5658 9116
5664 10261
5674 24724
5694 10292
5695 10293
5711 10352
5730 10330
5731 10331
5762 10373
5794 10430
5802 10978
5803 10979
5818 25095
5872 25739
5963 9918
5967 10628
5993 10643
5994 10644
6059 24671
6080 25595
6140 10850
6151 25276
6179 9692
6339 11044
6480 10446
6481 10447
6482 10448
6510 12043
6598 10586
6616 9559
6734 9092
6750 11874
6821 11873
7078 10658
7191 10747
7395 10913
7418 12614
7419 12615
7510 11054
7568 12743
7734 11201
8034 10785
8035 13178
8036 13179
8094 12121
8112 26856
8320 11969
8531 12785
8539 12565
8540 12566
8669 12645
8670 12646
8699 11703
8708 13187
8744 13697
8862 39005
8960 12494
8985 12881
9226 13002
9238 12540
9406 12649
9501 13241
9502 13242
9508 13251
9545 13231
9766 11850
10005 13625
10038 54042
10198 13367
10277 13818
10286 11779
10290 13503
10298 13465
10425 12413
10501 13230
10511 13965
10526 13983
10646 13627
10652 12608
10833 22014
10834 27378
10840 14263
10841 14264
10927 14341
11077 13186
11120 14528
11193 13265
11416 14738
11421 14215
11458 13509
11648 15137
11710 15571
11886 14270
11984 15456
12244 15597
12434 16372
12544 16233
12891 51418
13323 15325
13343 14741
13559 16702
13850 15158
15318 16752
15445 17197
15632 18982
15985 17719
15995 17710
16602 18167
16775 29463
16795 14892
17775 19148
18360 11006
18620 43604
19073 1434
19794 31456
19816 31483
19880 21507
19922 21568
19934 31423
20035 31695
20066 31729
20174 31854
20221 21629
20243 31914
20328 39012
20344 21880
20384 21933
20385 32000
20498 32181
20625 32099
20746 32246
20789 32428
20790 32429
20850 22402
20896 39500
20944 32341
21009 32611
21043 22934
21051 22447
21109 91
21121 32356
21171 32409
21220 23093
21251 32474
21317 32838
21373 22762
21529 23329
21558 32913
21575 32759
21626 32747
21645 24142
21707 33048
21719 23551
21725 33559
21750 5304
21756 23629
21851 23191
21857 23647
21885 23369
21924 32968
21925 32969
21944 24096
22041 33090
22049 33105
22069 23468
22100 23646
22118 23466
22188 33178
22218 33190
22330 23696
22332 33532
22354 24197
22363 23374
22384 23814
22390 23873
22404 33593
22474 34186
22561 34268
22574 8666
22676 25239
22774 24658
22871 33931
22967 33578
23106 23766
23107 39188
23115 25718
23127 25724
23134 25722
23135 25723
23282 24937
23289 25007
23370 26122
23379 26140
23522 34497
23538 25470
23568 35027
23572 34339
23573 34338
23700 26519
23832 25794
23855 25821
23885 25610
23886 25611
23929 26465
23951 25636
23960 26497
24030 34229
24179 25829
24186 10534
24312 26197
24371 26392
24389 10470
24441 25544
24514 26169
24638 26028
24654 26542
24655 26543
24657 26567
24698 13684
24714 26597
24805 12922
24907 27054
25013 26857
25014 26858
25059 26905
25066 26069
25110 13044
25129 26941
25139 12911
25167 35494
25250 27042
25301 27401
25327 27429
25413 27201
25414 27214
25428 27247
25429 27248
25431 14518
25450 13940
25551 14146
25576 27382
25682 27468
25779 14091
25956 13958
25957 13959
26000 28101
26014 28011
26045 15280
26082 15544
26139 27887
26175 14784
26203 27293
26248 28188
26251 28074
26256 14662
26263 28119
26277 14678
26278 14679
26279 27661
26282 28100
26335 14813
26343 49344
26440 27993
26447 16299
26518 36432
26546 28240
26576 27494
26628 16355
26789 15051
26820 27658
26824 28734
26893 16439
26923 17036
26935 28444
26940 27726
26961 36778
27049 16441
27068 28589
27076 16482
27083 15414
27291 17095
27371 27886
27453 17310
27542 17302
27630 17827
27631 17828
27667 17855
27679 17478
27693 29200
27801 37043
27852 29333
27910 17772
28006 29536
28027 29328
28153 42655
28186 16877
28242 28804
28392 28891
28405 28930
28410 18640
28411 18639
28442 37538
28489 29369
28519 18792
28523 29649
28574 28955
28702 29539
28704 29854
28792 29919
28814 29887
28927 29988
28938 19162
28939 36393
29054 30080
29061 29955
29139 19426
29287 29523
29388 18307
29389 18308
29402 18843
29421 18336
29505 29954
29573 24529
29896 29912
30249 29899
30962 31077
31096 31920
31251 38927
31348 39059
31349 39095
31369 31959
31445 39250
31455 39201
31460 39265
31486 39293
31523 39329
31543 39338
31559 43999
31560 44000
31567 39350
31573 39239
31581 39245
31600 39386
31621 39398
31625 39397
31630 21702
31650 39301
31735 39523
31794 32660
31806 39452
31848 32660
31853 39372
31898 39417
31929 39656
32158 39605
32264 32826
32305 39885
32335 32881
32417 33290
32510 40375
32518 40039
32576 39910
32584 32836
32591 40431
32630 32810
32665 39880
32666 40117
32689 40485
32693 33133
32700 34048
32701 34049
32713 40144
32721 33185
32726 40154
32753 39982
32773 33302
32827 40558
32856 40592
32857 34165
32878 40611
32933 40623
32960 33717
32973 34266
33066 40716
33077 40727
33087 40738
33093 34389
33098 33863
33103 33873
33208 34526
33223 34543
33262 33956
33358 34673
33472 34632
33525 33499
33527 41003
33539 40766
33555 40782
33647 35059
33710 34910
33768 41159
33832 25549
33843 34729
33873 35135
33937 34631
34101 34931
34163 35029
34244 35115
34323 35003
34402 35095
34407 45536
34449 26935
34546 27046
34551 35346
34605 35689
34676 35462
34677 41506
34708 35497
34731 35841
34750 35522
34779 35763
34802 35352
34884 35146
34917 35934
34933 35951
34955 35254
34991 35739
35002 35426
35016 35291
35042 35180
35050 35585
35051 35586
35147 27453
35236 36050
35312 27751
35329 36074
35333 27374
35361 27787
35430 27899
35494 27983
35500 36403
35510 36407
35514 28094
35525 36330
35526 36331
35532 35962
35540 28120
35597 36389
35636 27660
35752 36429
35823 28278
35831 27952
35853 39063
35939 36743
36024 42323
36025 28489
36051 28553
36130 28534
36162 28538
36173 28549
36188 36924
36202 36672
36213 28626
36255 42058
36256 16976
36270 16998
36291 17048
36463 37039
36512 17381
36551 23495
36774 28524
36775 28525
36904 36779
36929 37309
36949 42331
36973 28825
37074 37656
37075 37706
37152 29764
37223 37110
37256 29176
37356 37745
37364 37775
37601 29794
37841 37789
37867 37809
37923 29930
38734 47156
38772 43598
38828 43722
38832 16606
38860 43693
38861 43758
38874 43699
38897 43825
38935 43807
38942 43767
38965 43838
38966 47313
38995 47235
39006 47347
39032 38788
39033 39212
39053 39110
39054 38823
39073 39232
39122 43882
39150 43999
39151 44000
39156 39249
39164 43928
39179 44018
39197 43982
39207 43965
39214 39404
39224 39016
39246 31848
39360 39371
39361 39372
39366 44017
39369 44109
39383 44030
39384 44135
39387 44210
39542 44049
39600 39465
39617 39701
39619 44351
39656 39646
39664 44516
39673 44298
39736 39969
39764 44388
39789 39593
39830 44425
39851 44540
39852 44541
39869 39719
39893 44814
39908 39755
39947 40068
39949 39791
39955 39936
39994 44859
40013 40065
40031 39867
40067 40669
40228 40830
40229 40214
40238 44754
40284 40929
40291 40311
40309 40919
40326 44895
40347 40859
40394 40734
40411 41003
40420 40767
40428 50472
40430 40782
40435 40783
40438 45010
40469 40789
40517 40564
40524 45047
40529 40600
40530 41135
40547 40891
40567 41159
40624 41214
40715 45218
40746 45231
40759 34480
40763 41105
40861 41093
40961 40934
40987 41186
41049 45509
41063 41255
41162 41479
41163 41478
41167 41072
41176 41492
41190 41506
41194 35473
41204 41517
41257 41555
41267 45712
41300 41591
41301 41297
41396 41669
41397 36507
41412 35187
41462 45734
41506 35674
41529 41779
41591 36126
41595 35870
41596 36137
41619 35709
41645 36195
41679 41542
41725 42019
41732 35975
41768 36087
41773 42035
41778 36024
41805 36265
41806 36266
41841 42025
41850 36083
41858 36481
41887 41894
41900 36448
41912 36465
42092 36221
42093 37107
42097 36597
42104 36858
42134 41932
42152 36110
42167 42234
42185 36672
42229 41911
42255 42147
42379 37259
42446 29062
42659 29308
42683 42673
42730 42535
42761 42380
42914 42883
42923 37110
42928 37433
42982 37138
43027 37749
43030 42545
43031 42546
43142 42690
43207 37578
43257 51933
43418 37789
43442 29927
44026 43729
44055 47148
44104 47241
44112 43694
44122 47262
44123 47263
44169 43804
44201 47246
44215 47363
44219 47366
44231 47374
44248 47323
44263 43709
44308 47465
44312 47469
44319 47476
44348 47410
44349 47431
44363 47444
44381 47460
44432 47562
44445 47499
44448 44064
44464 49930
44468 44110
44473 44031
44475 47483
44478 47604
44482 47527
44502 47625
44580 47582
44592 47606
44596 47368
44603 44307
44604 44314
44610 44180
44611 44282
44718 47676
44721 44531
44743 47693
44793 47809
44809 44756
44816 44521
44825 47858
44828 47640
44839 44781
44852 48021
44908 47781
44911 48056
44914 44852
44919 48052
44930 48067
44944 44879
44952 48082
44961 44890
44967 48100
44968 48101
44986 47966
45009 44591
45032 48152
45040 44765
45055 45005
45069 48180
45086 45021
45090 47979
45104 45052
45105 45053
45110 44625
45140 44571
45159 44800
45161 45014
45192 48098
45209 44913
45215 44843
45216 48326
45221 44927
45249 48157
45250 48158
45277 45011
45292 45228
45318 45263
45327 44988
45328 45223
45395 45331
45426 48146
45510 45256
45548 44984
45609 970
45651 45391
45677 40956
45681 45536
45755 41435
45824 45474
45841 45555
45855 45570
45978 41336
45987 45714
46006 45718
46007 41716
46028 45737
46035 45751
46094 45547
46114 41881
46121 41895
46127 41535
46137 41539
46160 41753
46164 41570
46191 45641
46223 41839
46231 41948
46251 41831
46261 45851
46269 45982
46273 45861
46307 42139
46331 42164
46359 45953
46363 46066
46372 42140
46391 45889
46392 42002
46399 42150
46422 46090
46425 49025
46522 36712
46553 45909
46555 42287
46601 42341
46602 42342
46606 42326
46633 42335
46687 42685
46754 37444
46833 49183
46913 42551
46922 42569
46938 42754
46969 42649
46981 46597
47004 42713
47005 42714
47022 46594
47067 46674
47244 42846
47254 42704
47265 42704
47340 42873
47348 42996
47423 46701
47850 49771
47909 49823
47910 49824
47913 49788
47926 49837
47947 51563
48025 49914
48035 49920
48039 49892
48043 47293
48078 47319
48115 49947
48162 49863
48166 49960
48169 49953
48170 49954
48176 49959
48191 47602
48231 50087
48241 47677
48270 50120
48313 47722
48339 50309
48341 50182
48342 50322
48361 50333
48375 50205
48385 50357
48425 50385
48452 50287
48453 50286
48504 47912
48525 50452
48570 50371
48571 50372
48575 47847
48627 50412
48632 48159
48673 48350
48691 48223
48709 48255
48718 48267
48798 45113
49041 48509
49058 48568
49090 45610
49116 48621
49121 48631
49136 48655
49145 48462
49146 48479
49150 48664
49153 45703
49154 45706
49155 45707
49165 48687
49174 45729
49183 45755
49184 45756
49201 45782
49243 45705
49250 45711
49314 48639
49327 45656
49329 48877
49335 48745
49336 48746
49347 45826
49378 46054
49405 48804
49445 48977
49446 48978
49473 46087
49483 45940
49502 51009
49508 46318
49550 46161
49562 51046
49566 48803
49575 46182
49578 45927
49583 48935
49822 51095
49875 46455
49891 51207
49898 46499
49918 46364
49923 46536
49953 46407
49965 46683
50007 46723
50026 49277
50064 49214
50091 42689
50142 49330
50150 46584
50153 46587
50201 49319
50498 51479
50551 51545
50561 51557
50573 51568
50588 51579
50623 51606
50645 49937
50656 49815
50701 51646
50716 49870
50729 49971
50759 50087
50775 51714
50784 50105
50788 50120
50806 50139
50818 50096
50831 50085
50842 51889
50843 51890
50903 50198
50907 51937
50922 50423
50967 51984
50993 51893
51009 51928
51084 48223
51164 50523
51187 50551
51259 50576
51372 50758
51394 48655
51397 50725
51414 50742
51436 50665
51450 50771
51469 48549
51494 50826
51498 50696
51518 48739
51528 50730
51596 50837
51640 48762
51657 48932
51667 51029
51693 49006
51699 46182
51759 48879
51873 49174
51904 51132
51906 49243
51954 46585
51986 49378
51998 51107
52056 49335
52092 49330
52341 52702
52346 51537
52382 51572
52394 52740
52395 52739
52447 52744
52457 51642
52493 51740
52503 52860
52543 51750
52551 52912
52575 52865
52616 51957
52640 51797
52641 51799
52670 51921
52701 52017
52707 52022
52729 51980
52750 52053
52751 52054
52761 51934
52769 52012
52805 52039
52887 52094
52894 52141
52895 52143
52904 52146
52910 52066
52915 52158
52916 52159
52926 52170
52949 50737
52960 53097
52972 52108
52993 50749
53006 50833
53016 52164
53060 50823
53081 52273
53088 50911
53124 50953
53133 52334
53140 50983
53146 52249
53152 51068
53256 52458
53308 51176
53314 51206
53565 53432
53584 53446
53588 53451
53593 53459
53594 53460
53728 52915
53731 52914
53752 53617
53805 52933
53842 52997
53846 52988
53905 53704
53934 52088
53974 52195
53991 53092
53992 53161
54026 52325
54027 52190
54039 53225
54054 52321
54138 52416
54190 53326
54275 52484
54386 53954
54438 53515
54446 53522
54474 54041
54475 53603
54537 26147
54551 53626
54552 53627
54679 52265
54726 53195
54761 53272
54975 54025
54986 54306
54987 54307
54993 54315
54994 54316
55025 53606
55038 54049
55072 54074
55073 54077
55095 53681
55098 54101
55100 54118
55130 53783
55136 53794
55247 54468
55270 54475
55351 54112
55473 54593
55640 54631
55647 54635
55746 54717
55832 54824
55833 54825
55839 54792
55871 54802
