4264
64 503
66 1310
67 946
97 527
98 528
119 1011
156 20149
189 1043
192 20290
217 1320
230 1242
245 1447
248 20467
249 20468
326 1234
381 1286
398 1554
418 20327
423 1387
431 20504
451 1340
454 1568
475 1614
490 1636
552 1496
557 1697
593 1534
594 1535
615 20413
637 1574
678 1616
679 1617
689 1081
696 1635
733 20612
734 30986
757 1894
799 20717
801 1179
812 20683
827 1212
868 1843
887 1881
912 1935
952 20664
977 20644
994 20668
1059 2017
1060 2018
1065 20749
1086 20729
1097 20733
1187 2168
1209 2187
1210 20849
1234 2474
1328 2649
1361 2776
1411 2815
1420 2380
1452 2885
1480 2625
1481 2626
1631 2849
1686 3283
1743 15710
1746 21176
1747 21177
1772 21205
1831 2894
1851 3290
1875 3224
1886 3341
1896 3255
1915 3071
1984 3226
2065 3688
2092 3579
2124 3679
2145 3688
2147 21473
2159 21656
2177 21270
2178 3413
2239 3657
2262 21509
2291 3713
2295 21705
2301 3418
2379 3702
2461 21726
2467 4011
2486 21648
2493 21752
2506 21770
2514 3981
2516 21778
2602 21825
2640 4126
2690 4174
2712 4136
2754 4273
2763 4223
2787 21947
2804 4231
2820 4266
2850 21878
2860 21979
2862 3828
2907 4446
2914 21978
2949 4261
2985 4578
2988 4664
3025 4818
3044 4648
3074 22094
3075 22095
3084 4690
3092 4705
3094 4693
3119 4645
3137 4511
3223 4754
3225 4219
3256 4842
3294 4546
3320 4841
3335 4768
3358 5002
3364 4703
3397 4936
3398 4937
3422 4839
3424 4818
3481 22272
3491 4148
3492 22032
3511 22233
3538 22061
3539 4893
3550 22308
3559 5071
3588 4591
3644 22413
3647 5395
3648 5396
3665 4283
3674 4296
3675 22376
3681 5168
3698 5121
3704 5394
3720 5496
3722 5404
3731 5492
3794 5435
3815 5597
3853 5409
3880 5259
3897 22447
3900 4954
4012 5478
4037 4746
4041 5167
4083 5630
4107 22566
4128 5670
4130 22571
4142 22816
4143 22817
4156 5777
4171 5702
4187 22745
4191 22775
4204 5825
4210 22849
4211 22850
4242 22903
4263 22892
4264 22893
4273 5983
4274 6074
4318 22526
4329 5456
4342 22945
4356 6242
4365 22705
4396 6230
4424 22927
4474 22804
4497 5644
4507 5639
4521 5386
4526 6069
4549 6255
4556 6304
4639 22894
4675 5453
4676 5454
4714 5540
4739 6349
4747 23262
4772 23209
4778 5791
4845 6607
4847 6481
4851 6642
4852 5635
4915 6756
4951 6277
4974 6578
4975 6579
5044 6492
5079 23410
5085 6741
5150 23395
5161 23268
5164 6612
5173 6855
5178 6645
5180 6644
5184 23061
5197 6639
5210 6944
5220 6676
5307 6739
5359 6791
5375 23212
5393 6903
5400 6837
5421 6948
5422 6949
5445 23428
5456 6625
5464 6893
5465 6894
5507 23778
5522 6986
5525 23789
5618 7588
5619 23846
5671 7013
5672 7014
5706 7416
5707 7407
5708 7408
5735 23404
5736 7042
5737 7165
5738 7166
5742 23615
5746 6844
5781 7099
5820 23671
5821 23672
5845 7281
5849 7550
5931 8248
5938 7423
5957 7447
6002 7512
6024 8405
6042 7369
6049 7419
6084 8092
6120 2782
6140 7199
6161 24360
6173 8192
6188 7916
6193 8617
6194 24022
6197 7651
6199 7279
6315 8472
6321 8386
6383 7864
6384 7865
6388 7863
6392 24005
6404 8201
6438 7776
6462 8249
6494 8288
6503 8507
6573 24292
6594 9032
6612 8148
6620 8130
6659 8196
6680 8024
6696 7495
6725 24408
6750 8091
6793 24420
6843 8666
6902 7704
6926 24872
6929 8652
6942 24483
6956 8787
6961 8762
6985 24866
7072 7837
7146 8856
7155 9003
7175 9418
7202 9027
7208 8817
7214 8835
7235 9066
7303 9122
7315 9693
7336 9163
7346 9715
7364 9791
7417 8303
7505 24753
7550 8371
7688 9880
7743 10156
7870 9507
7871 9508
7924 9364
7973 9092
7974 9093
7981 25000
8007 9807
8021 10364
8046 10437
8122 9918
8186 9559
8202 10012
8243 10615
8288 10429
8289 10430
8336 10150
8408 10600
8447 10090
8468 9532
8479 10295
8522 10718
8530 9829
8548 10978
8549 10979
8556 10981
8583 10993
8594 10233
8603 10448
8643 11078
8644 11079
8651 10850
8662 25486
8696 11106
8697 10559
8703 10301
8718 10586
8719 25157
8739 25413
8798 11013
8811 10136
8815 11044
8866 10194
8934 10658
8939 25278
8950 10879
9006 10876
9018 10936
9047 10747
9067 10839
9072 11744
9073 11745
9080 10799
9104 11774
9109 10885
9134 10908
9154 11837
9177 10491
9191 10913
9208 10470
9247 10470
9326 12043
9360 12083
9361 12084
9402 11873
9421 11125
9469 11654
9470 25793
9608 11592
9619 11337
9641 11568
9648 10668
9675 11445
9729 11454
9746 11779
9752 11050
9781 12286
9922 12396
9934 12128
9959 11397
9993 11779
10025 11833
10061 11821
10062 11822
10084 11794
10085 11795
10100 12614
10101 12615
10103 12113
10141 48455
10147 11969
10157 12335
10230 11770
10325 12040
10557 11984
10563 12751
10616 12566
10622 12985
10656 12606
10684 12785
10727 12469
10741 12483
10770 12468
10894 12792
10918 12814
10937 12829
10973 26227
11002 13038
11015 12894
11016 12895
11035 12915
11068 12720
11072 13183
11078 26729
11213 13010
11214 13328
11231 26761
11282 13072
11295 12805
11296 13077
11382 13521
11385 12911
11397 26822
11456 13201
11470 12608
11476 13043
11477 13044
11507 13241
11508 13242
11509 13249
11521 13251
11522 13033
11549 12667
11552 13432
11584 12677
11618 13592
11623 13341
11637 13327
11678 13372
11679 13373
11688 13359
11723 27081
11912 13376
11916 13826
11963 13230
11974 13415
11998 27120
12038 13576
12069 13503
12070 13903
12074 13912
12090 14010
12106 13720
12128 13737
12163 13742
12167 13186
12191 14024
12216 13995
12225 14141
12228 14018
12229 14019
12272 14088
12281 13627
12353 13904
12370 11779
12398 13949
12448 13940
12479 13909
12518 14201
12600 14343
12634 14461
12641 13832
12725 13666
12780 13776
12782 14263
12783 14264
12853 14341
12869 14383
12921 13959
12922 14130
12968 14180
12982 14528
13025 14272
13087 14355
13097 14309
13198 14964
13204 14271
13371 15100
13372 15101
13373 15102
13436 15265
13437 15266
13477 14372
13483 15126
13491 14662
13493 15121
13506 14784
13526 15092
13540 15112
13541 27655
13558 14686
13602 15340
13677 15253
13681 15479
13752 14510
13780 15568
13803 15456
13804 15457
13823 15362
13910 14958
13924 14991
13931 15590
13962 15772
13996 15637
13997 15638
14016 14740
14017 14741
14122 15789
14180 14939
14215 15912
14223 15942
14231 16033
14271 15949
14304 16008
14324 15073
14328 16053
14355 28338
14374 16137
14397 15210
14406 16030
14411 15404
14416 16123
14453 15988
14454 15162
14461 16237
14462 16105
14518 28348
14522 16299
14558 15310
14586 16143
14620 16407
14629 16414
14637 16218
14638 16219
14660 28455
14699 28503
14711 16354
14716 15363
14720 16287
14786 16269
14863 16388
14880 16450
14934 16704
14942 16656
14948 16718
14958 16733
15063 16788
15074 16200
15156 16558
15216 15920
15244 16702
15245 17171
15246 16784
15249 17036
15260 15980
15289 16453
15358 16534
15372 16805
15405 16322
15406 16323
15492 17378
15538 17080
15548 17172
15551 17168
15556 16793
15557 16794
15588 16594
15592 17161
15598 17136
15652 17503
15661 17443
15763 16949
15770 17253
15848 21263
15877 16698
16028 17613
16092 17788
16139 17588
16244 17697
16257 17827
16258 17828
16269 17124
16375 17361
16376 17362
16383 17937
16546 18110
16604 18073
16699 18171
16855 17719
16870 18433
16929 18231
16930 18233
16935 18394
17147 18407
17163 18423
17178 18546
17209 18560
17245 18763
17290 29414
17310 18699
17319 18676
17328 18833
17347 18166
17348 18167
17368 18806
17411 18659
17415 18750
17443 42712
17466 18672
17467 18673
17483 18969
17486 18286
17496 18834
17513 29462
17514 29463
17520 18686
17527 18982
17539 294
17553 19005
17572 18774
17573 18974
17644 19125
17711 19098
17754 18417
17803 18435
17813 18924
17823 18954
17838 19165
17854 19042
17858 19259
17899 19173
17906 18722
17946 19286
17994 19179
18008 19162
18047 18743
18081 19309
18093 19325
18161 19377
18168 19354
18322 19391
18385 18884
18458 19174
18459 19175
18509 19148
18746 18979
18913 51038
19046 19393
19482 20101
19484 30822
19488 20148
19508 20178
19528 20191
19557 19872
19593 20270
19608 19999
19631 30778
19703 20474
19718 20388
19748 1696
19751 30859
19769 30854
19770 30871
19818 30902
19825 20601
19833 1173
19874 20706
19893 31070
19902 20238
19915 50390
19932 20261
19933 20256
19944 20292
19945 20293
19950 30997
19953 20295
19957 31166
20004 20807
20005 20813
20018 20662
20041 31186
20056 20749
20087 31083
20109 20974
20125 20780
20126 20781
20197 21054
20262 21183
20264 21184
20273 20973
20278 20965
20312 21016
20316 21023
20317 21024
20320 21073
20321 21074
20325 21030
20354 21068
20355 31324
20368 21182
20373 31412
20374 31413
20389 21082
20392 21207
20425 2858
20464 21213
20533 31546
20575 21315
20598 21492
20611 21512
20625 21412
20626 21542
20627 21543
20643 21368
20649 21591
20663 21554
20664 21555
20708 31688
20765 21526
20799 31765
20800 31766
20801 31767
20803 31763
20822 21677
20823 31790
20824 21409
20862 31826
20863 31831
20867 21993
20871 21748
20872 21464
20873 21465
20890 21833
20929 21815
20943 21829
20948 21874
20957 21745
20997 31925
21002 21870
21004 21856
21016 21860
21023 21964
21027 21880
21049 31993
21050 21908
21073 4250
21081 21933
21114 21914
21119 21952
21122 22030
21125 21940
21131 21984
21140 32021
21153 22013
21216 22074
21217 22075
21253 22147
21268 22191
21274 22163
21278 32184
21335 32148
21385 5016
21430 5086
21435 22363
21471 32282
21475 22340
21493 22406
21504 22267
21512 32276
21520 22314
21526 32248
21536 32250
21551 22402
21561 22418
21567 5310
21576 22362
21581 32428
21585 22403
21593 22575
21606 22510
21611 22597
21618 22456
21622 32349
21627 22442
21628 22443
21629 22019
21630 22416
21634 22503
21649 32413
21652 4762
21666 32323
21675 22438
21689 4820
21703 22465
21707 4913
21711 32374
21720 22722
21724 32377
21725 22514
21775 32511
21776 22728
21792 22828
21823 22674
21824 22675
21828 32449
21846 22294
21852 22878
21863 22925
21884 32367
21885 32489
21891 22527
21919 22934
21920 23010
21946 22759
21948 5304
21951 22762
21992 23073
21997 22963
22006 32748
22034 23000
22040 22463
22042 22855
22048 23092
22049 23093
22052 32709
22055 32582
22069 32615
22093 22899
22098 22919
22102 32423
22119 32806
22143 23251
22155 23013
22163 32838
22179 22776
22214 22697
22244 23202
22245 23203
22272 22908
22286 23406
22297 23158
22321 23326
22326 23295
22327 23329
22357 32913
22363 6155
22368 23208
22378 23159
22387 23246
22409 23191
22455 23458
22472 6675
22476 23135
22495 23373
22524 33030
22547 23550
22548 23551
22564 23413
22593 23720
22599 23629
22612 23260
22614 23252
22643 23684
22645 23511
22651 23628
22666 23508
22680 23467
22692 23693
22705 23466
22709 23728
22732 23374
22733 23375
22765 33324
22777 23780
22794 23646
22796 33358
22797 33359
22832 23810
22835 23619
22840 23626
22843 33254
22850 7371
22851 7372
22877 33190
22993 24011
23004 23859
23005 23860
23028 23873
23030 24444
23031 24065
23044 24465
23059 24485
23076 24189
23086 24306
23099 33508
23116 23953
23142 23979
23155 24191
23168 24197
23181 24211
23199 23983
23215 23960
23246 33437
23250 33593
23260 24270
23268 24266
23269 24265
23271 24644
23291 24733
23293 23766
23294 23767
23303 24235
23306 40013
23310 24327
23322 24070
23335 33725
23379 24782
23400 23836
23466 24486
23470 24862
23477 8221
23484 34025
23489 24449
23498 33837
23502 23916
23547 24890
23549 24564
23617 24658
23623 24379
23653 25038
23654 24720
23662 24726
23663 24727
23697 8399
23704 9773
23714 8234
23715 24322
23717 24639
23757 24372
23760 25139
23768 24226
23771 24724
23821 25043
23839 24802
23857 33852
23951 9501
23960 25238
23971 24937
23983 25095
24048 25456
24057 10194
24087 10240
24111 25107
24112 25108
24152 25557
24167 34125
24171 25282
24172 25283
24196 25583
24220 10373
24228 25079
24241 25524
24259 25664
24267 25648
24268 25657
24315 10376
24317 25716
24332 25722
24333 25723
24342 25732
24373 25753
24398 25237
24427 25433
24428 25435
24531 25363
24551 25809
24555 25999
24595 11241
24601 25844
24607 25610
24608 25611
24661 25671
24664 25659
24673 26122
24676 25684
24698 25731
24701 25695
24702 25696
24711 25778
24742 25821
24756 26230
24818 10774
24845 26161
24879 11514
24888 25855
24917 25951
25004 26128
25017 26519
25051 26143
25075 26190
25134 26497
25161 25960
25168 26460
25171 26518
25198 26028
25296 25975
25304 25981
25339 11640
25344 26155
25357 26429
25360 26441
25386 11943
25439 26500
25468 26523
25469 26165
25493 34979
25498 26543
25499 26566
25500 26567
25544 26597
25587 26704
25588 26705
25596 26635
25629 26555
25632 12922
25633 26698
25645 26762
25661 26717
25706 35468
25707 35469
25710 26801
25743 26825
25744 26834
25779 27055
25786 13684
25800 13231
25801 26873
25802 26874
25823 26901
25825 26617
25855 26907
25887 35290
25890 27047
25958 27145
25996 27042
26033 27068
26063 27291
26064 26782
26068 27282
26085 26844
26088 14137
26097 26792
26132 27149
26158 27215
26159 27216
26178 27248
26190 13981
26211 13965
26227 27401
26257 27429
26321 27355
26364 27084
26370 13659
26373 27382
26380 27091
26391 14518
26405 27417
26408 27417
26423 27147
26442 14388
26443 14389
26448 27150
26449 27250
26459 27468
26474 14687
26482 27509
26494 27542
26504 27374
26558 27293
26676 15124
26679 27283
26739 27747
26747 27795
26775 15083
26776 15084
26804 14678
26805 14679
26811 15155
26813 15166
26814 15167
26815 27661
26829 27845
26841 3386
26850 27899
26858 27875
26864 27887
26873 15280
26892 27754
26905 14695
26910 28081
26923 27958
26938 28101
26940 27978
26941 27994
26948 28030
26964 28065
26971 15544
26984 28009
26990 28094
26999 27834
27007 27658
27008 27659
27058 28007
27059 28008
27060 15572
27064 28074
27077 36389
27083 36042
27101 28100
27104 28119
27108 27639
27110 26203
27117 28206
27120 28195
27131 15051
27153 27970
27166 15747
27194 28160
27195 28161
27197 15409
27224 15818
27245 28284
27269 36432
27288 28240
27319 28337
27328 15434
27371 28015
27384 28039
27400 27886
27425 16233
27426 28364
27432 28421
27441 28499
27443 28467
27446 28387
27447 28388
27448 28507
27455 16218
27456 16219
27460 28532
27466 36583
27497 36608
27499 36593
27500 28068
27518 16501
27522 28063
27536 28172
27538 28653
27553 28495
27564 28465
27570 16384
27587 28444
27589 28631
27599 28489
27603 28679
27669 28158
27688 16441
27696 36544
27724 28624
27725 28548
27731 36778
27738 28734
27762 28589
27779 16630
27798 28592
27805 16818
27823 28797
27842 17221
27862 28751
27867 16887
27871 16759
27889 28723
27916 16976
27932 16998
27935 16977
27956 16890
27970 17048
27983 16419
27984 16925
27986 17072
28008 17095
28018 36651
28051 16833
28058 17207
28080 17232
28090 17113
28102 28668
28131 16931
28133 28942
28146 28947
28217 17381
28268 17478
28340 29296
28347 29125
28349 28825
28400 29195
28407 17197
28413 29200
28414 29201
28425 29331
28442 28891
28460 17548
28553 29134
28567 29333
28579 28955
28588 29336
28592 29342
28618 37016
28639 18428
28715 18241
28788 18033
28821 29370
28841 29222
28861 29369
28862 29370
28868 29556
28897 18323
28908 29580
28909 29604
28922 29524
28927 29427
28931 29586
28941 29432
28943 29520
28957 18443
28964 29531
28980 29713
28985 29632
28990 29561
28993 18666
29033 29725
29034 29788
29036 18548
29037 18735
29042 29628
29052 29402
29061 29666
29082 29856
29104 18811
29112 29695
29113 29696
29114 18820
29129 29764
29130 29785
29137 18809
29139 29826
29170 29852
29175 18790
29176 29837
29182 29449
29187 29448
29233 29828
29253 29854
29293 29967
29296 29824
29297 29825
29304 29903
29321 29887
29333 29964
29339 29538
29358 30011
29366 29929
29389 29988
29400 19130
29411 18782
29415 19061
29416 19295
29462 19200
29467 30079
29469 29955
29472 18841
29473 18843
29497 30080
29510 30027
29530 30049
29567 29885
29618 29954
29745 29912
29902 199
29915 199
30194 30648
30234 38247
30236 30614
30246 20191
30288 38079
30303 38236
30333 30799
30334 30798
30338 38245
30347 30537
30360 38329
30367 38272
30372 30830
30388 38286
30392 30855
30398 30920
30435 30691
30437 30891
30438 30920
30477 38402
30494 38353
30495 38348
30520 30739
30531 31159
30535 30991
30543 31016
30554 31022
30555 31023
30559 38261
30568 31210
30578 38538
30579 31217
30581 30954
30611 38428
30614 31084
30624 41135
30661 38466
30680 38478
30694 31154
30722 31077
30735 38679
30762 31460
30798 31254
30813 38576
30827 31307
30828 38593
30829 31302
30830 31303
30866 31346
30867 31347
30911 31436
30927 31452
30932 31423
30956 38727
30969 31343
30995 31560
31028 31558
31033 31691
31071 31611
31076 31617
31078 38840
31079 38839
31085 38777
31092 31448
31107 38830
31153 38894
31168 38915
31172 38858
31182 38735
31206 38886
31222 31681
31230 31562
31236 38917
31259 38939
31274 31818
31280 31616
31284 38966
31307 31855
31308 31854
31310 39002
31311 39003
31347 31665
31362 31902
31383 31981
31402 39118
31429 39101
31430 39102
31433 39165
31434 31746
31443 32000
31445 32016
31446 32017
31449 32032
31452 31998
31461 32013
31488 39183
31497 39178
31506 39188
31515 32094
31535 32065
31550 32083
31556 32175
31564 32181
31571 39284
31577 39293
31578 39294
31618 32158
31619 32191
31672 39301
31679 39350
31680 39352
31697 32195
31705 32290
31721 39386
31733 39394
31741 22135
31787 32341
31803 32287
31814 39289
31823 32313
31829 32321
31834 32318
31836 32392
31837 32393
31840 32389
31841 32080
31855 32437
31856 32438
31866 39481
31871 32357
31879 32139
31901 39500
31902 39501
31908 32434
31909 32435
31915 39452
31923 39440
31924 39441
31931 32409
31938 39417
31944 32176
31945 32215
31947 39410
31974 39488
31976 39537
31988 32347
31997 22293
32024 32659
32025 32660
32039 39576
32052 32564
32077 32427
32082 32660
32093 32680
32094 32681
32113 32732
32114 32711
32125 32365
32141 39656
32145 32585
32152 32376
32159 32699
32161 32724
32194 39572
32216 39605
32224 39716
32240 32487
32248 39738
32249 32815
32254 32565
32273 39759
32282 32852
32312 32888
32333 32897
32349 32795
32357 39723
32361 32704
32363 32702
32385 39822
32390 32881
32410 33020
32438 33048
32451 32810
32456 39875
32478 32827
32480 32841
32507 32991
32511 33124
32538 33065
32539 33138
32551 33006
32582 33090
32586 40028
32601 33105
32616 32955
32638 39899
32639 39900
32670 33222
32672 33104
32691 33263
32712 33402
32723 33034
32730 33445
32748 33559
32774 33185
32776 33202
32792 33329
32796 40130
32799 33228
32801 33225
32840 33379
32847 33292
32854 33400
32871 33302
32897 33450
32910 33480
32916 33475
32933 33492
32940 40144
32948 33643
32973 33793
32991 33571
33003 33675
33024 24130
33037 24426
33073 33448
33126 33270
33160 33717
33165 33815
33199 33577
33200 33578
33211 34049
33212 33354
33230 40505
33237 33795
33242 34069
33261 33818
33289 33863
33298 33873
33299 33481
33315 33718
33318 33499
33322 34144
33341 34165
33361 34186
33364 33524
33370 33770
33432 33955
33433 33956
33445 40277
33452 34260
33472 34184
33476 33983
33481 34305
33493 33960
33494 33877
33503 33678
33517 34094
33518 34095
33529 24892
33540 34134
33548 24907
33557 33820
33563 34394
33576 34180
33578 33855
33593 34019
33629 34141
33676 34199
33687 34294
33701 34542
33702 34543
33713 34362
33729 34482
33771 34339
33772 34338
33773 34494
33774 34334
33793 34423
33799 34240
33826 34458
33839 34692
33843 34275
33848 34497
33863 34229
33867 34632
33919 34586
33982 34633
33992 34565
34000 25629
34007 34876
34012 34411
34020 34590
34030 26140
34057 34620
34109 35013
34116 40983
34117 26311
34139 25546
34142 34763
34147 35045
34165 34738
34166 35065
34179 25589
34203 34803
34232 26095
34256 25708
34268 34895
34279 34786
34280 34838
34292 34915
34306 34668
34315 35035
34368 34931
34387 35090
34415 34997
34432 35141
34449 35029
34454 26196
34501 25993
34503 35003
34517 26324
34526 35115
34537 35295
34561 35077
34583 35095
34584 35094
34587 34999
34621 26558
34650 35267
34728 35401
34743 35319
34764 35346
34774 35146
34796 35170
34802 35383
34816 35400
34817 35406
34833 35600
34837 35180
34844 35234
34865 26611
34869 35446
34891 35373
34895 35287
34897 35401
34899 35291
34900 35292
34903 35497
34926 35502
34953 35460
34967 35682
34972 35689
34979 35426
34994 35588
35009 35611
35011 41656
35040 35767
35047 35798
35051 35635
35058 35379
35060 35763
35067 27165
35079 35841
35080 35842
35081 35585
35082 35586
35086 35685
35097 35654
35098 35655
35119 35837
35183 35674
35188 35934
35190 35581
35204 35951
35209 35580
35210 35829
35213 35582
35245 35660
35254 35914
35263 35709
35266 27453
35279 35732
35303 27512
35333 35980
35335 36135
35339 35878
35340 27238
35352 35894
35358 36094
35361 35907
35376 36129
35386 36050
35428 36089
35441 35962
35455 35975
35461 27751
35473 27771
35478 36186
35484 36033
35508 36037
35514 27843
35519 35987
35541 36236
35595 27983
35604 27967
35630 36330
35631 36331
35640 36265
35641 36266
35645 36123
35688 36264
35700 36410
35701 36411
35712 27726
35722 36111
35723 36112
35731 36192
35740 27878
35743 36182
35752 36440
35755 36476
35757 36238
35763 36248
35772 36472
35778 36300
35781 36429
35797 36490
35803 28018
35805 36448
35828 36215
35839 36454
35841 36505
35842 36506
35843 36507
35886 36293
35894 36592
35925 36595
35927 36601
35934 36568
35938 28010
35947 24890
35968 36677
35970 36646
35977 36628
35980 36682
35982 36281
35983 36282
35992 36699
35995 28093
36012 36350
36027 36763
36034 36735
36040 36379
36046 28553
36052 36400
36057 36743
36096 36770
36098 36555
36102 28534
36150 36837
36151 36838
36153 36486
36162 36630
36165 36724
36166 36878
36185 36806
36198 28714
36207 36828
36226 36546
36229 36903
36231 28461
36232 28462
36236 36852
36243 36701
36259 36609
36266 36924
36346 36930
36355 28528
36360 28904
36362 36945
36401 28813
36420 37039
36429 36779
36430 36963
36488 42331
36495 29062
36519 36996
36535 37181
36536 37182
36539 37120
36545 37188
36563 37189
36577 37097
36596 28838
36642 37157
36652 37238
36712 29006
36742 37173
36744 37091
36767 29308
36768 29309
36780 37360
36797 42700
36828 29324
36845 37285
36846 37286
36849 37211
36854 37323
36856 37399
36860 29380
36890 37341
36892 37475
36902 37469
36904 29582
36921 29454
36924 37440
36930 37409
36944 37249
36948 37517
36963 29650
36965 37510
36970 37514
36971 37525
36972 37526
36988 37460
37013 37617
37025 37529
37026 29702
37027 37495
37035 37538
37045 37677
37046 37678
37052 37565
37053 37566
37082 37706
37083 37707
37094 37713
37108 37637
37111 29523
37148 29659
37159 37684
37169 37511
37179 37699
37182 37731
37187 30075
37194 29547
37199 37748
37206 29881
37210 37683
37214 29630
37215 29631
37218 30108
37230 37464
37238 37627
37247 29986
37248 30041
37249 37775
37255 37745
37263 37793
37293 37784
37305 30099
37311 37831
37314 37596
37342 30123
37388 37751
37454 30071
37466 37805
37472 37666
37489 37700
37490 37694
37496 19409
37544 30000
37545 30001
37601 37798
37852 30661
37855 43312
37857 38042
37880 38266
37887 38057
37897 38208
37903 38227
37923 38311
37932 38272
37933 43323
37941 43375
37953 38307
37954 38397
37961 38318
37980 38333
37981 38258
37995 38193
38001 38413
38004 38194
38011 38231
38065 38380
38066 31022
38074 43373
38076 38414
38084 38467
38093 38418
38102 38509
38111 38599
38114 38379
38130 43519
38131 43520
38135 43451
38142 43458
38148 38561
38149 43481
38206 38572
38212 38679
38228 38527
38232 38626
38251 38585
38253 38604
38257 43630
38266 38659
38292 38640
38293 43596
38295 31372
38318 38706
38323 43598
38342 38686
38346 38808
38362 38693
38370 38761
38380 38703
38383 38856
38404 38766
38405 38767
38425 31528
38431 43714
38432 43715
38446 43699
38452 38739
38463 43691
38472 38728
38473 38729
38486 43758
38498 43669
38514 43732
38515 38927
38517 38988
38519 38989
38522 38823
38527 38973
38528 38974
38548 38999
38551 38938
38556 38936
38557 38937
38558 43783
38562 43824
38563 43825
38564 39042
38583 38963
38586 31856
38587 31857
38607 43741
38608 43742
38614 43790
38625 39118
38627 39159
38628 39103
38629 39104
38644 43836
38690 39017
38692 39212
38705 31847
38707 39204
38708 39188
38710 39201
38717 39235
38733 39227
38740 39222
38751 39252
38779 43928
38790 39280
38831 43999
38832 44000
38833 39347
38835 39333
38843 39354
38857 39366
38863 39331
38865 39339
38889 39397
38890 39398
38897 39358
38904 39404
38908 39409
38916 43997
38921 39431
38925 44021
38926 39399
38939 39261
38944 39403
38945 44007
38947 39371
38948 39372
38950 39432
38961 39276
38965 44030
38967 44118
38970 39469
38973 39451
38974 39452
38985 44099
38989 39488
38996 39499
39002 39545
39010 39462
39036 44193
39038 39487
39039 39587
39040 44197
39045 44167
39059 39437
39071 39629
39078 39627
39090 39596
39091 39597
39106 39549
39109 39684
39113 39573
39129 39572
39134 44237
39169 39738
39176 39688
39191 44338
39209 39646
39217 44186
39227 39747
39233 39593
39235 44330
39247 39729
39268 39796
39279 39756
39290 44382
39322 39788
39338 39719
39342 39885
39352 39824
39357 39901
39367 39800
39372 39977
39379 39755
39380 39754
39382 39751
39403 39774
39410 40030
39413 39791
39436 39969
39448 39880
39451 39918
39502 40103
39503 40187
39504 40188
39505 40039
39506 39867
39508 40118
39509 40119
39510 44578
39517 39936
39522 40070
39528 39982
39537 33233
39554 40083
39574 40068
39584 40282
39588 40047
39589 40048
39615 40144
39635 40074
39665 40356
39670 40315
39672 40089
39673 40375
39689 44645
39703 40126
39711 40243
39715 39991
39739 40004
39747 40149
39762 40451
39763 40452
39766 44571
39768 40299
39783 40215
39784 40476
39808 44625
39820 40505
39825 40214
39852 40302
39858 40173
39864 40544
39869 40123
39874 40561
39878 40399
39883 40410
39898 40592
39909 40606
39917 40433
39921 44892
39924 40311
39931 44719
39932 40319
39934 40403
39941 40459
39946 40648
39956 40477
39959 40277
39960 40278
39980 40668
39981 40669
39988 44932
39991 40303
39998 40685
40004 40402
40027 40502
40036 40441
40044 44878
40047 34389
40048 40727
40076 44989
40090 34043
40126 44937
40133 40645
40135 40831
40143 40830
40145 40564
40156 40853
40157 40854
40158 40855
40167 40586
40170 40600
40175 40708
40200 40525
40205 40766
40206 40767
40209 40629
40211 40746
40212 40752
40214 40859
40220 40929
40222 40765
40225 40782
40226 40783
40232 40919
40254 45065
40311 40698
40312 40699
40320 40890
40321 40759
40325 34384
40349 40921
40353 40873
40354 40874
40355 40878
40356 40879
40372 40893
40416 40914
40423 34520
40445 34910
40448 40991
40465 34727
40513 45227
40515 45213
40517 40899
40532 45230
40533 45231
40535 41127
40536 41128
40545 40913
40553 45242
40559 40934
40568 41113
40597 45279
40603 41151
40604 35135
40613 41168
40615 41093
40681 41148
40721 41248
40722 45214
40737 41186
40740 41072
40748 45373
40783 41346
40795 45294
40799 41317
40808 41172
40815 41255
40823 41341
40845 41387
40867 45472
40890 45342
40931 41297
40943 41450
40946 41462
40947 41309
40954 41348
40969 41478
40970 41479
40971 35187
40981 35254
40986 41492
41001 41375
41008 41376
41009 41506
41024 41382
41033 41524
41055 41540
41069 41555
41077 41632
41078 41400
41091 41572
41097 45613
41112 41655
41116 41591
41120 35793
41128 35430
41129 35431
41138 41610
41153 41618
41157 35654
41158 35655
41207 35776
41208 35777
41210 41671
41214 41535
41215 41536
41224 41546
41228 35961
41236 41542
41237 41543
41240 41560
41243 41558
41247 41556
41248 41557
41259 41569
41260 41570
41266 45734
41278 35929
41287 41751
41289 41612
41297 41757
41306 35955
41310 41778
41336 41855
41337 41805
41358 35787
41371 41870
41380 41678
41381 41754
41397 41892
41402 36089
41421 35975
41422 36126
41450 36024
41455 41745
41460 41832
41462 36793
41463 36195
41475 41831
41482 36087
41485 36223
41512 41747
41524 41958
41534 41894
41545 36265
41546 36266
41567 42037
41577 41934
41589 42027
41609 36221
41625 41932
41643 41911
41658 42123
41673 42132
41700 36320
41702 42190
41710 42138
41714 42217
41715 46109
41716 46094
41717 36639
41749 42285
41751 42011
41752 42012
41761 42269
41796 42246
41805 42294
41807 42136
41816 42304
41818 36430
41826 42234
41829 36672
41834 36745
41835 36690
41836 49039
41846 42292
41853 36724
41856 36858
41872 42349
41873 36818
41874 36819
41882 42161
41883 42284
41890 42283
41891 42343
41930 42326
41933 46244
41951 42457
41969 42398
41975 36649
41976 36650
41984 37090
41996 42240
41997 42241
42004 42378
42013 36927
42026 42371
42027 42372
42061 42475
42080 37135
42100 36953
42102 37210
42104 37105
42105 37106
42107 42380
42110 42488
42112 37318
42114 42577
42117 36931
42126 42595
42181 42637
42190 42578
42198 42674
42200 42647
42212 42445
42213 42559
42216 37042
42222 42666
42228 42486
42235 37444
42238 42566
42239 42567
42241 42568
42242 42569
42243 42570
42246 42472
42247 37229
42250 42655
42280 42607
42309 37369
42330 42545
42331 42546
42333 42722
42341 42694
42371 37278
42376 37354
42392 42662
42393 42663
42394 42806
42411 37495
42419 42895
42442 42832
42464 42891
42473 37454
42482 42883
42494 42890
42495 37468
42498 37396
42506 42918
42512 37675
42513 37676
42520 42774
42524 42949
42525 42751
42531 37450
42542 37749
42550 42964
42554 42830
42555 37729
42557 42973
42563 42838
42567 37793
42589 37770
42591 42971
42605 42977
42616 42773
42634 43015
42635 43005
42641 37625
42683 42921
42705 42937
42720 37700
42721 42996
42730 37808
42752 37829
42987 46915
43001 43318
43007 43325
43014 46896
43018 43322
43020 43327
43031 43343
43032 43344
43054 47011
43059 46947
43067 46959
43077 43387
43078 46993
43093 46974
43118 43397
43125 43428
43129 43424
43153 43443
43156 43552
43158 43468
43160 43536
43167 43472
43184 47125
43197 47070
43206 47066
43209 38451
43215 47115
43238 47126
43246 43505
43263 43654
43271 43615
43287 47138
43303 43637
43306 47142
43311 47152
43321 47174
43355 43729
43357 47245
43359 43739
43362 47202
43366 43735
43368 43694
43374 43776
43381 43753
43389 43764
43396 43781
43399 43718
43401 47271
43418 43762
43424 47235
43430 43709
43436 43807
43443 1976
43445 43804
43446 43801
43447 43802
43449 47274
43452 43778
43453 39227
43460 43736
43462 43742
43468 43784
43477 43861
43478 47298
43479 47311
43481 47313
43482 43841
43512 47316
43518 47331
43523 43944
43524 43896
43533 47392
43554 43912
43563 39284
43575 47420
43586 43980
43592 43992
43597 47433
43619 47465
43620 47466
43629 47430
43633 47435
43638 43974
43643 47476
43644 43977
43645 43978
43648 47477
43654 43969
43655 47446
43662 43961
43667 47459
43668 47460
43676 44022
43679 43986
43732 43914
43733 43915
43734 44017
43738 47524
43739 44031
43746 44066
43758 44147
43760 47561
43764 47518
43765 44126
43767 44057
43770 47402
43775 43945
43785 44110
43788 44155
43791 44109
43792 43949
43798 44125
43802 44135
43805 44032
43807 44086
43821 39556
43822 47604
43832 47583
43838 44133
43839 44134
43841 44210
43842 44229
43860 44200
43863 44149
43879 47487
43880 47488
43891 44180
43908 44127
43910 44236
43914 44287
43918 44198
43924 44204
43925 44222
43926 44092
43928 47692
43936 44324
43941 44282
43951 47675
43958 44293
43959 44307
43960 44336
43961 44314
43977 44316
43981 44332
43998 44298
44001 44351
44016 44374
44017 44375
44018 47693
44019 44403
44031 44358
44039 44367
44042 44377
44048 44426
44050 44387
44051 44388
44052 44401
44059 44391
44071 47749
44080 47783
44088 44508
44092 44425
44095 44575
44112 44531
44115 44484
44127 47809
44128 47867
44130 44431
44131 44456
44134 44563
44140 44505
44147 44511
44153 47781
44155 44457
44156 44458
44157 47919
44161 44520
44162 44521
44168 44525
44177 44540
44178 44541
44184 47825
44193 44501
44207 44512
44220 44637
44223 47827
44237 44524
44249 44561
44251 44610
44255 44533
44265 44500
44278 44557
44280 44756
44285 44760
44313 44782
44324 44553
44334 44627
44350 44522
44353 44814
44376 47923
44380 44593
44382 44835
44392 44749
44403 44851
44404 44852
44409 47979
44413 44579
44417 44765
44421 44859
44431 44776
44432 44777
44435 44745
44436 44739
44447 44876
44451 44602
44453 48017
44454 44754
44457 40235
44466 44890
44489 44635
44491 44690
44493 44917
44506 44667
44507 44800
44509 48041
44521 44807
44533 44908
44538 44855
44556 44880
44557 44985
44561 44843
44569 44993
44571 44849
44576 48086
44577 45001
44580 44898
44581 45005
44588 45009
44589 44969
44598 44913
44600 45021
44611 44935
44612 45040
44617 44929
44619 44897
44641 45014
44642 45015
44644 48213
44645 45061
44653 40852
44654 44950
44659 44882
44660 44956
44661 44994
44669 40612
44685 44853
44691 45000
44699 45011
44706 44988
44714 44941
44720 45030
44724 45039
44738 44930
44753 45088
44758 41003
44759 48147
44762 45237
44765 45051
44769 40763
44772 40905
44776 40858
44777 45114
44779 45080
44782 44984
44793 45149
44796 40926
44806 41081
44814 45223
44828 45263
44835 45185
44872 45218
44914 45116
44920 45120
44922 45260
44945 48281
44959 45296
44966 45222
44975 45234
45011 45414
45012 45415
45014 45337
45015 45259
45050 45375
45055 45381
45080 45407
45081 45416
45090 45357
45121 41307
45124 45472
45125 45473
45142 45488
45160 41267
45163 45346
45169 45385
45170 45386
45171 45377
45183 45458
45190 45401
45193 45474
45205 45419
45212 45565
45217 45585
45243 45555
45262 45538
45271 41426
45280 45643
45292 45591
45294 45588
45311 45595
45312 45596
45320 45521
45321 45489
45327 45491
45352 45675
45358 45712
45365 45694
45400 41539
45405 45650
45412 45708
45413 45716
45430 41710
45432 41716
45438 45718
45442 45634
45449 45627
45450 45628
45453 45737
45469 45779
45470 45780
45474 45755
45482 45791
45487 45654
45489 45793
45492 45772
45494 45632
45496 41771
45504 45668
45505 45656
45516 41686
45524 45820
45528 41753
45545 45855
45546 45856
45551 45807
45556 41787
45575 45819
45580 45875
45581 45876
45585 45828
45594 48746
45598 45910
45602 45826
45603 45827
45608 48800
45609 41737
45612 45754
45615 45851
45619 45939
45620 45921
45626 45861
45632 41948
45635 45951
45636 45950
45641 48830
45646 45944
45664 45814
45674 41829
45679 45889
45682 45835
45692 48859
45695 45982
45703 42068
45718 45953
45721 45865
45726 45891
45740 42002
45742 45948
45743 45949
45749 45909
45752 46054
45761 42139
45767 48803
45771 45936
45776 42109
45777 46079
45781 42164
45783 45975
45784 46042
45785 41949
45786 46068
45790 46066
45794 48984
45800 42150
45807 46106
45808 46107
45811 46090
45812 46110
45813 46111
45821 46007
45825 46087
45828 45990
45837 46162
45838 46163
45846 45987
45848 46181
45849 46186
45860 46148
45861 46184
45866 42250
45868 46195
45869 49025
45870 46191
45871 46192
45886 42250
45887 46085
45901 46047
45902 42251
45916 42275
45917 42332
45921 46218
45924 46067
45925 46161
45937 42184
45938 42185
45940 46212
45942 42287
45959 46113
45961 46056
45969 46283
45981 46246
45988 46165
46002 46317
46027 46209
46028 46289
46038 46278
46050 46335
46070 42571
46081 46292
46084 36307
46089 46305
46108 46409
46110 46330
46113 46410
46125 42499
46127 46390
46130 42502
46141 42403
46143 42514
46149 42584
46167 46465
46183 42718
46198 46408
46200 46506
46217 46493
46226 46364
46227 46382
46235 46475
46238 42512
46245 46377
46265 42701
46270 46538
46274 46538
46284 42615
46301 42635
46311 42713
46312 42714
46313 42709
46315 42752
46320 46571
46325 42733
46336 46536
46359 46611
46361 46498
46363 46597
46369 46595
46370 49341
46376 46593
46377 46594
46378 46637
46390 46638
46397 42689
46399 46645
46404 46622
46405 46623
46406 46509
46408 42947
46411 46513
46412 46708
46414 46697
46415 46705
46420 46715
46421 46532
46426 46674
46427 42981
46432 46728
46436 46673
46445 42935
46467 46575
46468 42846
46470 46579
46471 42966
46472 42967
46495 46723
46496 46724
46504 46665
46510 42873
46549 42900
46555 42898
46584 46701
46616 46672
46758 46836
46764 46890
46778 46917
46780 46951
46782 46923
46784 49589
46789 46872
46797 49526
46805 46949
46809 46921
46835 46963
46858 47094
46860 47050
46870 47020
46873 47021
46884 43449
46894 47088
46927 49676
46941 49681
46953 47163
46956 47121
46961 49721
46962 49730
46963 47119
46976 47152
46977 49713
46980 47210
47002 47185
47008 49736
47013 47203
47023 47225
47025 49758
47031 47222
47037 43776
47055 47241
47077 47267
47081 49794
47082 49795
47084 47238
47090 47282
47094 47246
47095 47286
47097 47279
47113 47295
47118 47234
47131 49843
47132 47324
47138 47342
47146 47337
47149 47323
47152 47363
47155 47366
47165 47374
47169 47335
47172 47293
47180 47378
47188 47414
47195 49865
47205 43960
47211 43951
47215 47410
47221 837
47234 47444
47239 49892
47243 47484
47244 47485
47251 47349
47254 49920
47260 47368
47277 47482
47278 47483
47279 47513
47288 49930
47292 49956
47294 47566
47295 47409
47316 47517
47317 47560
47320 47609
47321 47511
47332 47575
47335 47596
47336 49990
47339 49989
47343 47540
47344 47544
47363 47625
47384 47602
47390 47631
47395 50003
47401 47558
47409 47654
47431 47665
47433 47698
47444 50043
47445 47705
47446 47706
47447 47726
47452 47677
47460 47676
47461 47719
47463 47720
47465 47640
47480 47707
47503 47691
47508 47686
47509 47722
47514 47812
47521 47802
47525 47801
47532 50157
47533 50158
47535 50135
47540 50116
47541 47763
47553 47791
47555 47746
47556 47747
47562 47808
47567 47927
47574 47858
47583 47822
47608 47839
47609 47833
47610 47883
47611 47831
47612 47832
47617 47893
47660 47989
47661 47793
47674 47891
47682 50309
47687 48021
47688 48026
47690 47847
47701 47936
47708 48038
47712 47912
47735 48052
47737 48056
47739 47938
47746 47983
47747 47984
47749 48063
47751 48067
47754 47899
47755 47900
47757 47929
47762 48082
47772 48093
47782 48100
47789 48012
47807 48049
47817 50326
47834 48150
47838 48071
47839 48072
47842 48085
47844 48086
47846 48090
47849 48040
47855 48098
47862 48180
47867 48107
47877 48163
47878 44857
47886 48123
47889 48130
47890 48134
47893 48136
47895 48135
47900 48240
47901 48157
47902 48158
47903 48073
47904 48170
47905 48172
47907 48092
47914 48159
47923 48228
47929 48207
47941 48104
47942 48106
47947 48204
47967 48146
47970 48185
47977 48326
47981 48243
47985 48244
47994 48229
47996 45067
47999 48231
48000 48232
48001 48305
48003 48267
48019 48350
48058 48303
48070 48315
48071 48316
48090 48304
48125 48351
48137 45208
48139 48369
48140 48458
48153 48393
48185 48445
48200 48507
48207 45391
48217 45325
48221 48410
48226 48529
48239 48407
48247 48503
48285 48450
48289 48551
48291 48509
48305 48522
48306 48462
48317 48479
48329 48568
48337 48546
48342 48544
48361 45610
48370 48627
48374 48652
48381 48663
48391 48554
48401 48549
48402 48631
48411 48698
48413 48550
48417 48655
48430 48599
48433 48664
48434 48723
48435 45703
48440 45706
48441 45707
48446 48687
48448 48611
48450 48681
48474 48636
48475 48711
48481 48718
48486 45705
48489 48722
48491 45711
48494 45641
48497 45799
48498 45781
48502 48737
48507 45796
48516 48660
48517 48661
48525 48693
48526 48761
48532 45702
48555 48753
48559 48795
48579 48852
48588 48807
48590 45877
48592 46013
48593 48877
48599 46023
48604 48788
48605 48789
48609 48907
48623 45929
48624 45930
48626 48784
48629 45940
48635 50884
48647 45927
48651 48910
48664 48840
48686 48996
48690 46137
48691 46138
48694 46178
48696 48977
48697 48978
48703 48967
48704 49001
48709 49028
48721 48879
48737 46142
48738 46179
48739 46180
48740 48919
48742 48985
48753 49022
48754 51009
48756 46040
48758 49077
48769 46086
48770 49013
48775 48959
48781 48923
48782 46182
48795 48993
48799 46224
48810 51041
48824 49063
48825 49064
48826 46158
48828 49015
48829 49016
48833 46302
48857 49078
48859 46271
48863 49033
48865 49057
48870 49138
48871 46411
48889 49130
48915 46424
48924 49205
48929 46321
48932 46469
48941 46402
48944 49174
48945 46320
48949 49198
48955 49197
48957 46422
48975 46364
48980 51098
48990 46455
48998 46407
49010 49243
49018 46499
49045 26386
49055 46478
49062 49328
49068 49334
49071 46626
49073 46592
49074 49340
49077 49214
49087 46585
49089 49250
49094 49359
49097 49239
49101 49368
49105 49369
49110 49277
49114 49252
49118 49383
49122 46535
49124 46682
49125 46683
49128 49388
49129 49280
49132 49374
49134 46688
49135 46730
49139 46733
49141 49283
49144 42903
49158 49281
49159 49282
49164 49378
49167 46723
49191 46616
49192 46659
49198 46693
49201 49319
49221 49361
49250 46703
49252 49372
49361 51364
49362 51365
49365 49546
49368 49545
49377 49569
49386 51360
49405 51372
49406 51373
49417 49639
49423 51406
49428 51402
49441 49631
49448 51425
49450 49684
49470 49660
49471 51440
49481 49675
49491 49688
49496 49742
49498 49700
49500 49737
49538 51479
49540 49782
49544 51491
49547 51493
49562 51510
49569 49794
49573 49785
49574 49762
49581 49788
49588 51533
49590 51534
49596 47317
49600 49823
49601 49824
49610 49822
49612 49837
49614 49842
49617 49793
49625 51563
49633 49850
49636 51568
49644 49815
49663 49874
49675 49898
49676 51587
49680 49900
49681 49888
49687 49892
49709 49920
49718 51621
49723 49869
49725 49917
49731 49937
49746 49877
49752 49947
49758 51648
49766 49960
49768 49959
49770 49963
49775 49922
49797 50009
49817 50037
49821 51719
49822 49993
49824 49995
49826 51729
49829 51722
49836 50015
49839 50055
49840 50087
49842 50052
49850 50093
49851 50069
49858 47722
49862 51768
49865 50120
49870 50096
49872 50085
49877 50132
49878 50139
49912 50174
49916 51764
49925 50182
49944 50170
49945 50171
49948 50159
49950 50270
49965 47898
49966 50289
49968 50189
49970 50179
49989 50192
49990 50302
49991 50303
49999 50322
50008 51890
50009 50165
50013 50333
50016 50191
50020 50194
50021 50223
50025 50178
50026 50340
50027 50286
50028 50287
50035 50349
50037 50357
50038 50186
50056 50298
50060 50240
50065 50218
50066 50219
50069 50325
50072 50257
50077 50384
50078 50385
50079 50386
50088 51881
50091 50401
50099 50359
50104 50418
50107 48039
50108 50423
50109 50425
50114 51883
50115 51912
50117 50371
50118 50372
50119 51917
50126 50380
50134 50438
50148 50451
50149 50452
50150 50449
50153 48092
50154 50411
50155 50412
50164 50434
50167 50486
50168 48129
50172 50428
50182 50429
50189 48223
50192 50483
50196 50398
50219 48350
50235 50500
50236 50515
50263 50468
50267 50534
50286 50551
50290 50544
50293 50558
50297 50570
50323 53016
50334 50554
50340 50559
50354 50557
50373 50611
50388 50678
50406 48478
50426 50647
50427 50648
50453 50656
50468 50673
50482 50680
50483 50681
50493 50725
50498 50758
50499 50759
50517 50780
50538 50771
50547 48691
50552 48638
50557 50730
50567 48673
50572 48792
50580 50755
50589 50796
50611 50864
50616 50868
50617 50775
50624 50844
50625 50845
50626 48843
50636 50879
50648 50821
50649 50822
50654 52279
50666 50905
50679 48937
50686 50930
50691 50862
50702 48932
50714 50955
50715 50956
50721 50903
50723 50953
50729 50990
50736 49052
50737 49053
50738 50902
50742 51018
50744 50909
50751 49006
50753 50983
50754 50997
50761 51029
50762 51030
50766 50941
50769 48947
50782 51014
50784 49059
50794 49082
50796 49021
50799 51046
50803 49063
50804 49064
50807 50995
50817 51001
50820 51024
50830 51032
50848 51045
50869 51071
50871 49149
50874 51076
50875 51077
50877 49135
50879 49168
50887 51031
50888 51074
50889 49107
50893 51078
50897 51091
50898 49203
50915 49181
50932 51086
50934 51095
50937 49234
50969 51126
50971 51145
50972 51153
50973 51154
50975 51146
50978 51083
50989 51189
50991 51151
50992 51152
50993 51178
50994 51172
50996 51107
50997 51157
51002 51116
51012 51176
51013 51207
51015 51224
51023 49279
51035 51206
51038 49343
51042 51226
51045 49362
51048 49275
51049 49278
51061 49375
51063 51169
51097 51209
51118 51208
51202 52599
51203 51339
51204 51352
51209 51348
51210 51312
51218 51346
51219 51347
51220 52602
51224 51370
51226 51359
51229 51390
51238 51367
51247 52610
51249 51393
51255 52606
51261 51379
51263 51409
51266 51394
51269 51421
51275 51404
51282 52633
51283 51411
51285 49691
51292 51442
51310 51463
51335 49740
51339 52659
51346 52671
51359 52684
51360 52667
51363 52686
51367 51511
51369 51487
51373 51495
51374 51524
51376 51532
51382 51545
51388 51557
51407 51575
51408 51572
51415 51595
51416 51583
51418 51581
51419 51539
51429 51594
51444 51620
51445 52739
51446 52740
51447 51623
51454 51633
51457 51637
51460 51613
51463 52727
51468 51641
51472 51644
51473 51656
51474 51654
51476 51646
51478 51642
51481 51657
51485 51668
51488 51700
51498 51693
51505 51705
51521 50034
51522 52775
51523 52776
51525 52798
51536 51741
51543 50104
51547 51744
51559 51769
51563 51750
51565 51793
51569 51786
51573 51757
51579 51771
51580 52860
51590 51749
51598 51805
51604 50141
51617 51797
51618 51798
51619 51799
51630 51839
51641 51816
51649 50304
51669 51872
51670 51858
51679 51893
51680 51943
51691 51907
51693 51957
51695 51921
51705 51928
51709 51984
51710 51942
51715 51936
51720 51981
51724 51987
51726 51923
51732 51973
51734 51933
51735 51934
51741 51962
51745 51980
51757 52017
51758 51951
51761 52022
51779 52012
51785 50504
51791 52028
51793 52053
51794 52054
51812 52039
51814 50618
51818 52087
51830 50593
51852 50599
51857 50603
51862 50597
51870 53029
51872 52102
51874 52084
51877 52066
51887 52094
51899 52145
51900 52088
51914 52141
51915 52143
51922 52108
51924 52146
51925 52173
51952 52134
51958 50737
51959 50743
51960 50779
51961 50751
51966 50788
51968 50735
51970 50749
51993 52195
51998 52182
51999 52227
52001 52192
52006 50833
52009 52239
52021 50865
52039 52272
52040 52266
52051 50907
52057 52275
52061 52300
52063 52273
52064 52274
52070 52244
52079 52289
52080 52249
52081 50911
52082 50954
52083 52250
52084 53166
52093 52328
52095 50950
52098 52325
52108 52321
52114 52356
52115 52357
52117 52334
52122 52287
52124 52285
52125 52286
52129 50925
52130 50962
52135 52370
52136 51039
52137 52336
52143 52345
52144 52332
52147 52322
52166 51068
52169 50981
52170 51061
52176 52381
52177 52379
52184 51064
52185 51065
52191 52378
52197 52371
52199 52399
52200 52400
52201 51081
52211 52422
52214 52413
52217 52384
52223 52423
52253 52458
52255 51165
52256 51155
52259 52477
52262 53328
52265 51156
52266 52457
52273 51218
52276 52467
52279 51224
52285 52499
52294 52475
52296 52438
52297 52440
52298 52495
52301 51161
52308 51198
52319 52473
52323 51174
52326 52478
52335 51196
52340 52484
52350 52489
52418 52574
52420 52607
52423 53390
52436 52618
52444 52621
52445 52615
52446 52625
52451 53413
52458 53421
52479 53423
52480 52653
52488 51512
52489 51513
52496 52675
52498 52668
52506 52690
52507 52692
52508 52676
52509 52697
52510 52702
52515 52709
52516 53446
52518 53447
52521 52698
52524 52714
52543 52725
52545 53471
52546 53472
52562 52720
52564 52726
52565 52750
52568 52758
52582 53498
52597 52775
52598 52776
52601 52780
52602 52781
52605 52795
52611 53528
52627 52815
52630 52806
52637 52817
52649 53547
52653 52809
52654 52832
52667 52862
52676 52900
52677 52865
52693 52896
52702 52915
52709 52894
52710 52924
52726 53617
52727 52917
52737 52916
52743 52944
52744 52932
52748 52933
52766 52965
52778 52001
52779 52984
52780 52027
52802 52988
52807 52997
52820 53013
52826 53022
52854 52071
52855 52072
52864 53021
52879 53084
52885 52158
52886 52159
52892 52135
52906 53065
52907 53078
52918 53086
52920 53077
52924 52203
52931 53092
52933 53115
52941 53107
52942 52211
52946 52216
52950 52190
52962 52213
52963 52214
52964 52260
52965 52261
52975 52220
52976 53121
52977 52265
52979 53161
52983 52246
52984 52247
52987 53164
52990 53777
53000 53796
53003 53137
53008 53190
53010 53142
53013 53173
53018 53150
53020 53198
53021 53145
53022 53194
53030 52339
53031 53207
53032 53208
53033 53214
53038 53196
53043 53176
53044 53225
53050 53217
53053 53233
53064 52364
53066 52362
53070 52377
53072 53243
53073 53244
53078 53253
53079 52382
53091 53269
53092 52416
53093 52418
53095 53250
53116 52417
53122 53314
53130 53327
53133 53330
53134 53331
53135 53326
53137 53322
53148 53325
53157 52462
53229 53387
53233 53376
53235 53922
53245 53413
53246 53405
53259 53933
53283 53950
53289 53954
53292 53451
53300 53961
53301 53460
53307 53461
53319 53972
53320 53973
53323 53977
53332 53474
53335 53487
53345 53492
53351 52787
53355 53515
53362 53506
53366 53528
53368 53522
53369 53545
53381 53536
53386 52832
53387 53529
53391 53571
53398 52862
53407 54017
53410 53575
53413 53561
53415 53567
53422 53603
53424 53586
53428 53615
53430 53589
53431 53617
53433 53599
53438 53609
53441 53602
53447 53612
53458 53620
53464 53632
53483 53661
53492 53667
53497 53006
53499 54088
53511 53706
53525 53719
53544 53733
53554 53093
53557 53731
53561 53735
53568 54155
53577 53776
53584 53754
53587 53783
53588 53787
53591 53784
53594 53794
53600 53799
53611 53195
53613 53182
53614 53808
53620 53216
53622 53201
53624 53798
53625 53229
53632 53811
53640 53846
53642 53820
53643 53258
53646 53843
53650 53272
53653 53849
53657 53279
53661 53848
53665 53860
53676 53873
53677 53877
53684 53874
53685 53854
53691 53862
53695 53863
53708 53332
53731 53919
53747 54239
53752 54248
53763 54256
53764 54262
53767 53964
53774 53976
53782 53979
53783 53990
53784 53481
53794 53512
53801 53991
53809 54006
53813 54005
53819 54025
53826 54029
53830 54041
53831 26007
53840 54037
53841 54038
53842 54031
53843 54032
53849 53606
53856 54049
53864 53626
53872 54067
53885 54069
53886 53679
53895 54074
53896 54087
53898 53664
53902 54077
53910 53681
53916 54103
53924 54113
53928 54100
53929 54101
53930 53720
53931 54108
53936 54120
53938 54112
53941 54110
53942 54125
53946 54107
53948 53707
53950 54118
53958 54130
53960 53736
53965 54143
53966 54151
53969 54144
53977 53750
53978 53786
53981 53782
53983 53792
53988 54156
53991 53813
53994 54169
53998 54162
53999 54178
54008 53825
54011 53831
54015 54180
54027 53858
54046 54206
54047 54207
54066 54452
54068 54456
54073 54238
54074 54243
54086 54470
54087 54471
54089 54257
54096 54261
54097 54274
54098 54265
54099 54266
54101 54275
54102 54478
54103 54479
54104 54263
54105 54264
54115 54284
54119 54492
54125 54294
54129 54290
54134 54306
54135 54307
54144 54315
54145 54316
54148 54325
54156 54326
54161 54330
54166 54336
54168 54343
54175 54341
54178 54347
54185 54351
54187 54082
54192 54074
54193 54530
54194 54531
54212 54104
54222 54367
54227 54134
54233 54375
54235 54146
54245 54154
54247 54167
54249 54401
54256 54418
54259 53838
54260 54186
54262 54182
54264 54181
54267 54416
54268 54188
54273 54201
54275 54432
54277 54426
54278 54427
54303 54451
54305 54457
54306 54460
54308 54459
54317 54468
54321 54601
54326 54476
54329 54482
54338 54496
54339 54497
54348 54509
54353 54512
54371 54362
54374 54368
54375 54533
54378 54541
54380 54538
54381 54539
54383 54547
54384 54394
54386 54553
54387 54554
54388 54556
54389 54395
54401 54560
54403 54418
54405 54566
54407 54570
54408 54567
54416 54424
54438 54588
54440 54590
54442 54592
54444 54598
54445 54600
54447 54603
54449 54604
54453 54611
54454 54610
54462 54620
54463 54619
54468 54622
54470 54513
54474 54511
54475 54631
54477 54514
54478 54635
54479 54636
54480 54523
54481 54638
54486 54640
54489 54649
54490 54648
54492 54535
54495 54543
54504 54726
54506 54559
54511 54562
54512 54563
54513 54569
54517 54568
54520 54571
54528 54687
54532 54695
54551 54707
54554 54633
54559 54713
54562 54714
54563 54715
54565 54645
54566 54716
54567 54717
54573 54652
54575 54659
54576 54725
54578 54662
54579 54727
54584 54670
54585 54671
54586 54730
54588 54675
54599 54745
54601 54748
54602 54747
54605 54751
54610 54755
54614 54761
54618 54762
54623 54767
54627 54773
54628 54775
54629 54776
54630 54771
54633 54720
54634 54721
54637 54733
54638 54735
54654 54824
54659 54790
54662 54792
54663 54793
54665 54796
54666 54800
54668 54805
54671 54808
54672 54774
54673 54807
54675 54777
54676 54778
54689 54826
54691 54829
54693 54830
54694 54801
54695 54802
54700 54834
54701 54835
54703 54836
54711 54845
54713 54846
54714 54847
54715 54843
54716 54848
