3295
62 19832
74 1569
173 2153
272 2294
281 2353
297 1704
342 2463
353 2123
359 20339
368 1528
399 20362
400 20363
420 30896
430 20388
433 20380
454 20100
469 1289
474 20112
477 1997
478 1998
549 1882
555 2619
641 2734
681 2656
702 2320
723 2870
762 2914
852 2546
883 2574
884 20737
942 2233
957 2916
959 2655
960 2656
1011 2762
1013 20455
1059 3011
1167 2389
1173 20546
1179 2408
1206 2992
1207 2993
1213 20580
1218 2454
1229 20801
1339 2585
1423 3952
1424 3953
1481 3238
1543 3441
1577 3364
1579 3508
1585 3466
1616 3458
1617 3459
1628 3518
1668 3564
1674 21350
1693 3582
1714 4056
1729 21386
1736 18838
1927 21506
1934 21335
1963 21401
1990 21376
2017 21396
2018 21397
2048 3616
2061 4378
2070 3636
2078 3962
2110 3933
2118 21448
2128 21162
2157 5135
2169 4061
2180 4145
2187 4072
2227 21516
2262 4155
2360 4763
2361 4764
2376 21615
2489 4493
2848 22013
2865 4810
2876 21976
2940 21968
3063 4984
3084 5317
3213 5191
3232 5390
3267 5543
3290 5435
3299 22226
3331 5476
3393 5534
3425 5645
3447 5677
3457 22421
3467 5795
3471 5508
3501 5625
3528 5871
3539 22422
3540 22423
3656 5862
3657 5863
3683 22544
3686 5674
3783 22608
3827 6047
3828 22315
3943 6373
3980 22629
3981 22770
3989 6069
4022 6112
4091 22836
4107 6337
4128 22855
4219 6000
4273 22868
4307 6400
4320 22999
4365 22697
4511 23002
4559 6805
4572 6618
4598 6262
4639 6680
4690 6978
4787 6765
4796 6906
4842 6800
4847 23277
4890 6107
4893 6878
4913 22865
4962 23322
5000 7252
5045 7090
5078 6501
5120 6630
5139 7187
5140 7188
5161 6750
5167 6746
5173 23114
5176 6455
5203 7206
5256 6825
5279 6800
5282 7306
5304 6555
5306 7295
5327 6884
5360 7301
5397 23167
5398 23168
5427 7412
5435 7439
5457 6983
5491 23217
5514 7098
5551 23308
5597 7846
5599 7193
5610 7140
5611 7141
5626 23318
5646 7913
5702 6083
5727 23660
5745 7018
5746 7360
5756 7814
5758 7823
5849 7142
5983 23969
6048 8202
6074 24000
6155 23615
6201 8177
6229 8471
6260 23919
6277 8138
6380 8179
6383 8700
6420 8729
6446 8299
6471 8638
6481 24087
6516 8568
6603 8241
6614 8790
6633 8645
6647 8825
6675 24202
6676 8707
6765 24399
6791 8796
6819 8834
6824 8932
6869 9082
6870 9083
6887 9075
6910 8943
6944 24478
6986 8987
7013 8886
7014 8887
7042 24337
7084 9193
7090 9263
7117 9111
7167 9332
7191 9104
7209 9368
7264 9423
7395 9552
7408 9518
7416 9568
7512 24512
7550 24774
7614 8958
7651 9294
7694 9768
7858 9480
7864 9804
7865 9805
7872 9936
7917 9976
7918 9977
7926 24979
7954 10361
7962 24990
7997 9820
8036 25061
8116 25071
8117 25072
8119 9663
8127 10155
8160 9710
8192 10501
8219 10234
8231 21773
8249 10260
8307 10021
8348 25030
8417 11234
8420 11169
8456 10232
8471 10458
8636 10350
8663 10373
8787 25463
8866 10531
8870 21892
8893 10258
8958 10848
9008 10919
9062 25348
9078 11013
9092 10461
9093 10462
9115 10486
9148 11054
9203 11100
9318 10892
9328 10840
9435 11283
9450 12100
9554 11422
9692 11583
9715 12365
9716 12366
9748 25949
9791 12509
9829 11370
9858 11728
9938 11799
10065 11958
10081 25954
10089 11686
10090 11687
10111 26182
10123 12699
10155 12860
10233 11841
10240 12699
10241 12700
10290 12267
10294 12991
10327 11933
10341 11943
10364 13015
10376 12350
10410 13073
10434 11994
10446 12410
10448 12412
10482 12450
10483 12451
10508 12105
10584 13198
10647 26892
10657 12236
10675 12269
10701 12701
10790 12766
10839 12414
10967 12756
10993 13610
11006 12772
11013 13213
11015 26517
11050 12439
11051 12440
11089 13246
11182 13560
11251 13674
11280 13524
11294 13363
11317 13376
11350 12885
11381 12928
11382 12929
11593 13474
11744 14386
11745 14388
11760 14399
11761 13541
11765 27016
11774 14390
11791 13532
11808 13552
11961 13788
11968 13181
11977 13672
11984 13382
12040 13695
12071 27226
12113 13882
12121 13883
12287 14156
12546 27419
12755 14340
12756 27886
12785 14520
12793 14450
12813 14486
12827 14488
12828 14528
12895 14558
12923 14590
12967 14628
12981 14693
12982 14694
12984 15125
13011 14748
13049 14422
13050 14423
13064 14816
13114 28095
13146 14909
13235 14843
13243 14831
13251 14895
13318 14706
13341 14959
13372 14935
13373 14936
13499 28022
13531 15774
13614 15041
13627 15071
13744 15481
13776 15019
13949 15412
13950 13541
14051 28313
14097 15853
14098 15854
14180 15525
14188 16066
14224 15547
14309 15617
14341 15876
14388 15870
14389 15871
14409 36544
14411 15843
14439 15915
14476 15383
14619 15943
14738 16193
14748 16194
14780 16105
14852 15694
14865 16566
14908 16507
14976 16373
15013 16640
15043 16309
15060 16477
15065 16383
15102 16688
15124 16730
15126 16414
15260 16582
15265 16817
15266 16818
15286 16559
15287 16811
15323 16686
15340 16688
15352 16907
15384 16088
15385 16089
15446 16872
15457 16705
15500 16771
15555 16922
15557 16470
15572 16900
15615 16989
15626 16955
15628 16970
15629 16971
15637 16865
15638 16866
15818 17026
15837 16571
15912 17172
15914 16586
15916 17474
15920 16592
15942 29154
15971 17451
16035 17329
16093 17387
16094 17388
16111 17367
16115 17307
16120 17306
16123 17389
16153 17454
16267 17453
16287 17536
16399 29326
16414 17822
16450 17694
16555 17211
16570 17836
16623 17715
16768 17844
16793 17753
16794 17754
16823 17636
16826 18172
16849 17471
16859 29527
16877 17497
16889 18066
16925 17958
16931 17843
17083 17718
17092 17950
17136 18268
17160 18234
17161 18235
17218 18115
17272 17917
17386 18546
17391 18658
17454 29928
17470 18647
17532 18545
17556 18491
17576 17775
17694 18675
17719 18340
17738 18337
17788 18940
17835 18834
17836 18985
17868 18495
17888 18781
17915 18543
17958 18504
17959 18505
17966 18843
17988 18844
18351 19065
18352 19066
18818 18948
19532 30548
19552 19835
19553 19836
19590 31035
19609 30947
19656 30965
19699 30885
19727 4910
19736 20240
19743 31036
19765 20570
19798 20279
19814 31068
19857 31039
19872 20156
19879 20220
19906 31284
19912 20520
19933 20613
19967 20649
20014 31188
20016 31016
20017 20831
20026 2540
20093 20379
20101 20666
20111 20798
20116 20745
20136 42606
20143 20440
20149 20725
20191 38409
20205 31321
20220 20560
20221 20561
20238 20524
20270 20943
20292 31193
20293 31194
20297 21299
20298 20971
20316 31427
20387 31479
20467 21540
20544 31622
20562 3487
20569 31605
20600 31679
20604 21227
20662 31708
20663 31709
20729 21421
20733 31760
20747 21436
20749 21433
20785 21470
20792 21574
20794 31807
20814 21549
20817 31874
20823 31895
20851 32059
20893 21661
20942 21949
20968 21690
20973 31969
21003 31987
21005 31988
21016 21727
21030 32008
21037 21827
21053 32009
21073 32044
21082 21802
21099 32069
21101 21926
21182 32212
21195 21976
21251 21999
21314 22118
21315 22119
21321 32149
21343 22273
21350 22236
21368 32330
21409 4942
21433 22040
21439 22271
21440 22272
21464 22091
21465 22092
21473 32415
21482 32426
21483 32427
21507 22395
21518 32504
21523 22318
21559 22396
21562 22358
21574 32595
21575 32559
21597 22457
21626 22573
21659 22509
21752 22740
21756 22734
21825 22806
21829 22826
21833 22791
21878 22805
21893 22922
21902 22679
21908 22681
21914 22835
21933 22713
21959 22892
21964 22898
21982 23034
22000 22971
22032 22742
22056 23124
22147 6659
22161 33078
22163 23089
22218 22780
22242 23289
22245 33136
22253 22810
22264 23338
22265 23333
22267 23201
22274 23194
22324 23288
22362 7092
22365 23312
22376 23328
22384 23265
22389 33255
22402 33183
22403 23349
22414 23355
22416 23337
22467 23440
22487 23540
22493 23366
22494 23367
22503 23479
22508 23380
22522 33277
22542 33198
22552 23271
22565 23455
22570 33145
22580 33306
22581 33307
22583 33403
22588 23547
22638 23353
22684 23385
22701 23775
22759 23589
22773 23743
22775 23657
22776 23417
22804 23634
22812 23630
22815 33529
22865 33519
22874 7496
22880 23715
22881 23716
22883 23947
22889 23696
22894 23726
22905 23386
22907 23707
22938 33565
22949 23970
22958 23768
22992 24039
23000 23938
23013 33510
23036 24099
23075 23946
23084 23910
23085 23911
23092 24167
23130 23936
23159 23965
23183 33818
23191 23996
23209 24288
23210 24289
23212 23866
23252 23899
23260 23916
23265 33668
23268 24148
23323 23988
23324 23989
23326 8877
23331 24417
23345 8826
23369 24248
23374 24052
23382 24275
23391 24340
23394 24260
23406 33960
23477 24122
23500 24379
23511 24413
23526 24574
23534 24219
23542 24610
23550 24571
23551 24572
23556 24218
23559 24613
23586 9346
23596 24484
23598 24583
23619 24425
23628 24608
23647 34061
23654 24591
23668 24323
23669 24324
23671 24544
23672 24545
23698 24666
23741 24612
23778 24824
23780 24720
23804 24606
23819 24509
23857 24800
23873 24737
23891 34373
23926 24882
23973 24797
24011 24950
24063 25001
24065 25054
24070 24835
24080 24565
24081 9262
24093 24916
24110 25067
24111 25068
24133 34314
24145 25073
24158 25020
24191 25127
24197 25121
24222 34322
24265 34478
24266 34479
24270 25217
24319 25047
24327 34526
24377 24997
24378 24998
24465 11477
24486 34658
24488 25140
24546 10487
24595 25525
24614 34524
24658 25571
24669 25693
24670 25694
24704 34621
24724 25373
24740 25456
24751 26053
24753 25412
24760 25424
24835 26116
24841 25552
24890 12049
24953 25821
24954 25822
24974 25828
24994 26292
25045 25960
25090 11666
25106 25805
25108 25967
25193 12628
25278 11532
25336 26233
25337 26181
25353 26267
25412 26338
25422 26021
25456 13097
25459 26569
25470 26359
25480 26084
25486 12530
25539 26238
25545 35213
25556 26914
25557 26915
25584 26919
25589 12136
25595 13126
25606 26294
25610 26355
25611 26356
25622 26970
25624 26333
25629 26372
25630 26373
25648 26996
25654 12835
25659 26404
25664 27028
25698 26831
25704 26662
25716 13611
25722 27076
25723 27077
25732 13662
25739 13681
25784 26932
25796 26571
25809 26969
25829 26730
25830 26731
25937 13941
25960 13047
25991 26965
26006 26691
26039 27530
26122 27559
26140 27566
26143 27086
26174 27188
26190 13757
26196 27093
26248 26856
26310 27262
26321 27327
26371 27291
26445 27375
26447 35787
26460 27661
26489 27401
26497 14804
26500 27428
26518 27793
26519 15082
26567 27533
26597 27555
26611 27354
26613 14878
26622 27276
26636 27580
26664 15072
26717 27633
26781 27791
26785 27696
26786 27697
26822 14835
26834 27794
26847 27718
26901 14945
26902 27810
26912 27719
26931 15488
26975 28003
27072 15098
27128 27944
27141 28056
27156 28069
27161 15598
27224 28363
27241 36547
27251 28408
27259 15257
27266 15159
27276 15663
27282 28336
27293 15188
27311 28077
27404 15583
27408 16181
27434 28411
27453 15903
27490 28571
27507 15930
27509 15931
27512 28449
27542 28461
27550 28129
27596 16243
27616 16093
27639 15509
27655 15953
27675 15671
27726 15787
27736 28626
27751 28751
27771 28774
27795 28663
27805 28850
27806 28851
27824 28918
27877 28909
27878 16225
27885 28452
27886 28453
27887 28727
27899 28893
27924 29011
27926 28601
27971 16829
27978 16814
27993 16619
28008 16693
28010 28551
28015 28646
28030 28896
28063 28600
28065 28923
28074 28988
28075 29034
28101 29095
28107 16828
28119 16988
28141 29000
28142 29001
28172 28822
28174 29116
28194 29001
28197 17023
28210 28960
28248 17408
28284 29155
28288 37099
28301 29181
28302 29182
28349 17256
28367 29215
28421 29248
28428 29289
28429 29290
28430 37274
28440 29278
28441 42560
28461 29083
28462 29084
28465 17608
28483 17507
28496 29366
28503 29359
28514 29360
28524 17084
28525 17085
28534 17600
28548 17681
28593 29480
28609 29426
28628 29332
28631 29490
28640 17971
28646 17813
28648 17714
28652 17662
28665 29534
28732 29556
28766 18306
28767 18275
28773 29671
28790 29665
28804 29364
28813 29473
28824 18018
28825 17760
28849 29394
28880 17852
28891 29427
28931 18601
28942 18376
28955 29464
28980 18615
28997 29908
29005 18708
29006 18032
29044 18811
29060 29574
29062 18562
29111 29705
29112 29706
29194 18943
29195 18944
29209 18529
29220 18547
29247 29806
29259 29942
29301 29989
29309 30019
29324 18887
29448 18702
29468 29955
29547 29977
29589 19008
29749 20756
30247 38263
30276 30948
30301 43457
30302 30937
30330 30895
30380 31053
30424 31056
30438 31168
30450 31082
30463 31096
30483 31294
30495 31084
30520 30955
30525 31165
30528 31166
30566 31183
30571 31459
30587 31082
30601 31212
30630 31289
30641 31256
30647 31354
30650 31369
30651 20789
30653 38533
30664 31316
30684 31295
30708 38824
30710 31132
30722 31189
30778 38696
30785 31401
30787 38731
30827 31475
30837 31268
30855 31516
30868 31523
30917 31545
30956 38838
30963 38818
30986 38881
30990 31756
31016 31718
31022 31723
31025 38896
31070 38944
31076 38926
31083 31780
31128 38952
31136 31881
31217 39157
31262 31983
31272 39202
31324 32043
31336 32066
31346 39119
31392 31887
31452 32214
31545 39278
31557 32392
31560 32396
31562 32193
31587 32367
31612 32395
31617 32503
31620 39318
31638 32487
31649 32492
31666 22138
31695 32551
31728 39485
31729 39486
31736 32627
31758 32657
31771 40803
31815 39507
31823 32536
31836 39587
31838 39496
31839 39516
31885 32643
31886 32644
31902 39648
31905 32776
31938 32757
31960 32872
31961 39586
31985 22977
31987 39657
31998 32890
32017 22873
32099 32924
32116 39792
32125 32958
32126 39797
32158 32992
32163 32970
32174 32828
32181 39826
32184 33117
32215 32771
32246 23249
32294 33252
32340 39907
32341 33226
32356 33159
32357 33168
32363 33176
32365 32930
32374 23354
32377 33182
32379 33048
32396 33254
32406 39971
32408 32977
32421 33370
32427 33130
32428 33385
32429 33386
32434 33329
32435 33330
32477 33282
32485 33161
32522 40031
32582 33396
32590 23727
32592 40131
32594 33406
32604 33428
32606 40108
32615 23741
32631 33595
32634 33626
32657 40146
32668 33359
32678 33469
32685 33594
32687 33376
32688 33377
32698 33602
32699 33603
32707 33540
32709 33556
32732 33726
32748 33743
32782 33757
32788 33613
32803 33478
32810 33480
32823 33765
32828 33511
32838 33840
32841 33528
32842 24093
32862 33734
32880 33823
32881 33758
32955 40201
32960 33854
32961 33855
32968 33851
32969 33852
32979 33709
32980 33710
32990 33862
32991 33863
32995 34011
33012 33964
33044 33921
33065 33944
33067 34001
33083 33983
33089 33948
33090 33951
33104 33913
33138 34069
33145 34008
33178 34048
33190 34054
33202 40440
33209 34042
33239 34299
33258 34274
33259 34275
33263 34219
33302 34033
33321 34166
33322 34167
33358 34404
33359 34405
33384 40667
33395 34173
33417 34190
33448 34207
33450 34364
33464 34233
33467 34253
33475 34351
33487 34535
33491 34379
33492 34380
33496 34553
33497 34554
33499 34051
33522 34434
33536 34290
33537 34291
33559 34803
33593 25198
33598 34158
33609 34169
33681 34430
33683 34925
33717 34632
33795 34719
33807 34639
33820 25212
33854 34519
33855 34520
33904 34587
33928 35166
33931 34839
33938 34847
33952 34861
33959 34814
33999 34920
34010 35219
34014 26171
34017 34741
34022 34905
34050 40907
34116 35312
34125 34883
34165 35377
34174 35137
34175 35054
34181 35209
34186 35393
34204 35088
34229 34890
34233 35196
34260 35444
34305 35510
34317 26612
34319 35269
34336 35212
34338 35073
34356 35230
34370 26515
34389 35561
34406 35311
34409 35164
34411 35082
34420 35283
34423 26382
34481 35502
34482 35503
34522 35378
34542 35698
34543 35699
34550 35707
34553 35287
34590 35424
34609 27013
34617 35463
34631 35498
34632 35702
34638 27053
34649 35523
34673 35841
34692 27151
34727 26766
34729 35630
34744 26560
34771 27056
34775 35559
34776 35560
34779 35557
34855 35789
34876 27542
34918 36118
34980 36179
34981 36180
35003 27190
35004 35940
35050 36082
35063 35763
35077 27295
35090 27623
35115 36012
35141 27675
35142 27676
35143 36049
35171 36021
35176 22512
35201 36082
35220 36095
35246 36335
35250 27590
35265 36086
35267 36168
35290 27424
35291 36051
35292 36052
35302 36195
35334 36231
35335 36232
35339 36196
35371 27696
35376 36135
35381 36279
35383 36243
35400 36271
35401 36357
35405 36173
35410 27702
35430 36169
35431 36170
35469 36408
35494 36346
35502 36355
35526 41988
35556 36403
35565 36379
35566 36380
35580 36295
35581 27805
35585 27945
35588 36413
35607 36357
35611 36439
35626 36500
35651 28018
35654 27984
35655 27985
35664 28171
35682 36613
35685 36510
35689 28360
35759 28100
35767 36702
35798 36773
35820 36787
35836 36678
35841 36809
35859 31971
35900 28232
35922 36668
35923 36843
35929 36728
35951 36855
35962 28354
35970 36743
35971 36744
35975 36697
35987 36642
35995 36914
36003 28540
36024 36736
36033 28474
36037 15942
36041 36607
36042 36611
36046 36963
36057 36703
36066 36802
36082 36680
36087 36816
36095 28554
36111 28381
36126 28766
36129 28836
36130 36765
36131 36766
36148 28784
36149 28785
36158 36686
36162 36696
36185 36945
36195 28849
36215 36754
36221 28569
36223 28887
36244 36847
36264 36987
36265 28858
36266 28859
36279 28805
36291 37040
36320 36936
36341 37189
36354 42251
36381 37136
36401 29110
36407 37242
36419 37252
36426 37190
36429 29145
36431 37273
36440 37203
36454 29144
36458 37278
36465 37243
36473 37259
36490 37245
36510 37258
36514 37160
36527 37303
36566 37336
36580 29027
36583 37332
36592 37364
36593 37379
36595 37344
36604 29327
36605 29328
36607 37377
36608 37378
36614 29316
36628 29405
36630 37308
36631 37309
36659 37430
36681 37441
36682 37431
36690 37405
36697 37506
36701 29298
36709 29410
36711 37362
36712 42603
36713 29505
36714 29506
36739 42671
36746 37532
36761 29561
36766 37415
36773 37559
36777 37516
36778 37517
36812 37614
36813 37615
36837 29640
36838 29641
36852 29621
36878 37789
36887 29389
36893 29540
36907 37636
36910 37645
36914 29798
36921 37454
36926 29753
36935 37571
36966 37709
36996 37652
37005 29909
37009 37744
37014 29754
37079 29956
37097 29843
37110 37651
37114 37658
37123 37764
37141 37668
37146 29762
37173 37791
37176 37866
37177 37702
37251 30063
37294 29800
37341 30061
37379 37931
37867 43303
37893 38369
37910 38426
37923 38385
37924 38386
37933 43340
37968 43360
37994 38497
38005 43287
38011 43429
38012 43364
38013 38563
38080 43522
38087 43354
38103 38543
38127 38741
38158 43495
38172 38533
38173 43546
38199 38660
38228 43549
38237 38714
38245 38710
38247 38787
38262 38691
38263 43576
38272 38726
38307 43603
38319 38753
38359 43661
38380 43686
38387 43655
38389 31707
38395 43696
38397 43770
38399 31718
38401 43710
38402 43711
38421 43720
38422 38907
38428 38916
38443 38926
38460 43737
38466 38949
38477 38961
38478 38962
38521 39033
38531 39014
38563 39045
38566 43903
38576 39062
38577 39202
38584 31916
38585 43810
38586 43833
38604 43811
38614 39089
38679 43990
38685 43894
38686 43893
38703 39199
38705 43950
38729 39144
38737 43991
38748 39313
38753 43959
38767 39332
38772 44006
38777 39290
38788 39224
38823 39256
38839 39404
38840 39405
38845 39411
38862 39448
38881 39440
38882 39397
38886 39395
38900 39462
38912 39475
38915 39506
38917 39428
38921 39321
38926 39436
38927 44066
38937 39417
38939 39442
38960 39426
38961 39431
38963 39433
38966 44094
38971 44115
38973 44140
38974 44141
38975 39527
38988 39571
38989 32692
38999 44160
39000 44161
39023 39587
39026 39594
39042 39624
39058 39627
39067 44197
39071 39538
39076 39537
39101 39643
39102 39644
39110 44194
39113 44212
39121 39671
39136 39586
39178 39674
39188 39701
39211 39493
39219 44199
39227 32916
39249 44274
39265 44328
39284 39845
39285 39846
39314 39834
39331 39753
39339 39851
39352 39935
39358 39890
39365 44414
39366 39940
39372 39859
39379 39896
39386 39974
39397 39987
39412 39760
39417 39920
39431 40004
39438 39861
39456 39991
39463 39962
39466 39960
39489 40031
39497 39901
39500 40077
39501 40078
39502 40079
39505 39828
39507 39929
39522 40096
39523 40097
39524 40084
39569 33418
39572 40052
39575 40161
39576 40162
39580 40154
39586 40069
39588 40177
39589 40073
39593 39986
39597 40130
39599 39996
39605 40103
39622 44547
39627 40215
39643 44576
39646 40105
39656 40230
39678 33610
39702 40231
39716 40300
39719 44535
39723 40209
39756 40242
39774 40164
39789 40270
39791 40193
39796 40336
39797 40337
39800 40258
39849 44694
39856 40397
39867 40263
39886 40267
39887 40339
39899 40374
39900 40375
39910 40389
39913 40441
39914 40442
39920 40448
39939 40392
39969 40511
39996 40393
40007 40485
40028 40617
40066 40524
40067 44918
40070 40590
40076 40597
40081 40672
40082 40601
40083 44877
40117 40630
40135 40631
40139 40650
40144 40640
40149 44863
40158 34306
40171 40734
40187 40899
40188 40900
40214 40619
40215 40647
40219 40612
40243 40739
40274 40764
40278 40611
40282 40997
40296 40863
40303 40637
40334 40915
40339 40823
40400 40718
40410 40901
40427 40880
40452 41105
40459 40942
40460 40943
40462 40852
40476 41128
40477 40957
40478 40873
40498 40869
40505 41153
40523 45171
40554 45161
40557 41189
40558 41190
40561 41195
40606 41238
40616 40934
40623 35407
40624 35408
40629 40992
40647 35134
40668 41282
40669 41283
40680 41149
40685 41295
40698 41006
40699 41007
40707 41145
40708 41146
40728 41181
40745 41060
40767 41213
40783 41229
40801 41424
40830 41459
40859 41410
40905 41342
40916 41446
40921 41356
40929 41540
40934 41231
40954 35876
40956 41252
40986 41405
40993 41419
41099 41518
41105 41507
41168 35902
41174 35940
41214 36144
41215 41514
41246 41647
41248 41648
41270 36037
41294 41679
41307 36027
41317 41694
41336 41571
41346 41728
41357 36335
41375 36020
41387 36185
41412 45793
41414 41796
41435 45812
41445 41819
41462 45840
41463 41695
41475 41856
41478 41842
41479 41843
41506 36353
41535 36208
41540 41883
41542 41784
41543 41785
41555 41894
41556 41793
41557 41794
41558 36269
41561 45972
41563 9437
41565 36412
41575 41928
41591 41945
41598 45999
41599 41978
41600 42043
41612 41867
41618 42012
41657 42087
41665 42130
41741 36843
41742 36719
41757 36750
41823 42078
41824 46180
41829 42058
41831 42153
41870 42343
41892 42369
41911 42121
41915 42282
41932 42188
41949 42160
41976 36883
41990 42197
42002 42355
42009 36895
42037 42430
42045 42434
42051 42341
42061 37165
42081 37244
42084 42409
42094 37299
42097 42471
42114 42490
42123 37341
42134 42505
42136 42453
42139 42553
42150 42533
42152 42523
42153 42524
42161 37152
42164 42574
42171 37352
42181 42556
42184 37213
42185 37214
42190 42573
42193 42624
42206 37429
42238 42526
42241 37177
42285 42730
42287 42637
42289 46579
42297 37462
42309 42613
42315 37626
42316 42705
42326 37504
42331 37404
42343 42747
42371 37583
42373 37703
42375 42815
42378 42731
42380 42642
42406 37509
42414 42759
42416 42660
42464 37734
42470 37782
42472 37635
42474 42824
42475 42825
42488 46668
42501 37611
42514 37822
42515 37823
42519 37640
42538 42756
42552 42881
42562 42934
42564 37727
42583 37876
42634 42879
42647 42945
42649 37892
42663 42889
43093 47054
43102 43318
43109 46936
43113 43320
43114 43323
43115 43476
43118 43400
43137 43413
43138 46998
43145 47020
43157 46976
43166 43521
43179 47040
43185 47097
43200 43465
43224 47132
43240 43618
43257 38633
43281 47181
43301 47165
43312 43632
43316 43584
43322 43594
43338 49868
43344 43612
43363 51604
43387 47228
43392 43577
43424 47264
43428 43703
43443 43733
43451 43735
43458 47291
43472 47304
43497 43732
43499 47325
43523 43786
43533 43789
43542 43803
43543 43804
43596 43856
43598 43858
43607 47404
43624 43882
43627 43924
43635 43904
43654 39406
43669 43887
43671 43996
43672 43997
43698 44000
43699 44001
43700 43993
43714 44052
43715 44053
43724 44025
43729 44058
43754 44095
43764 44092
43772 44132
43778 44074
43782 44015
43783 44107
43791 44175
43799 44124
43803 44146
43813 47613
43829 44100
43832 44190
43838 44225
43877 44260
43879 47633
43880 44234
43900 44282
43904 44199
43905 44262
43918 44295
43928 44286
43934 44293
43952 44337
43993 44342
43999 44399
44000 44400
44005 44411
44014 44386
44015 47774
44021 44382
44028 44379
44029 44380
44031 44350
44037 44406
44049 44326
44066 44433
44086 44409
44109 44471
44114 44449
44118 44513
44126 47831
44127 44372
44128 44373
44132 44454
44133 39997
44134 39998
44147 44523
44155 44539
44163 44476
44171 44483
44179 44482
44199 44494
44210 47912
44220 44581
44236 44574
44252 40158
44292 44566
44293 44632
44298 44601
44299 44657
44312 44617
44316 44642
44354 44678
44363 44697
44367 44648
44375 44713
44379 44684
44380 44722
44381 44746
44382 44693
44387 44676
44388 44677
44391 44671
44400 44683
44401 44696
44425 44724
44438 44778
44449 44792
44476 44828
44490 44811
44499 44739
44501 44805
44506 48099
44508 44893
44516 44903
44524 44815
44531 48191
44534 48118
44537 44779
44545 44731
44567 44949
44579 44762
44593 44829
44609 44926
44610 44932
44611 40532
44625 44884
44626 44936
44628 45084
44634 48179
44636 40920
44642 48160
44646 44900
44647 44901
44651 44924
44664 48192
44668 45136
44677 44983
44696 44951
44712 44970
44719 40740
44734 40826
44747 44946
44754 44979
44761 45217
44765 45067
44777 40902
44796 45105
44819 45134
44843 45150
44844 45156
44850 45090
44852 45320
44859 45318
44876 45348
44879 45355
44887 41227
44888 45220
44889 45221
44895 41049
44912 45231
44913 45270
44915 48448
44919 45237
44922 48459
44928 45246
44929 45247
44930 45146
44932 45423
44933 45424
44934 45425
44935 45275
44941 45182
44949 48490
44950 45277
44960 45301
44968 41194
44969 45418
44971 41335
44979 45311
44981 45296
44983 45344
44985 45482
44988 45238
44993 45488
45002 45324
45005 45507
45010 41236
45011 45365
45021 45516
45039 45408
45040 45541
45041 45287
45048 45411
45049 48576
45060 45427
45067 41260
45080 45354
45081 41314
45084 45345
45095 45555
45099 45567
45114 45464
45116 45364
45156 35652
45205 45546
45211 45546
45214 45446
45218 45582
45223 45653
45224 45654
45227 45583
45228 41619
45230 41489
45231 41490
45262 45617
45270 45623
45286 41496
45302 45644
45314 45649
45346 45615
45365 45685
45373 41669
45377 45643
45381 45729
45387 45624
45391 45734
45401 45670
45407 45749
45424 45783
45425 45782
45472 45823
45473 45824
45484 45841
45485 45842
45488 45850
45496 45795
45500 45739
45509 45895
45519 45911
45548 45928
45556 45938
45565 45958
45608 45874
45610 45957
45611 46011
45631 41865
45636 45915
45670 46126
45675 46033
45698 42004
45702 45948
45703 46068
45704 46085
45705 46006
45706 46071
45707 46070
45711 46014
45712 46131
45715 42097
45718 46079
45721 46069
45722 42183
45726 36705
45740 46104
45760 42100
45772 46144
45779 46118
45780 46119
45781 46151
45782 46155
45789 46135
45792 46054
45796 46166
45817 46161
45819 46146
45826 42142
45827 42143
45829 46196
45874 46291
45898 42308
45900 46109
45910 46268
45922 46262
45927 49063
45930 46199
45936 42187
45939 46275
45948 46227
45950 46295
45952 46296
45975 42289
45987 46233
45989 42414
45990 46260
45996 46350
45999 42428
46005 46348
46007 46306
46012 46363
46016 42335
46023 46420
46040 46303
46044 46305
46045 42426
46054 42543
46061 46430
46062 46431
46068 42542
46079 49279
46081 46335
46085 46403
46087 42559
46093 46475
46094 46460
46109 42628
46110 42565
46111 42566
46115 46490
46117 46479
46118 46480
46131 42592
46133 46511
46135 42641
46139 42659
46155 46545
46156 46546
46159 46444
46162 46554
46165 46473
46186 46574
46191 46555
46192 46556
46208 42587
46225 46604
46226 46605
46260 46655
46261 42627
46279 42761
46280 46537
46282 46632
46296 49413
46305 46631
46316 42854
46317 42855
46328 46661
46341 49468
46364 46622
46365 49389
46382 42779
46387 46650
46397 46718
46407 46651
46412 42765
46422 46710
46434 46723
46495 46750
46509 42887
46513 42886
46519 46703
46535 46717
46540 42921
46551 46728
46680 18838
46741 49601
46763 46967
46767 49633
46774 46916
46777 49716
46778 49717
46798 47018
46799 47019
46802 46996
46805 49657
46806 49658
46809 46955
46812 47015
46817 47028
46865 47137
46872 47029
46917 47185
46921 47178
46947 47208
46950 49822
46955 47319
46969 47177
46994 49920
46995 49921
47015 47281
47020 49874
47021 49880
47023 47274
47054 47326
47070 47345
47084 47360
47088 47363
47113 47368
47119 47374
47126 47403
47137 49956
47139 49982
47142 49973
47149 50012
47156 47445
47162 49995
47163 47493
47175 47479
47196 50038
47203 47511
47243 50063
47265 50084
47267 47588
47274 47557
47282 50102
47286 47603
47292 50087
47293 47520
47297 47570
47311 47637
47313 47641
47316 47622
47323 47623
47326 47607
47331 47635
47347 50145
47360 50127
47374 47685
47381 47692
47392 47697
47404 47710
47420 47727
47430 47709
47431 47712
47440 47716
47444 47717
47446 47718
47459 47740
47460 47741
47469 47766
47475 47777
47477 47751
47482 47739
47483 47738
47484 50230
47500 47776
47518 47791
47519 47816
47520 47817
47524 47812
47527 47807
47529 47809
47548 50214
47562 47865
47572 47875
47581 47824
47582 47825
47604 47890
47605 47775
47607 47898
47625 47918
47630 47929
47631 47908
47644 47916
47677 47932
47683 47983
47686 47887
47691 47891
47705 47971
47707 47954
47726 48034
47746 47942
47748 47944
47749 48025
47772 48028
47780 48062
47781 48031
47783 48083
47802 50440
47809 44819
47819 48101
47825 48040
47836 48125
47844 48136
47845 50480
47847 48008
47852 48133
47858 48146
47867 48204
47873 52092
47874 48170
47883 48169
47889 48227
47893 48177
47896 48143
47905 48124
47906 48123
47926 50492
47938 48187
47943 48368
47948 48365
47961 48254
47966 48257
47979 48223
47984 48229
47990 48407
47998 48263
48015 48340
48021 48456
48026 48464
48038 48476
48052 48483
48054 48387
48056 48501
48072 48422
48077 48378
48082 48531
48086 50656
48093 48548
48100 48561
48101 48562
48105 48352
48107 48462
48108 48434
48114 48575
48115 48457
48121 48474
48122 48475
48123 48465
48125 50691
48130 48491
48132 45396
48146 48431
48156 48496
48159 48512
48160 48523
48161 48527
48171 48550
48172 48551
48185 45323
48187 45330
48223 45435
48229 48516
48240 48674
48244 45455
48263 50763
48303 45540
48306 48686
48315 48654
48316 48655
48317 45448
48323 48753
48335 48603
48341 48688
48351 48657
48372 48632
48376 48631
48385 45636
48423 45661
48424 45662
48425 45663
48432 48704
48434 48768
48435 48708
48443 48725
48445 48782
48450 45637
48452 48780
48458 48872
48459 48873
48462 48727
48465 45888
48478 45697
48489 48824
48512 48866
48522 48836
48532 48850
48534 48798
48537 45758
48546 48858
48550 48817
48551 48910
48552 48909
48554 45801
48555 48907
48568 48898
48579 48857
48589 45834
48599 45864
48616 48976
48631 46021
48655 49001
48659 48968
48660 48947
48664 49012
48700 46051
48706 46073
48710 46137
48711 46110
48722 49048
48725 46154
48736 46175
48739 49043
48744 49083
48745 49041
48753 46138
48756 49085
48786 49036
48788 46149
48789 46150
48795 46276
48803 49054
48807 46234
48808 46300
48812 46326
48840 49109
48855 49203
48859 49190
48861 46343
48865 49193
48868 49154
48874 46278
48876 49215
48880 49142
48885 46269
48887 49155
48892 49260
48899 49235
48900 49152
48901 49161
48910 46391
48914 49247
48915 46446
48919 49178
48923 49166
48932 49267
48937 49294
48944 49280
48947 49213
48952 49306
48955 49257
48958 49268
48962 49232
48974 46507
48978 46521
48983 49346
48984 49347
48985 46483
49006 49313
49015 46467
49025 46588
49036 46637
49039 49382
49048 46541
49053 49408
49064 46584
49077 49421
49078 51265
49079 51266
49082 46618
49084 49324
49115 49400
49124 46640
49130 49429
49137 49389
49139 46688
49150 46693
49174 46701
49176 46662
49182 46713
49183 49477
49203 42973
49205 49488
49214 46664
49217 49435
49239 46691
49250 49489
49252 49471
49409 49601
49438 49644
49444 51501
49447 51503
49450 43291
49458 49651
49460 49729
49466 49686
49469 49679
49486 47070
49488 49725
49490 51532
49492 49699
49502 49713
49511 49756
49515 49758
49516 49759
49517 49744
49544 49731
49547 49771
49566 49749
49569 51584
49575 51555
49577 49824
49604 51614
49606 49854
49631 49885
49670 51649
49676 51681
49681 51684
49682 51685
49683 49933
49684 49934
49735 51768
49749 49984
49762 50027
49768 50044
49771 50069
49788 50075
49789 50076
49794 50092
49795 50093
49823 50122
49824 50123
49829 50111
49842 51857
49892 50188
49912 50236
49914 50240
49920 50248
49930 50198
49931 50168
49937 50262
49960 50252
49961 50264
49989 50318
50012 51998
50017 50344
50033 50338
50034 50339
50052 50353
50055 50355
50069 50370
50092 50393
50096 50392
50107 52038
50108 48059
50120 52050
50135 50445
50139 50452
50141 50376
50146 50455
50147 50456
50149 50475
50159 52060
50171 48132
50173 50479
50174 52091
50179 52069
50183 50459
50190 48124
50191 48123
50192 50473
50194 50453
50209 50596
50213 50520
50219 50451
50220 50463
50235 50526
50236 50527
50239 50476
50241 50616
50242 50617
50257 50487
50265 50524
50270 50648
50286 50577
50287 50578
50298 50584
50303 50663
50313 50677
50322 50690
50325 50608
50329 50700
50333 50704
50340 50717
50359 48432
50367 50661
50380 52218
50383 50764
50384 50765
50385 50766
50386 50767
50387 50681
50391 50694
50395 50780
50398 50642
50411 50719
50412 50720
50418 50796
50428 50698
50434 50754
50438 50809
50439 50810
50452 48663
50487 48614
50500 50815
50503 50782
50506 50824
50513 48648
50523 50835
50527 50850
50529 50841
50534 48685
50551 50866
50554 50827
50557 50832
50558 50881
50568 50838
50570 50899
50573 50862
50576 48749
50593 50921
50609 50925
50611 48776
50617 50930
50619 50982
50640 52368
50647 50908
50648 50909
50677 52370
50678 51007
50681 50947
50690 48967
50705 48999
50712 51008
50713 48934
50744 49074
50749 51041
50750 51042
50763 49027
50764 51098
50771 51085
50776 48972
50779 49104
50786 51046
50788 49120
50789 49041
50790 49042
50796 51087
50798 51110
50821 49032
50826 49138
50828 49060
50833 51140
50836 51080
50839 51134
50843 51084
50845 49133
50847 51147
50853 51090
50858 49192
50863 51129
50866 51159
50867 51160
50871 51161
50875 49129
50894 51117
50900 51151
50902 51138
50903 52528
50904 49253
50907 49274
50909 49167
50912 49276
50920 51224
50924 51176
50925 49177
50930 49285
50931 51225
50935 51215
50941 49214
50942 49297
50943 51173
50949 49305
51001 51245
51003 49355
51009 49377
51012 51270
51018 51307
51028 51289
51031 49343
51032 49390
51040 49393
51046 51327
51064 46671
51261 51488
51264 51484
51265 51495
51268 52785
51284 51466
51288 52795
51291 51509
51292 51522
51300 51516
51303 51510
51322 51518
51360 51594
51373 52859
51374 52878
51379 52867
51389 52871
51394 51642
51430 51730
51491 52941
51492 51802
51495 51758
51505 52942
51510 52972
51511 51808
51528 52975
51532 51843
51533 51839
51534 51846
51557 51861
51563 51866
51565 51869
51567 51870
51579 51884
51582 53009
51592 51874
51593 51876
51595 50205
51615 51922
51622 51930
51623 51931
51633 51948
51654 51971
51656 51976
51658 51975
51667 51960
51679 51989
51700 52001
51705 51996
51706 51997
51714 50345
51733 53096
51750 52022
51757 52032
51769 52064
51771 52047
51783 52057
51790 52074
51792 52088
51794 52051
51795 52092
51798 50432
51802 50500
51805 52068
51808 52083
51810 52076
51816 52077
51817 52078
51828 52110
51829 52111
51838 52197
51841 52150
51883 52163
51888 52229
51890 50706
51893 52184
51907 52194
51908 52198
51912 50667
51917 50685
51919 52211
51921 52225
51923 52185
51928 52235
51931 52269
51937 52272
51942 50734
51951 52215
51952 50727
51957 52284
51962 50737
51980 50786
51984 50847
52012 52294
52027 52324
52028 52315
52038 52302
52039 52336
52040 52337
52042 50852
52053 50943
52054 50944
52072 52326
52073 50864
52088 52347
52094 50938
52102 52393
52108 50937
52113 52414
52122 50950
52128 52413
52130 52401
52145 51034
52154 52449
52167 52450
52168 52451
52169 52426
52173 51082
52179 51010
52186 51047
52189 51059
52195 52474
52198 52448
52211 51081
52213 52463
52216 51088
52219 51137
52220 52462
52221 52469
52227 52498
52237 52505
52238 52506
52239 52507
52244 52491
52246 52499
52247 52500
52249 51096
52250 52494
52251 52502
52254 51101
52256 52510
52268 52551
52273 52554
52278 51197
52285 51141
52287 52526
52290 51201
52293 51217
52300 52587
52301 52588
52303 51230
52304 51231
52315 52589
52317 52601
52321 51219
52325 51242
52328 52603
52332 52574
52334 51233
52342 52608
52343 52634
52344 52635
52353 51237
52362 52628
52364 51276
52368 52636
52370 51309
52398 51279
52400 52659
52440 52688
52540 52764
52548 52774
52552 52801
52553 52802
52560 52807
52561 52808
52566 53599
52568 52809
52574 52797
52595 53636
52622 52883
52634 52888
52659 52923
52662 52928
52668 53687
52669 53689
52675 52955
52684 52973
52688 53697
52690 52977
52702 53716
52716 53727
52724 53021
52726 53002
52727 53003
52739 53043
52740 53044
52747 53016
52748 53017
52752 53061
52770 53073
52771 53074
52776 53081
52781 53775
52802 53102
52806 53098
52815 53109
52831 53112
52860 53191
52865 53823
52883 53166
52897 53822
52907 53180
52912 52243
52914 53233
52915 53240
52916 53197
52934 52282
52943 53265
52951 53229
52959 52248
52961 52248
52963 53263
52977 52298
52979 53264
52988 53266
52993 53277
52997 53284
53004 52312
53011 53318
53033 52353
53054 52392
53065 53321
53072 52449
53077 53342
53078 52438
53087 52417
53093 52436
53097 52480
53112 53357
53113 53391
53115 53390
53130 53380
53134 53376
53145 52504
53158 53430
53161 52576
53162 52577
53166 53438
53168 53448
53173 52578
53174 52594
53176 52556
53178 53417
53181 53453
53182 53436
53184 53463
53185 53468
53188 53465
53194 52604
53195 52602
53197 53476
53198 53477
53200 52591
53201 52592
53209 53451
53213 53496
53216 52624
53218 53487
53225 52645
53226 53506
53244 53510
53245 52657
53246 52662
53354 53615
53355 53597
53357 53605
53362 53607
53364 54105
53365 54106
53367 53610
53370 54114
53382 54120
53384 53648
53387 54123
53389 53651
53394 53638
53395 53639
53398 41540
53425 54152
53430 54162
53434 53701
53457 53711
53458 53712
53459 53738
53460 53739
53472 54187
53474 53725
53511 53778
53512 53090
53515 53773
53517 53774
53518 53775
53522 53788
53524 53794
53536 53797
53538 53804
53541 53802
53562 54255
53571 53849
53578 53822
53592 53879
53593 53861
53594 53230
53602 53859
53603 53886
53622 53891
53632 53894
53661 54305
53680 53922
53695 53928
53702 53952
53704 53955
53705 53939
53707 53933
53715 53359
53718 53335
53734 53994
53739 53997
53741 53385
53749 53991
53750 53992
53755 54002
53763 53415
53776 54028
53786 53450
53788 54035
53791 53442
53798 53424
53804 53475
53805 53489
53808 54050
53810 54039
53824 53502
53831 53494
53833 53508
53836 54073
53848 53505
53902 54102
53919 54135
53922 54446
53941 54460
53950 54166
53959 54175
53961 54185
53976 54186
53979 54190
53983 54193
53998 54212
53999 54220
54000 54221
54006 54231
54014 54508
54017 54241
54029 54270
54032 53854
54035 54260
54041 54280
54048 54277
54054 54303
54069 53914
54077 53921
54078 53920
54100 53946
54103 53971
54107 53949
54108 54333
54110 53958
54113 53988
54114 53989
54116 54335
54136 54357
54144 54359
54146 54366
54150 54355
54156 54007
54172 54383
54178 54399
54180 54395
54181 54396
54185 54394
54231 54646
54239 54665
54247 54668
54252 54680
54253 54681
54258 54474
54272 54686
54275 54689
54284 54497
54286 54499
54290 54500
54302 54508
54306 54517
54307 54518
54315 54524
54316 54525
54319 54520
54325 54545
54341 54551
54346 54558
54347 54554
54350 54306
54352 54561
54361 54325
54362 54580
54367 54341
54369 54354
54382 54594
54390 54358
54394 54614
54395 54372
54398 54375
54448 54649
54450 54783
54456 54659
54457 54787
54464 54668
54468 54675
54470 54677
54475 54685
54492 54694
54496 54701
54497 54702
54510 54711
54514 54712
54526 54570
54530 54723
54531 54724
54532 54569
54539 54583
54556 54743
54559 54744
54563 54752
54593 54794
54603 54881
54604 54883
54610 54885
54615 54894
54619 54825
54627 54833
54630 54835
54638 54841
54645 54845
54648 54846
54649 54847
54652 54730
54654 54739
54655 54852
54657 54740
54662 54746
54664 54750
54681 54930
54687 54875
54701 54887
54702 54948
54707 54899
54715 54850
54720 54913
54721 54914
54724 54921
54726 54923
54740 54928
54749 54934
54752 54946
54761 54953
54771 54908
54777 54974
54778 54975
54783 54987
54788 54992
54789 54993
54790 54995
54794 54954
54796 54960
54800 54962
54801 54965
54804 55000
54806 55002
54808 55004
54817 55011
54824 55013
54825 55014
54829 55019
54836 55023
54838 55031
54845 55038
54848 55042
54849 55041
