1125
190 21513
279 22074
326 4250
372 21713
525 22218
526 22219
580 22124
597 21838
602 22140
724 4292
866 22081
1013 3840
1528 4403
1706 4604
1774 6353
2043 23139
2273 23451
2458 5609
2463 7617
2758 23363
2769 7655
2770 7656
2835 23736
2871 7760
2880 7770
2907 8238
3062 23324
3137 23479
3506 8002
3551 24094
3570 8756
3603 8786
3734 9048
3746 8251
3747 8252
3998 24129
4001 24524
4059 9497
4072 8592
4077 8590
4155 24250
4378 24974
4535 141
4781 20221
4863 9744
4888 9784
4969 9603
5082 9978
5097 24793
5103 9579
5142 9720
5150 10069
5188 24856
5231 15377
5263 9915
5314 9962
5328 3499
5359 24966
5508 25026
5645 10495
5769 10572
5777 10290
5862 10712
5863 10713
5868 10709
5874 10730
5878 10734
5905 10655
5906 10656
6047 10905
6103 10574
6112 10564
6271 11194
6517 11501
6544 11995
6545 11996
6767 11714
6826 11281
6994 10583
7065 11963
7090 11635
7461 11994
7654 12465
7728 12563
7729 12564
7754 11317
7852 12673
7889 11902
7891 11903
7896 12712
8229 12119
8237 12983
8288 12063
8292 12287
8359 11697
8403 13214
8521 12880
8644 12686
8707 12806
8747 13432
8891 13693
8920 13010
8924 12954
8925 13009
8940 13539
8975 12987
9294 12751
9432 13559
9433 13560
9494 13956
9514 13316
9585 15475
9707 14183
9749 14159
9848 14231
9858 14257
9902 14261
9903 14262
9956 14349
9976 14364
9977 14365
10047 13933
10048 13934
10083 14122
10138 15011
10258 26975
10385 14703
10692 14203
10751 17569
10892 14477
10963 15182
10964 15183
11169 16308
11427 14959
11517 14915
11686 15198
11841 15341
11868 15386
12081 15536
12256 12679
12261 15101
12438 12679
12458 12679
12520 16539
12550 12679
12700 12679
12788 12733
12789 12679
12981 16259
13026 12679
13049 12679
13086 16537
13324 17685
13370 17241
13426 12679
13758 17421
14069 17098
14355 17941
14363 18212
14365 17942
14536 29632
14685 17703
14718 17435
14835 18317
14909 18526
15016 18753
15110 18856
15461 18753
15557 19275
15663 19268
16170 18380
16189 18464
19212 38873
19263 32015
19309 31984
19432 32149
19474 32117
19514 38897
19595 32252
19835 31830
19864 32504
19871 22624
19907 32486
19908 32487
20193 5461
20318 23068
20362 32912
20363 32913
20491 23531
20581 32850
20622 32891
20639 32471
20909 33124
20943 23724
21003 23932
21195 33516
21225 23515
21252 33415
21271 24450
21280 33438
21316 23604
21321 33493
21386 33779
21418 24082
21421 24089
21433 33533
21436 33517
21437 24649
21448 33541
21471 24203
21490 33579
21515 33577
21516 33578
21526 33589
21576 33626
21596 24326
21674 24399
21675 24398
21690 33698
21882 20403
21892 20372
21911 24743
21926 33998
21942 33854
22042 24658
22043 24659
22059 9598
22069 34097
22145 24802
22146 24803
22178 24863
22273 10120
22321 25010
22415 25181
22457 25056
22573 10818
22629 10523
22740 25502
22770 25549
22836 11268
22855 25637
22875 25664
22892 25416
22894 25676
22957 25728
22968 25749
22984 25758
23044 9798
23098 25873
23217 25263
23259 25865
23272 6536
23286 25883
23322 12096
23395 26170
23417 25321
23479 26047
23536 12442
23567 26159
23579 26036
23630 25937
23638 26242
23652 26109
23662 25999
23664 26467
23681 26485
23696 25949
23726 26054
23731 26525
23763 26007
23810 26133
23862 12268
23918 26281
23960 13085
23986 26745
24020 11749
24052 25957
24067 12906
24087 26579
24109 26608
24110 26609
24121 26875
24148 12650
24167 26904
24177 12700
24178 12710
24266 12573
24288 27022
24289 27021
24388 13012
24417 27106
24433 27123
24445 26734
24484 13219
24498 13952
24512 26491
24564 27243
24583 27072
24598 27268
24608 27105
24612 13460
24613 27260
24745 27289
24755 26940
24774 14142
24844 47574
24997 26954
24998 26955
25031 14387
25032 14388
25054 27570
25061 14548
25084 27215
25132 27891
25163 26991
25175 14633
25338 27764
25645 27179
25693 15731
25703 15224
25707 16345
25900 15445
26014 28314
26213 16152
26239 28205
26294 28174
26359 16359
26416 16529
26455 17401
26472 16503
26646 28555
26722 29570
26731 16586
27132 18186
27188 29320
27532 17950
27573 18913
27670 18664
27721 29674
27764 29461
27794 18325
27822 18382
27938 30238
27945 18289
27970 29899
27994 30200
28021 29944
28069 18640
28118 17758
28129 29423
28151 30102
28211 18599
28213 18900
28232 29762
28241 30238
28264 256
28474 18757
28521 19111
28551 29771
28646 18885
28822 19137
30342 39197
30478 32359
30543 32359
30549 31798
30563 43993
30641 39445
30647 39457
30883 39493
30898 32642
30946 32685
30948 39635
31381 33222
31420 33197
31584 33386
31634 33426
31669 24383
31708 33465
31709 33466
31714 33473
31759 33503
31767 40082
31853 33588
31897 33644
31934 33704
31988 33719
32019 40280
32044 40291
32152 33891
32182 33911
32201 33937
32246 40410
32363 34092
32396 40637
32415 40587
32503 34280
32537 34314
32546 25196
32585 25348
32615 34446
32802 34641
32855 34691
32859 34690
32906 34741
32910 34541
32958 34593
33036 34858
33078 34888
33093 34899
33103 34918
33117 34933
33122 34393
33124 34806
33125 34939
33165 26147
33180 34981
33183 25938
33204 26193
33210 35019
33214 35025
33253 35065
33307 26126
33315 34546
33316 34547
33339 35127
33385 35174
33386 35175
33387 26242
33419 34894
33454 34980
33456 35250
33481 35284
33500 35227
33510 26213
33519 26562
33529 26651
33541 26203
33552 34961
33578 41444
33579 35380
33668 35028
33743 26890
33751 35329
33801 35552
33816 35255
33818 26999
33840 35590
33851 26637
33862 35305
33920 26593
33939 35660
33951 35422
33966 35584
34009 35731
34011 35730
34054 26920
34056 35527
34057 35528
34061 35659
34072 35534
34134 26876
34152 27289
34191 35637
34192 35638
34364 35892
34392 35611
34405 36101
34434 35932
34455 35945
34472 36155
34562 35715
34587 27067
34610 36053
34636 35773
34708 36098
34709 36099
34712 36100
34805 36175
34847 27991
34865 29686
34906 42134
34927 36294
34968 28071
34992 36352
35073 36142
35075 28263
35134 28217
35196 28462
35240 36566
35332 29120
35377 17341
35408 29180
35409 29226
35464 36443
35597 29392
35605 37112
35625 28991
35630 17095
35832 37110
35918 37110
35953 4981
36031 37301
36051 29088
36052 29089
36116 29243
36169 17478
36248 29674
36316 37523
36317 29731
36332 29745
36366 37274
36378 29780
36399 29810
36407 37687
36440 14915
36488 37363
36503 29572
36504 42857
36518 30052
36562 29961
36611 37399
36728 30183
36734 19182
36736 29982
36743 30172
36744 30173
36777 30224
36793 29772
36816 19153
36893 30042
37000 37784
37014 30148
37254 39681
38019 39034
38082 39127
38083 39128
38084 44064
38167 38834
38216 38898
38220 43966
38234 39391
38331 39387
38468 39560
38476 44344
38497 44419
38498 44420
38557 39351
38585 39375
38587 44203
38620 39762
38660 39822
38716 44534
38726 39919
38838 44630
38918 44768
38923 40082
38926 40081
38932 44705
38949 44711
38952 40115
38961 44718
38996 33644
39001 44760
39132 45205
39155 44851
39193 40690
39207 44927
39243 40540
39284 40461
39342 40572
39343 40573
39361 40591
39362 40592
39374 40667
39404 40693
39405 40694
39411 45144
39423 25760
39436 40623
39462 40751
39486 40768
39516 40696
39521 40776
39564 40847
39567 40849
39591 40873
39592 40874
39594 45290
39599 40885
39626 13235
39627 40901
39646 34644
39647 40927
39648 40928
39668 40937
39670 40826
39671 40827
39681 40959
39689 40960
39706 40976
39715 40985
39729 40543
39758 40902
39767 41044
39785 41052
39826 41106
39845 41139
39846 41140
39860 41153
39885 41167
39916 41188
39992 41189
39993 41190
39998 41072
40053 41132
40054 41350
40077 41380
40078 41381
40079 41382
40084 41367
40096 41396
40097 41397
40103 41210
40108 41375
40132 41444
40161 41467
40177 41489
40209 41298
40224 41315
40230 41528
40242 41343
40263 34969
40273 35554
40311 41207
40336 41538
40337 41539
40374 41492
40426 41363
40433 41370
40440 35531
40442 35689
40443 35534
40524 41621
40590 41764
40596 35651
40597 35881
40640 35899
40644 35915
40714 41584
40717 35715
40764 36026
40814 52415
40826 36051
40852 35877
40901 41959
41007 41811
41033 36813
41311 36698
41325 29327
41375 37339
41399 36494
41510 42563
41573 36873
41615 37215
41625 37329
41693 37069
41724 37240
41739 37021
41784 42556
41785 42557
41793 37132
41875 37532
42024 43054
42081 37559
42128 42813
42142 37713
42143 37714
42187 42896
42188 37646
42251 37611
42788 30881
43063 47472
43162 44026
43190 39332
43212 47691
43331 44339
43412 44351
43419 44360
43476 44535
43504 44552
43505 44553
43522 44592
43543 44444
43544 44445
43621 44582
43686 48025
43696 44657
43708 44672
43720 44685
43733 48054
43735 48062
43766 44747
43803 48146
43804 48147
43815 44812
43845 44837
43909 44917
43913 44999
43924 45004
43925 44944
43937 48243
43938 48244
43959 44977
43995 45110
43997 48353
44000 44989
44001 44990
44020 45103
44027 45027
44040 45044
44052 45154
44053 45156
44062 45173
44068 45176
44081 45091
44086 40651
44094 45101
44109 45116
44179 45207
44192 45218
44197 45303
44218 45258
44225 45342
44249 45373
44260 45395
44274 45329
44316 45453
44324 45375
44328 45460
44337 45473
44342 45401
44354 45429
44377 45498
44392 45269
44394 45424
44399 45521
44405 45531
44411 45535
44420 45402
44451 45488
44454 41041
44500 41362
44513 41379
44539 45644
44601 45579
44609 45622
44639 45770
44644 45702
44694 45665
44712 45761
44713 45762
44722 45767
44764 45886
44792 45836
44814 45731
44815 45757
44827 41597
44828 41715
44837 45951
44879 45930
44887 45817
44912 49027
44924 41695
44932 41808
44936 45969
44968 41584
44979 45866
44980 45899
45146 45957
45179 46041
45189 41932
45242 41961
45296 42237
45318 42493
45324 46287
45355 37071
45362 42145
45411 42374
45427 42391
45446 46168
45463 37228
45464 42432
45554 46306
45582 42532
45629 42635
45644 46571
45656 46590
45685 42584
45758 42530
45840 42836
45876 42891
45912 46812
45928 42946
45938 46810
45941 42722
45957 42904
45999 46853
46005 42860
46012 46896
46072 46859
46110 43067
46133 43003
46135 46884
46143 42852
46150 37599
46227 43024
46228 43025
46233 42943
46244 42920
46260 46848
46335 43060
46336 43061
46885 47576
47003 50172
47018 50200
47022 47849
47046 50188
47117 21407
47145 47914
47165 47920
47166 47834
47175 48009
47228 50342
47229 47910
47238 48011
47263 48037
47264 48041
47281 50381
47291 48065
47326 50405
47341 50433
47364 44804
47368 48164
47374 48149
47403 50517
47404 48227
47429 48264
47431 50520
47446 50549
47483 48327
47504 48178
47508 50559
47529 48415
47531 48398
47554 48439
47557 48391
47558 48444
47582 48431
47605 45297
47613 45307
47637 48508
47641 48511
47645 48513
47654 48522
47655 48523
47697 48582
47709 45364
47710 48605
47717 48547
47719 48619
47740 48567
47741 48568
47747 48650
47765 48670
47766 48668
47774 48671
47777 48678
47778 48679
47812 50770
47816 48723
47817 48724
47825 48629
47831 48707
47864 45471
47865 48759
47883 45654
47890 48770
47891 45417
47898 48785
47908 45612
47932 48721
47958 48742
47981 48846
47985 48843
47987 45740
48011 48740
48014 45761
48080 41661
48099 48840
48123 45652
48124 45653
48125 48900
48136 45908
48154 45818
48158 49003
48177 48950
48181 48955
48191 46048
48197 45968
48378 46013
48415 48986
48434 46203
48465 46235
48483 42475
48491 46293
48516 49132
48531 46525
48650 46495
48654 46496
48662 46664
48670 46664
48796 46637
48824 46686
48858 46652
48888 46698
48898 46750
48909 49534
48910 49535
48919 46811
48922 49432
48941 46721
48947 42752
48976 49574
49054 46751
49061 37599
49063 46752
49166 46838
49530 50046
49577 51751
49621 51797
49670 44301
49708 51871
49783 48009
49798 50326
49818 51916
49837 50352
49841 50357
49880 51964
49886 51968
49913 50431
49955 50514
49969 50472
49970 50473
50000 50549
50044 52060
50047 50559
50076 50580
50084 50634
50092 52116
50102 50648
50123 52157
50133 50679
50165 50709
50200 48587
50230 48689
50231 48690
50248 50780
50252 50730
50272 48646
50289 50820
50290 50821
50301 48674
50302 48675
50353 50800
50370 48761
50392 50847
50440 50928
50448 48908
50452 50937
50473 50912
50474 49010
50480 49014
50495 51016
50577 51021
50578 51022
50640 49226
50642 48972
50677 49277
50727 51107
50728 49330
50764 49367
50815 49324
50830 49446
50839 51169
50849 49358
50850 49352
50862 51184
50881 49374
50893 51224
50924 46477
50930 49441
50960 49467
51031 49464
51071 46710
51084 51339
51117 49531
51141 51370
51146 49568
51572 52864
51594 51913
51607 51909
51681 51998
51692 52003
51713 53092
51802 53166
51839 52144
51855 52171
51856 52172
51857 52175
51866 52185
51869 52192
51871 52193
51884 52203
51911 52209
51930 52242
51931 52243
51937 52225
51947 52250
51948 52251
51975 52268
51996 52277
51997 52278
52026 52311
52050 52329
52051 50809
52069 50881
52076 52308
52092 52360
52095 52356
52101 53290
52126 52333
52184 51027
52233 51043
52248 51050
52284 51292
52296 51240
52302 52492
52309 52503
52391 51305
52393 51338
52409 52648
52413 52642
52448 51335
52485 52638
52493 51357
52502 51375
52504 51364
52511 51381
52867 53061
52880 53073
52907 53096
52919 53129
52923 53786
52947 53171
52955 53176
52972 53180
52988 53198
52994 53203
52995 53204
53028 53214
53044 53245
53073 53243
53099 53274
53117 53312
53118 53336
53128 52360
53166 53365
53197 52387
53265 52592
53321 53460
53374 53517
53375 53518
53567 54135
53669 54196
53689 53803
53690 53804
53701 53817
53716 53825
53739 53841
53764 53847
53788 53867
53794 53877
53803 53312
53805 53315
53820 54276
53888 53979
53890 53444
53925 53491
53946 53502
53982 53501
53992 53518
53993 53546
54007 53530
54151 54195
54152 54201
54185 54243
54211 53861
54221 54268
54280 53990
54298 54005
54420 54452
54430 54460
54508 54554
54545 53994
54660 54677
54668 54691
54669 54695
54689 54531
54699 54717
54783 54786
54785 54785
54796 54801
54797 54802
54986 55013
55031 55036
