3722
29 1913
30 1914
70 28519
90 1865
98 1866
160 20506
190 1850
238 20460
270 2128
302 20514
357 2247
410 1634
415 20612
418 2236
491 2256
525 20855
526 20856
602 20859
603 20667
608 2742
637 20864
647 20901
649 20561
660 2455
724 20994
725 20995
866 20942
942 3046
966 3108
967 3109
973 20929
986 3091
991 2381
1028 21180
1061 2953
1123 3362
1126 2600
1129 2808
1155 21264
1178 20867
1187 3071
1223 20867
1327 3796
1330 3382
1334 3613
1336 21374
1403 14925
1430 3622
1471 3697
1472 3698
1528 2918
1540 3279
1649 3048
1671 3178
1676 21310
1705 3097
1706 3140
1719 3646
1819 3260
1836 4248
1923 4161
1924 4162
1925 4163
1968 21710
1977 4009
1978 4010
2028 4408
2034 21902
2075 21378
2269 21531
2294 4686
2407 3861
2408 3862
2432 21852
2444 4910
2463 4989
2586 21700
2603 5062
2619 5073
2627 4837
2638 4843
2655 4664
2666 4211
2700 4178
2722 4673
2754 4698
2769 5185
2770 5186
2824 5245
2828 5246
2829 5247
2843 4852
2846 4246
2871 5282
2876 22094
2901 4669
2992 5079
2993 5080
3018 5305
3032 5125
3041 22200
3062 22138
3099 22182
3151 5377
3194 22337
3198 22389
3257 5677
3269 22325
3487 5353
3518 5726
3603 6047
3610 22593
3621 5784
3628 5767
3636 5366
3664 6062
3673 6296
3700 22507
3723 5457
3724 22703
3725 5941
3797 22699
3861 6029
3867 22782
3883 6472
3933 22804
3937 6085
3942 6116
3960 22844
3961 22845
3962 22846
3998 22861
4001 6490
4017 22839
4031 6201
4069 6254
4072 6259
4088 22892
4145 22974
4154 6360
4240 6501
4311 6517
4328 5598
4376 23394
4378 23395
4430 6654
4493 6853
4535 6752
4743 7179
4758 23585
4763 7536
4764 7537
4800 7022
4812 7219
4863 7264
4892 23400
4893 7257
5097 7373
5238 7700
5263 7565
5314 23692
5334 7282
5335 7283
5372 7629
5403 7704
5405 7735
5664 7903
5750 7988
5769 8131
5777 8022
5793 7789
5862 8285
5863 8286
5868 8290
5878 8305
5905 8348
5906 8349
5960 8402
6043 8492
6047 8495
6064 8529
6090 8047
6112 8376
6202 24269
6255 8722
6300 8655
6337 8825
6470 8070
6491 9015
6512 8407
6544 9297
6545 9298
6613 8459
6630 8525
6652 8531
6695 9039
6696 9040
6732 9037
6796 8650
6826 9105
6976 9132
6978 9517
6979 9514
6983 24317
6994 8833
7039 9396
7053 8908
7107 8907
7149 8957
7165 9540
7174 8992
7197 9376
7205 9519
7210 9667
7260 9573
7264 24700
7280 9456
7306 9591
7362 9881
7405 9671
7411 24811
7412 24812
7419 24571
7423 9782
7425 9718
7439 9761
7488 24869
7496 9225
7499 9820
7577 24969
7654 10138
7783 9893
7798 10215
7841 9940
7889 9996
7891 9997
7920 9990
7929 10321
7954 10033
8005 10081
8037 10553
8047 25340
8103 10292
8137 10202
8138 10203
8177 10347
8221 10697
8229 25221
8237 10681
8289 10352
8292 10399
8294 10779
8327 25562
8334 10398
8359 10141
8403 10903
8462 10256
8466 10616
8499 25578
8519 10985
8521 10728
8540 10339
8582 11086
8676 10338
8698 10840
8700 11179
8707 10867
8796 25621
8798 10479
8799 10466
8825 11190
8834 11007
8886 10931
8887 10932
8917 11222
8920 11099
8924 11079
8925 11104
8940 25864
8967 11233
8968 11231
8969 11232
8984 11253
8993 11026
8999 11201
9002 25513
9015 11193
9043 11192
9082 11452
9086 10822
9162 26031
9176 10972
9177 10973
9181 11358
9233 25686
9261 10810
9294 11075
9352 11172
9368 11728
9410 11784
9452 25805
9482 11049
9514 11554
9517 11848
9518 11849
9543 11574
9592 26209
9656 11745
9657 11746
9666 11733
9694 11531
9700 11522
9756 12153
9804 12014
9805 12015
9807 12169
9819 11882
9826 11462
9827 11463
9842 12218
9858 12177
9865 12224
9902 12244
9903 12245
9925 12267
9936 12251
9959 26516
9971 12325
9976 12291
9977 12292
9996 12335
10000 12352
10024 12042
10048 12116
10052 12445
10069 12152
10077 12436
10136 12496
10138 12706
10179 12503
10186 12490
10232 12334
10234 12540
10258 26208
10260 12560
10462 12208
10514 12544
10528 13072
10561 12572
10565 12970
10625 13011
10885 13170
10892 12906
10916 13205
10926 13200
11001 13502
11013 13274
11014 13275
11037 13257
11056 12661
11169 13997
11170 13998
11427 13304
11514 27314
11529 13669
11532 13285
11596 13335
11667 13950
11687 13544
11695 13427
11774 13668
11841 13719
11880 14117
11933 13805
11942 13824
11952 14242
11966 14194
12110 14886
12140 14907
12261 13868
12262 13869
12308 14512
12411 14590
12412 14591
12414 14213
12426 14633
12514 14693
12521 14699
12551 14949
12684 14552
12691 14743
12710 15138
12766 14959
12790 15006
12798 15292
12850 15527
12906 16033
12998 15655
13002 14679
13049 2499
13054 14911
13060 14779
13097 15783
13126 15621
13159 14967
13179 27945
13192 15392
13250 14939
13324 15800
13340 28131
13359 15155
13409 15518
13475 15808
13541 15556
13582 15577
13600 15251
13665 15643
13679 28879
13681 16175
13706 15613
13971 16480
14025 16078
14057 28520
14069 15671
14083 15674
14124 16090
14182 16449
14207 16532
14221 16544
14258 16199
14355 16261
14362 16302
14363 16406
14364 16407
14365 16276
14374 16078
14378 16054
14391 16873
14392 16874
14508 16863
14536 28740
14552 16461
14590 16451
14621 16258
14628 16477
14684 16271
14685 16272
14693 16578
14694 16579
14704 16541
14718 17168
14723 29139
14744 16637
14763 17235
14764 16648
14814 16614
14835 16698
14850 17098
14873 16800
14895 16734
14899 16774
14901 16829
14909 16822
14921 16768
14930 16918
14945 16782
14960 16818
14961 16723
14986 17443
15003 16840
15016 17001
15033 29020
15060 16972
15068 28866
15073 16816
15098 16888
15110 17106
15127 17016
15159 16725
15170 16780
15176 17691
15197 17685
15223 16851
15255 17206
15257 16894
15292 16643
15378 17707
15400 16760
15401 16792
15408 16920
15437 17076
15467 17269
15509 16861
15518 16898
15540 17391
15557 17572
15572 17602
15691 17666
15692 17667
15702 17671
15703 17717
15711 17343
15782 17686
15787 17188
15797 17762
15853 17881
15858 17649
15867 17399
15871 17716
15915 17759
15942 29357
15943 17674
16024 18071
16081 17805
16092 17827
16137 17813
16142 17398
16171 17467
16189 17505
16200 17696
16225 17754
16241 17618
16242 17619
16317 17660
16414 18108
16466 18027
16497 18313
16508 18181
16517 18206
16536 18450
16612 18271
16641 18168
16660 18200
16681 18540
16682 18541
16686 18495
16705 18389
16771 18473
16776 18639
16777 18640
16791 18601
16797 18720
16815 18610
16865 18517
16866 18518
16878 18302
16884 18825
16955 18641
16969 18722
16979 18262
16988 18746
17014 18803
17026 29885
17071 18923
17076 18750
17077 18751
17084 18398
17085 18399
17114 18421
17168 18794
17202 18957
17232 18866
17304 19110
17305 19111
17316 18963
17330 19034
17337 19044
17366 18965
17382 19105
17387 19018
17388 19019
17389 18981
17433 19102
17437 19034
17443 19068
17444 19069
17454 19044
17462 19136
17463 19137
17469 30165
17473 19199
17474 19257
17537 30164
17577 18943
17614 19125
17636 18985
17662 19084
17760 30074
17816 44234
17832 19143
17851 19065
18004 19212
18027 19241
19216 31115
19232 20537
19238 31035
19251 20027
19263 31163
19294 20725
19309 31172
19411 31323
19421 20799
19422 20800
19432 20814
19435 31336
19523 20960
19524 20961
19565 21344
19566 21005
19595 31441
19664 20860
19711 31224
19724 21195
19759 20780
19764 2995
19774 21175
19805 21284
19818 20834
19835 20850
19836 20851
19871 21330
19907 21339
19908 21340
19912 31480
19990 21462
20016 21430
20017 21431
20023 21335
20055 31727
20074 21559
20097 21217
20104 21216
20105 31877
20139 21204
20143 21616
20155 31646
20156 21186
20162 3461
20166 21529
20185 31845
20186 21005
20201 3233
20219 31847
20240 21539
20250 21697
20269 31789
20285 32553
20288 21341
20312 21491
20329 31984
20354 21935
20362 32028
20363 32029
20380 21875
20409 31931
20420 21839
20430 21543
20489 21586
20492 21910
20498 22009
20538 22129
20561 21657
20595 21921
20647 22020
20725 32215
20801 4863
20828 32241
20848 5415
20992 22383
21036 22411
21104 22376
21130 22350
21143 32515
21145 22341
21183 32584
21198 32549
21225 22456
21227 22498
21234 14074
21252 22653
21253 22654
21272 22872
21276 22670
21281 22732
21299 22998
21308 32635
21316 22545
21320 22730
21322 22721
21335 22766
21350 22940
21351 22941
21375 22778
21376 22779
21393 22776
21396 22814
21397 22815
21403 6292
21421 22827
21422 22828
21433 32741
21436 32743
21437 23085
21441 32599
21448 22856
21466 23058
21469 22884
21470 32767
21471 22896
21484 22879
21501 22937
21502 22753
21520 6922
21535 23154
21545 32827
21578 6381
21588 6292
21596 23031
21627 33070
21640 32910
21653 23076
21674 23114
21685 22752
21847 23598
21875 23064
21902 273
21925 33149
21926 33150
21942 33088
21945 23291
21949 23655
21968 23385
22036 23448
22042 23449
22043 23450
22091 23270
22099 33030
22104 23580
22133 23599
22226 23668
22271 38424
22273 23799
22278 23768
22281 23726
22297 23748
22321 23766
22334 23548
22338 23781
22374 23806
22422 23912
22423 23913
22475 23922
22491 33600
22554 24099
22573 24116
22584 24039
22589 7924
22608 24158
22625 23776
22648 24101
22734 24243
22784 24222
22788 24122
22802 33763
22805 24221
22806 33835
22808 23990
22814 33847
22826 33854
22835 24249
22836 24352
22855 24367
22858 24281
22859 24282
22863 24217
22891 33618
22914 24428
22922 33938
22924 23947
22957 24457
22968 24472
22972 24378
22978 23994
23002 8875
23032 24434
23044 24052
23087 24593
23097 24478
23133 24245
23224 24627
23259 24697
23280 9280
23286 24716
23288 34137
23289 24825
23319 8982
23328 24723
23335 24477
23343 24682
23354 24681
23355 24776
23358 24902
23367 24702
23380 24699
23385 24496
23417 24512
23448 9140
23449 34233
23461 24553
23468 24795
23476 24587
23479 24908
23526 34265
23536 25106
23537 24574
23540 25088
23547 24989
23567 25002
23569 24661
23577 25137
23579 24991
23588 24919
23634 24980
23660 25081
23663 10133
23675 24974
23681 25247
23686 25004
23696 24992
23710 25054
23715 25059
23716 25060
23726 25063
23737 25064
23751 25072
23763 10050
23831 25367
23861 25243
23862 25244
23892 25359
23918 25290
23919 25291
23936 10313
23958 25420
23959 25421
23984 10388
23985 10389
23986 25557
23996 25289
23998 25548
24026 25567
24052 34487
24071 25658
24078 25578
24086 25503
24114 25664
24121 25703
24125 25499
24128 34797
24149 10723
24151 25645
24167 25729
24168 25730
24177 25535
24178 25536
24179 25537
24191 25556
24205 34598
24217 25285
24229 25313
24266 25553
24273 25348
24279 25747
24288 11331
24321 25625
24323 25403
24343 25814
24387 34720
24388 11154
24389 11155
24413 25795
24417 25958
24421 25891
24426 25731
24434 25560
24453 25745
24454 25744
24478 25942
24484 11315
24498 11642
24509 25637
24512 25660
24523 25650
24526 26050
24535 26021
24544 25899
24561 25955
24583 26027
24584 34761
24598 26124
24608 26056
24613 26104
24625 25985
24626 25986
24641 25979
24720 26147
24730 11940
24745 26181
24746 26182
24749 26038
24755 26053
24774 26198
24816 25870
24817 26238
24824 26345
24835 11820
24877 26204
24881 26204
24882 26277
24921 26453
24944 26356
24950 26354
24990 26364
24991 26546
24997 26105
24998 26106
25015 26388
25016 26389
25017 26390
25022 26129
25031 12403
25032 12404
25049 26459
25054 26484
25058 26469
25061 12482
25069 26630
25071 26446
25072 26447
25073 26437
25077 26499
25083 26336
25084 26337
25095 26351
25127 35440
25132 26699
25138 11999
25150 26534
25163 26223
25167 26293
25175 12590
25177 26552
25198 35485
25211 26332
25217 12618
25222 26341
25225 26401
25228 26435
25296 26647
25372 26501
25412 26479
25413 12965
25463 13018
25507 26633
25522 26621
25552 12883
25571 13206
25620 26773
25621 26774
25626 26940
25693 27097
25694 27098
25707 14027
25784 13531
25805 26965
25806 26922
25821 13604
25822 13605
25838 46078
25845 27126
25899 27175
25900 27176
25950 27257
25953 27431
25957 27452
25993 27076
26029 42002
26068 27398
26116 14744
26126 13764
26181 14156
26190 14901
26217 14610
26226 14275
26254 36255
26294 27381
26344 27953
26348 27671
26349 14564
26355 27472
26356 27473
26372 27478
26373 27479
26406 14161
26416 14681
26434 28218
26435 15248
26436 15249
26472 27746
26482 27809
26509 14368
26512 14288
26515 27998
26517 27633
26560 27583
26561 27584
26615 36564
26646 27747
26647 27748
26669 14756
26677 28139
26680 28064
26691 14617
26718 27775
26721 15928
26728 27952
26730 15032
26747 14830
26795 14831
26805 27797
26830 27907
26831 28248
26880 14950
26902 28158
26910 27930
26913 28013
26914 15953
26919 28465
26936 28411
26969 28353
26970 28501
27008 28096
27009 28097
27032 28115
27044 15578
27049 28276
27052 16114
27060 28564
27077 16139
27115 16179
27124 28085
27132 16193
27135 15968
27151 16215
27165 28218
27206 15843
27230 28393
27262 28429
27289 28683
27397 28376
27404 16651
27444 16439
27466 16606
27481 28618
27532 16286
27533 16287
27566 28998
27580 16334
27583 29012
27606 28571
27614 28735
27657 28795
27675 28971
27676 28972
27702 28761
27707 16441
27718 28746
27721 37130
27723 17204
27763 28910
27764 28723
27790 28907
27792 28909
27794 16709
27795 28821
27822 16763
27825 16622
27843 28863
27860 17191
27861 28950
27868 28950
27892 16589
27900 28854
27945 28975
27962 28779
27972 37138
28014 28959
28016 29025
28021 29113
28022 29126
28039 16859
28041 28832
28043 28882
28056 29082
28058 28985
28072 29092
28073 29161
28075 29162
28086 29092
28115 29371
28131 29218
28141 17021
28151 29230
28159 29252
28160 29253
28165 29054
28177 29160
28191 17780
28211 17218
28213 29210
28226 17234
28232 29130
28256 29347
28273 29053
28336 29428
28342 17808
28343 17500
28346 17792
28354 17449
28361 29448
28370 17153
28371 17762
28426 17738
28449 17781
28450 29397
28461 29438
28462 29391
28464 29393
28480 18140
28486 29424
28487 29425
28491 29295
28494 17498
28495 17499
28521 29449
28532 17858
28541 18234
28551 17478
28554 29479
28558 29410
28569 29395
28570 29619
28571 29620
28573 29300
28600 29314
28610 29436
28618 18335
28626 18061
28630 29383
28644 17714
28663 29557
28674 29491
28677 18423
28678 17884
28699 29394
28726 29757
28738 29664
28755 29769
28756 29770
28761 29803
28764 29517
28765 18368
28783 18340
28789 29608
28794 18260
28800 29652
28804 29646
28819 29599
28847 18183
28850 29823
28851 29824
28870 18535
28873 29853
28875 29726
28886 18561
28887 18562
28892 29708
28893 18575
28896 18414
28898 18185
28903 18425
28910 1350
28919 18774
28920 18775
28926 18669
28935 29517
28947 29799
28984 29879
28987 29851
29011 18899
29077 29701
29083 18484
29084 18485
29089 30043
29090 30044
29095 30051
29096 37922
29098 37927
29102 18748
29107 29999
29111 30007
29155 29993
29161 18973
29168 30066
29170 18879
29175 30121
29248 30101
29256 19206
29266 10221
29278 30129
29287 30155
29288 30156
29289 30170
29290 30171
29298 30079
29327 30182
29328 30181
29332 19071
29349 30113
29361 18828
29364 30045
29389 18967
29394 30075
29404 19203
29409 30191
29464 19121
29469 30059
29497 30200
30154 38674
30165 30799
30173 30903
30196 38701
30210 31124
30211 31125
30227 30930
30228 31245
30238 38800
30242 38722
30243 38723
30254 31278
30272 30473
30275 30895
30288 38589
30336 30985
30338 31268
30339 31140
30342 38875
30345 38819
30412 31422
30413 31423
30427 21075
30449 38886
30453 31519
30549 31280
30558 31428
30565 38882
30644 31639
30645 31640
30647 39097
30705 31696
30711 38996
30724 39000
30755 31620
30774 31760
30785 31727
30799 39178
30871 31746
30883 39187
30917 31870
30936 31902
30942 31848
30948 31906
30960 31624
30971 21758
30996 31700
31050 39393
31052 31912
31053 32015
31084 31935
31086 39155
31123 32033
31175 32235
31187 32082
31206 32121
31230 31918
31274 32342
31307 22278
31309 32303
31321 32201
31356 32292
31419 32372
31420 32360
31440 32265
31450 32426
31451 39570
31491 39441
31521 32580
31526 32351
31560 32610
31584 32556
31605 32473
31626 32411
31669 22927
31699 32563
31714 32667
31718 22783
31750 39738
31760 32737
31767 39746
31770 32733
31780 39751
31828 32821
31837 32676
31853 32819
31882 39830
31892 32863
31895 32864
31897 32865
31958 40025
31973 39874
31983 32929
31988 32939
32012 39890
32019 39910
32063 23495
32085 39850
32094 33243
32143 33074
32152 33089
32153 33090
32182 33105
32183 33106
32193 39895
32212 33194
32262 32986
32269 33207
32275 33086
32286 33231
32327 33095
32343 33099
32363 33301
32415 33363
32422 33269
32427 33371
32433 33467
32464 33507
32492 33536
32494 33485
32503 33541
32504 33540
32516 23876
32521 33567
32537 33573
32560 24073
32569 33590
32585 24096
32595 33669
32597 33663
32629 33640
32640 33716
32643 24025
32651 23918
32656 33733
32657 33734
32727 33725
32743 33742
32755 33763
32758 24315
32797 33884
32800 33856
32802 33872
32806 33809
32820 33930
32821 24420
32859 33949
32869 33676
32872 33981
32882 34087
32884 33667
32903 40610
32906 34009
32910 33914
32918 34005
32930 24059
32934 33948
32958 24445
32966 33985
32970 33937
32976 33661
32977 33662
32992 34011
33001 34106
33002 34107
33028 33814
33048 33838
33053 34051
33071 24355
33076 40643
33078 34159
33082 34082
33085 33913
33090 34119
33091 24381
33104 34181
33117 34202
33122 33950
33123 33951
33124 34138
33134 33924
33145 33988
33165 34260
33176 34120
33178 34252
33183 34180
33191 34199
33192 40816
33195 34294
33204 34288
33214 34304
33224 34016
33225 34017
33236 34186
33237 34165
33241 34233
33249 34270
33252 34351
33253 34352
33255 25024
33257 34195
33261 34206
33292 34205
33305 40865
33306 34309
33314 24574
33316 24626
33330 34317
33352 34337
33353 34338
33379 34343
33385 34506
33386 34507
33389 34501
33394 25000
33406 34318
33419 34360
33427 24832
33438 34542
33456 34604
33464 34433
33491 34558
33500 34609
33510 34500
33519 34635
33529 34680
33531 34681
33532 34655
33543 34359
33552 34493
33556 34582
33563 34380
33564 34381
33595 34711
33602 25420
33603 25421
33610 34589
33613 34594
33625 34756
33626 34757
33640 34772
33665 41065
33668 34602
33708 34833
33743 34860
33751 34758
33758 34730
33767 34598
33803 34775
33819 34805
33851 34831
33852 34832
33862 34835
33863 34836
33881 34813
33939 35058
33948 34922
33951 34928
33970 35104
33991 25949
34006 35131
34009 35137
34011 35136
34018 35142
34025 41128
34048 35027
34054 35033
34056 35044
34061 35129
34069 26067
34072 35068
34093 34938
34134 26002
34143 35219
34161 35214
34173 35119
34190 35135
34191 35177
34192 35178
34200 35251
34230 26118
34232 35101
34233 35162
34234 34961
34252 35289
34258 35304
34259 35303
34270 26300
34277 35296
34287 35320
34304 35351
34309 35334
34345 35265
34346 35266
34347 35267
34349 35364
34364 35391
34368 26272
34373 35525
34379 35383
34380 35384
34397 35196
34411 35330
34415 35319
34430 26318
34434 35462
34435 35237
34439 35488
34442 35473
34443 35474
34478 26562
34479 26563
34494 35615
34524 35305
34562 41433
34600 35370
34610 35594
34612 35367
34618 26541
34619 35570
34621 35375
34626 35387
34636 35396
34655 26434
34661 26909
34666 41600
34677 26800
34697 41619
34708 35663
34709 35664
34712 35668
34718 41609
34752 26740
34761 26878
34803 27262
34830 35771
34839 35783
34861 35792
34882 41752
34884 35820
34885 35821
34891 35816
34925 36090
34928 41791
34968 35879
35006 46045
35017 36165
35057 35954
35073 35836
35082 41723
35088 35966
35095 35992
35113 36071
35134 35995
35139 41775
35140 35999
35173 36300
35183 36085
35205 36079
35217 27791
35229 27441
35230 36108
35266 27560
35278 36137
35279 36138
35304 36303
35336 36249
35348 36339
35374 42112
35375 42169
35396 27753
35402 36323
35410 28080
35421 36593
35461 28136
35464 36168
35465 28128
35469 36491
35493 36643
35498 36361
35532 36492
35547 42278
35561 28249
35569 27990
35591 36426
35602 27874
35605 36650
35614 36430
35630 28088
35691 28356
35698 28462
35725 36691
35734 36670
35743 36644
35774 36701
35789 28272
35803 36560
35806 28560
35841 28603
35863 28630
35864 36912
35865 36913
35902 28446
35954 36800
35964 37079
35980 36758
35995 36818
36020 28413
36022 37107
36031 36947
36033 36845
36049 28583
36080 28681
36094 28960
36102 37188
36126 37004
36136 37049
36138 16779
36144 28925
36169 28606
36180 17041
36184 16864
36185 37099
36214 37115
36243 37104
36248 37130
36262 37355
36279 28856
36317 37195
36318 37196
36321 28901
36332 37216
36353 37230
36355 37201
36357 37267
36366 37110
36370 29039
36379 37213
36380 37214
36395 37138
36407 37315
36408 37316
36412 37262
36413 37263
36416 37218
36451 37268
36457 37330
36458 37331
36494 42716
36499 37259
36504 42757
36510 37323
36526 37370
36531 37269
36555 37437
36562 29186
36565 29137
36605 29146
36606 29202
36611 37283
36648 37446
36664 37520
36676 37468
36712 29317
36720 37562
36727 37612
36728 29419
36732 29543
36736 29335
36744 37540
36750 37558
36754 37391
36759 29579
36760 29547
36772 37402
36773 29585
36778 37432
36788 29442
36793 37443
36809 29625
36816 29472
36820 37598
36835 37725
36855 29670
36870 37519
36879 37586
36881 37522
36916 29623
36922 37787
36935 37614
36936 37615
36942 37646
36945 29635
36946 29636
36975 37578
36985 37596
36987 29687
37017 37760
37020 37806
37031 37804
37040 37795
37117 29932
37125 37728
37130 37859
37132 29677
37141 37785
37155 37815
37165 29904
37179 29995
37187 29808
37189 37988
37203 37939
37214 29861
37223 30030
37231 37880
37233 38002
37243 30080
37245 37983
37248 30120
37258 37991
37259 38013
37287 30069
37300 38056
37320 30135
37321 30141
37325 37911
37336 38036
37344 30130
37353 30139
37377 38066
37378 38067
37381 38083
37388 30014
37404 37973
37443 38025
37465 37959
37474 30105
37518 38040
37968 38582
37980 38622
38003 38540
38063 43863
38080 43884
38082 38823
38083 38824
38084 38842
38088 43754
38101 38687
38110 38542
38111 38543
38148 43930
38151 38944
38153 43807
38176 43994
38177 38679
38180 43906
38189 38954
38191 38760
38192 38930
38196 38757
38216 38802
38224 39036
38225 39041
38234 39047
38261 39110
38283 38902
38287 43997
38310 44077
38347 39165
38385 39147
38386 39148
38423 39299
38432 39135
38446 44181
38447 44182
38475 39376
38476 44231
38497 44268
38498 44269
38506 39418
38520 39155
38533 39195
38535 39422
38543 39319
38557 39230
38572 32067
38587 39251
38608 39424
38611 39437
38620 39434
38633 39412
38643 39400
38660 39488
38687 39529
38696 39541
38716 44416
38741 39677
38753 39569
38763 44335
38804 39626
38814 32556
38818 39579
38838 39658
38863 39749
38872 39806
38889 39819
38916 44568
38918 39778
38923 39746
38926 39750
38932 44587
38949 39775
38952 39779
38961 44604
38987 44719
38996 32865
39001 39833
39013 39859
39017 39843
39058 21390
39062 39886
39066 39889
39067 39890
39086 44696
39113 33142
39117 39932
39121 44727
39143 40018
39199 40013
39224 39953
39256 39974
39258 40058
39268 33307
39320 40251
39321 40048
39338 40200
39343 40213
39344 40214
39374 40286
39404 40326
39405 40328
39418 40335
39427 40285
39428 40295
39431 40259
39432 40260
39436 44903
39439 33504
39448 40370
39451 44966
39460 33527
39485 40415
39486 40416
39506 40439
39516 40391
39519 40398
39527 40429
39541 45057
39557 40438
39564 40489
39571 40493
39576 40395
39578 33757
39592 40516
39594 45054
39616 40552
39621 40532
39623 40361
39630 40513
39643 40518
39644 40519
39647 40560
39671 40539
39674 40531
39702 40595
39706 40608
39715 40616
39718 45128
39723 40684
39725 40632
39734 40586
39749 40594
39758 40601
39768 40660
39770 40682
39785 45199
39797 40709
39806 40720
39808 33795
39811 40643
39826 40748
39860 40793
39861 40606
39884 40699
39885 40812
39887 40816
39892 40818
39896 40780
39901 40637
39916 45301
39920 40756
39940 45314
39948 40856
39952 40690
39962 40790
39969 40678
39975 40796
39989 40815
39997 45298
40018 40844
40031 40899
40033 40857
40047 40936
40053 45342
40069 40881
40073 40879
40077 40984
40078 40985
40084 40979
40096 41010
40097 41011
40103 40933
40108 40994
40162 41078
40181 41065
40193 40921
40214 41000
40224 41044
40242 41064
40258 41038
40265 41130
40267 40966
40272 41170
40273 41171
40300 41186
40311 40998
40312 40999
40317 41201
40325 41022
40336 41184
40337 41185
40339 34842
40374 41188
40375 41189
40393 41123
40407 41128
40412 41140
40413 41138
40424 41271
40426 41143
40438 41272
40439 45551
40440 35062
40441 41294
40442 41295
40443 35068
40448 41301
40450 41179
40452 41285
40473 35212
40474 41324
40489 41360
40499 41229
40511 41386
40512 35184
40517 41183
40537 41343
40538 41357
40539 41358
40562 41423
40566 41468
40590 41446
40596 41382
40601 41455
40605 41392
40609 41470
40619 41390
40621 41412
40622 35286
40631 41460
40632 41541
40640 41473
40646 35330
40650 41496
40653 41491
40667 41566
40672 35583
40683 41448
40714 41422
40717 41433
40718 41427
40739 41560
40814 51154
40817 41609
40873 41594
40890 41674
40899 41871
40900 41872
40901 41693
40927 41724
40942 41740
40943 41741
40952 35982
40957 41747
40964 46015
40992 41697
41003 46045
41006 41684
41007 41685
41020 35929
41038 36230
41064 41749
41073 41914
41094 41941
41106 42108
41139 35940
41146 36107
41153 42168
41181 36235
41213 42089
41216 42093
41229 42104
41231 41971
41235 42114
41236 42111
41237 36346
41239 41979
41250 42027
41257 42177
41271 36149
41295 36672
41301 42223
41311 42167
41328 42278
41356 42251
41375 42427
41399 36373
41445 42452
41479 36907
41483 36644
41489 42358
41490 42359
41507 42381
41510 42392
41511 42393
41513 42509
41526 42407
41572 42377
41573 42378
41579 42460
41619 37054
41634 42403
41647 42511
41672 42532
41691 42564
41694 42563
41716 42584
41720 42545
41728 37042
41739 42492
41747 37226
41767 42632
41769 46524
41770 43081
41784 42540
41785 42541
41788 42743
41793 42565
41794 42566
41808 42669
41816 37030
41836 42634
41842 37195
41843 37196
41848 42724
41850 37333
41864 42672
41865 42639
41875 42721
41888 42849
41894 37246
41898 37415
41899 37416
41913 37155
41923 42772
41928 42783
41956 37206
41962 42806
41965 42716
41966 42717
41968 42748
41969 46680
41973 42837
41978 42824
41985 42844
42024 42918
42025 42919
42029 42999
42062 42767
42084 42906
42087 42981
42090 42866
42115 42927
42121 37371
42128 42841
42129 42842
42130 43071
42137 42872
42142 37514
42143 37515
42154 37607
42164 42996
42166 37574
42182 42944
42184 43101
42185 43102
42187 42928
42228 37771
42251 42961
42258 42977
42289 43038
42292 43146
42301 37585
42307 37748
42309 37645
42325 43120
42335 43037
42337 37673
42341 43074
42347 43107
42351 43058
42355 37751
42364 37633
42365 37871
42385 37745
42386 46999
42417 37859
42443 43264
42453 43227
42454 43288
42484 43278
42497 37958
42502 38065
42510 38056
42526 30052
42542 38073
42548 47133
42552 38000
42556 38069
42558 38017
42561 38051
42565 43382
42566 43383
42567 43351
42568 43352
42581 43371
42584 38093
42609 43391
42642 43380
42660 43396
43025 43636
43038 43804
43053 47461
43061 43725
43063 43823
43073 43841
43094 43757
43108 43916
43109 43945
43110 47501
43148 44001
43160 38896
43166 47547
43174 43983
43176 43868
43205 43919
43206 43920
43212 47575
43220 47572
43222 47594
43243 44051
43260 44104
43263 44061
43296 47621
43299 44153
43303 44156
43318 47606
43334 39182
43340 47675
43343 44162
43361 44197
43363 44092
43364 44177
43400 47717
43413 44242
43417 44254
43419 44256
43447 44139
43453 44138
43465 44264
43476 47829
43480 44190
43495 44305
43504 44387
43505 44388
43506 44393
43517 44327
43522 44421
43543 44348
43544 44349
43549 44369
43575 44411
43594 39565
43603 44430
43604 44426
43612 44441
43618 44542
43633 44473
43650 44492
43661 44488
43667 47957
43686 47959
43696 44529
43708 44550
43710 44562
43711 44563
43715 44633
43720 44565
43733 47985
43735 47989
43736 47993
43757 48084
43758 48023
43787 44652
43797 44694
43803 48063
43804 48064
43810 44690
43815 44684
43816 15785
43826 44685
43831 44702
43845 44709
43856 48108
43861 48182
43868 44811
43877 44820
43883 44766
43892 44740
43893 44748
43899 44752
43904 44756
43908 44680
43909 44764
43924 44803
43925 44778
43950 44818
43959 44801
43963 44833
43997 48224
44000 44837
44001 44838
44006 44870
44020 44880
44026 44892
44052 48274
44053 48275
44055 48283
44058 40302
44081 44929
44090 44970
44094 44937
44102 44917
44103 44918
44111 48298
44146 44980
44178 45022
44179 45023
44180 44989
44181 44927
44188 45064
44190 40488
44192 45036
44218 45060
44223 45101
44240 48477
44260 45159
44262 45125
44290 40527
44304 45173
44322 45200
44324 45198
44328 45244
44337 45268
44342 45229
44354 45236
44372 40620
44377 45294
44392 45146
44393 45275
44394 45276
44399 45310
44400 45311
44411 45331
44434 45281
44444 45302
44451 45318
44454 45286
44458 34272
44471 45354
44473 45240
44474 45343
44476 45309
44481 45252
44483 45315
44494 45330
44500 40974
44501 45403
44510 45288
44513 45415
44522 45419
44523 45420
44525 45432
44535 48527
44539 45443
44542 45431
44549 41045
44557 45339
44566 45394
44579 45406
44596 45491
44601 45448
44617 45462
44644 45528
44666 45590
44671 45513
44674 45523
44681 45594
44683 45521
44690 45452
44691 45453
44693 45567
44694 45542
44712 45600
44713 45601
44722 45613
44724 45563
44739 45506
44746 45659
44764 45676
44775 45551
44778 45669
44787 45582
44788 45583
44792 45670
44800 41281
44805 41291
44814 45646
44815 45655
44827 41319
44829 41235
44830 45691
44831 45692
44839 45632
44848 45729
44856 45771
44860 45657
44877 45755
44884 45701
44889 45778
44903 45823
44912 45830
44917 45824
44924 45775
44936 45813
44968 41422
44970 45800
44979 45770
44980 45807
44983 45842
44984 45808
44992 45891
44993 45892
45000 45756
45027 41635
45041 41578
45042 41580
45084 46077
45105 45965
45122 45917
45134 45995
45136 41973
45156 46024
45179 45985
45182 45984
45187 46061
45194 49110
45198 46087
45201 49099
45224 49093
45229 46097
45237 46098
45238 46023
45242 41839
45247 46107
45251 46027
45255 42138
45260 41819
45270 42001
45272 46135
45277 41970
45289 46070
45290 46071
45296 46152
45304 42075
45311 46184
45320 46303
45337 46212
45342 46211
45354 46138
45358 41983
45362 41988
45374 46113
45378 42069
45380 42285
45398 46136
45408 42162
45423 42315
45424 42316
45425 42317
45426 46371
45427 42187
45446 46191
45449 46204
45463 42398
45464 46321
45470 42337
45482 42410
45496 46432
45516 42430
45541 42458
45560 46475
45562 46381
45573 46338
45575 46339
45586 46499
45597 46399
45600 46410
45611 46412
45623 46428
45625 42542
45626 42453
45644 46449
45656 46468
45662 46455
45663 46456
45670 49321
45685 42480
45693 42530
45695 46441
45714 46619
45729 46531
45732 46450
45733 46451
45744 42522
45758 42499
45819 42771
45835 46610
45836 42582
45840 46634
45841 46649
45843 46651
45876 46669
45877 46623
45887 42853
45903 42740
45912 46697
45923 46679
45928 46703
45938 46712
45946 46665
45956 46784
45957 46699
45958 46726
45959 42839
45967 42797
45969 46670
45972 46742
45978 42722
45979 42750
45999 46761
46003 42860
46005 46717
46011 46786
46012 46787
46014 42835
46045 46794
46046 46795
46055 46744
46057 42906
46072 46798
46085 46847
46101 42982
46106 46825
46110 46833
46111 42989
46122 43043
46123 46873
46126 46911
46129 43001
46130 43002
46131 43048
46132 49596
46133 42967
46135 46838
46138 46819
46141 46834
46145 42869
46153 42966
46155 43022
46159 46797
46161 46849
46164 46863
46174 46876
46188 43076
46189 43077
46198 42992
46199 42993
46207 42948
46213 46866
46220 46886
46228 43042
46233 46844
46243 43063
46244 46840
46245 46920
46257 46938
46259 43171
46260 46894
46265 46917
46268 46972
46269 46887
46274 46893
46278 46919
46292 43254
46295 46983
46296 46985
46297 43064
46299 43115
46300 43207
46314 47022
46325 46928
46328 43217
46335 46961
46336 46962
46345 43143
46348 47040
46363 47053
46403 43284
46404 43285
46430 47120
46431 47121
46460 47143
46462 47104
46467 47092
46468 47093
46476 47155
46477 47156
46480 43403
46482 47125
46515 47101
46784 50073
46788 50090
46793 50054
46798 47409
46800 47377
46806 47468
46821 47491
46822 47501
46827 50131
46839 50133
46844 47435
46854 47544
46856 47446
46878 50170
46885 47528
46893 50143
46902 50186
46912 47626
46934 50191
46936 47537
46955 50158
46965 47667
46966 47668
46969 50226
46971 50248
46976 47566
46982 47693
46984 50244
46989 47576
46993 47560
46994 47705
46996 47629
47003 50252
47012 50273
47015 44195
47018 50281
47022 47748
47023 47750
47028 44242
47029 50215
47040 47725
47048 50289
47060 47717
47065 47663
47085 44302
47099 47773
47119 47852
47120 50371
47132 47855
47133 47802
47135 47879
47145 47841
47160 47848
47164 47888
47165 47853
47166 47817
47168 47820
47175 47914
47177 47779
47208 47912
47223 47962
47228 47930
47263 47970
47264 47968
47274 47955
47281 50464
47291 47991
47305 50475
47337 39972
47343 48035
47393 48101
47404 48121
47429 48159
47431 50594
47435 48088
47483 48218
47496 48254
47508 50654
47519 50638
47529 48288
47540 48285
47547 48205
47554 48313
47557 48297
47558 48323
47560 48311
47583 48339
47595 48346
47605 45065
47613 45075
47634 48370
47637 48379
47641 48383
47645 48390
47685 50785
47690 50728
47691 48409
47709 45194
47712 48440
47717 48448
47719 48489
47723 48458
47730 48393
47740 48483
47741 48484
47754 48417
47762 45157
47766 48526
47773 48506
47774 48530
47777 48542
47778 48543
47792 48531
47800 48593
47805 48511
47807 48541
47809 48547
47812 50863
47817 48595
47821 48604
47824 48549
47825 48550
47826 48496
47831 48589
47841 45369
47856 48516
47864 48573
47875 48645
47887 48548
47890 48658
47891 45357
47898 48671
47899 48672
47912 48689
47919 48646
47932 48653
47954 45480
47958 48687
47959 48688
47983 48743
47999 48697
48011 48704
48014 45600
48026 48744
48029 48678
48031 48716
48032 48720
48034 48770
48080 45675
48084 48798
48091 48813
48099 48791
48118 45674
48122 48832
48123 48762
48124 48763
48125 48829
48131 48816
48132 48817
48136 48854
48138 45771
48140 48805
48142 45758
48143 48803
48145 48850
48146 45739
48154 48828
48156 45673
48158 48894
48165 48876
48172 48839
48176 48878
48177 48879
48179 48860
48181 48886
48187 48852
48190 45834
48191 45835
48197 45811
48201 48934
48204 48942
48223 48845
48224 48835
48242 48897
48259 48993
48266 48882
48276 48893
48295 49026
48310 48989
48340 49011
48352 48971
48357 45987
48365 49117
48378 45942
48386 49129
48395 49019
48402 49064
48405 49097
48414 51220
48419 49044
48431 46031
48432 49100
48434 46091
48436 49041
48439 49043
48461 51251
48465 46118
48466 46055
48483 46274
48484 46275
48491 49153
48508 49175
48509 49176
48512 46215
48516 49120
48531 49259
48547 49124
48548 46335
48557 46143
48558 49191
48559 49192
48565 49203
48583 49256
48592 49229
48596 46404
48597 46405
48616 49204
48632 49224
48645 46323
48650 49303
48654 46395
48658 49374
48662 49385
48670 49385
48674 46510
48675 49302
48682 46429
48685 49320
48686 49361
48700 51450
48704 49285
48708 49288
48712 49265
48713 49308
48717 49332
48719 46461
48725 46413
48727 46393
48728 49314
48738 49307
48753 46595
48767 49351
48768 49397
48774 49340
48782 49421
48794 46548
48796 49425
48798 49349
48802 49517
48810 49448
48812 49392
48817 46497
48818 46507
48821 49492
48824 49454
48836 46587
48844 49470
48863 46696
48864 49494
48866 49510
48870 49475
48882 49471
48883 49472
48888 49488
48889 49489
48898 46666
48909 49537
48910 49538
48922 49484
48930 49483
48934 46667
48943 49523
48958 49586
48971 49515
48972 49516
48976 49604
48977 46715
48980 49619
48999 46806
49004 46749
49005 46750
49010 49544
49024 46875
49030 49577
49032 49587
49033 49588
49034 49682
49041 46815
49042 46816
49057 49664
49058 46743
49060 46782
49061 46783
49064 46746
49072 49645
49074 46953
49077 49713
49078 49714
49084 49677
49094 49693
49096 46966
49112 49657
49113 49658
49114 49710
49133 46957
49135 49671
49138 46990
49142 49695
49143 49692
49144 49733
49154 49717
49155 49701
49159 46986
49161 46933
49166 46912
49167 46927
49173 46940
49177 46941
49180 49719
49182 49786
49192 47054
49193 49771
49196 49772
49197 49773
49198 47035
49200 49794
49210 49720
49235 49826
49244 49812
49247 51710
49250 49838
49251 49839
49255 47098
49256 47099
49264 49866
49267 47100
49276 47137
49279 49858
49280 49850
49288 47104
49295 47146
49322 51713
49324 49868
49530 50112
49536 50050
49569 50127
49577 51931
49597 51947
49607 51955
49610 50225
49611 51965
49621 51966
49627 50232
49634 50231
49636 50226
49644 50228
49650 50197
49651 50198
49654 50259
49656 50174
49657 50203
49663 50188
49670 51981
49675 50260
49679 47687
49682 50286
49686 52004
49687 50223
49689 50215
49692 50250
49728 52049
49731 50255
49749 50282
49757 50357
49786 50380
49797 50340
49818 52089
49822 52098
49837 50429
49841 50430
49856 50499
49868 50523
49874 50471
49880 50471
49884 50477
49885 52134
49886 50472
49896 50527
49913 50515
49954 50572
49955 50573
49969 50554
49970 50555
49978 50590
49995 50593
50033 50649
50039 50645
50040 50646
50044 50643
50047 50654
50051 50638
50063 50665
50075 50683
50076 50679
50084 50711
50092 52315
50102 50720
50120 50745
50123 52338
50132 50760
50133 50761
50145 52350
50154 50772
50157 50759
50165 50791
50167 50774
50178 50781
50188 50799
50189 50820
50191 52372
50192 52373
50197 50802
50200 50814
50211 52402
50230 50853
50231 50854
50236 50855
50240 50862
50252 50840
50254 52423
50272 50865
50274 50875
50281 50872
50289 52453
50290 52454
50301 50882
50306 50897
50327 50945
50338 50916
50353 50927
50370 50947
50371 48719
50392 50967
50433 50973
50440 51026
50444 52535
50448 51031
50452 51037
50453 50983
50455 51041
50458 48805
50459 48815
50472 51048
50473 51039
50474 51077
50476 51012
50477 51008
50482 51043
50483 51033
50486 51055
50495 51100
50496 51101
50497 51067
50501 51068
50508 48837
50524 51070
50525 51099
50539 16532
50566 51084
50570 51136
50577 51134
50578 51135
50584 51141
50608 51182
50610 51173
50625 49122
50633 51197
50634 52652
50640 49135
50642 51153
50656 51223
50677 49186
50681 51234
50685 51247
50691 51243
50692 51256
50698 51219
50704 49215
50705 51327
50706 51328
50717 49230
50719 49151
50720 49152
50726 51289
50727 51266
50728 49244
50743 49161
50748 51331
50762 51338
50763 51282
50764 51379
50765 51380
50780 49306
50786 51340
50804 51406
50805 49275
50815 51381
50827 51345
50830 49374
50835 51395
50839 51367
50843 51360
50850 51415
50855 51424
50856 51425
50862 51378
50863 51386
50866 51434
50867 51407
50886 51412
50888 49344
50893 51429
50916 51486
50921 51463
50923 49386
50930 49430
50939 46558
50949 51457
50954 51519
50955 51496
50960 51502
50962 51495
50965 51508
50969 51535
50975 49499
50980 49549
50991 51504
51002 49483
51010 51512
51031 51530
51047 51564
51055 51585
51060 51604
51071 49568
51080 51570
51081 51606
51082 51643
51083 51574
51084 51575
51087 51612
51091 49645
51096 51591
51098 49723
51115 51652
51117 51608
51119 49763
51127 51620
51128 49694
51134 51673
51135 51674
51140 49762
51141 51635
51142 51636
51143 51669
51144 51670
51146 51637
51151 51650
51156 49721
51161 51683
51173 51661
51175 49727
51180 51695
51197 51716
51215 51729
51232 51701
51375 51876
51399 51899
51400 51900
51408 53103
51418 51904
51423 53144
51440 51949
51442 51944
51457 51922
51476 53180
51478 51992
51479 51993
51481 53197
51491 52024
51494 50274
51505 52017
51518 51972
51524 51970
51529 52007
51532 52035
51542 52046
51544 52015
51583 52074
51584 52075
51594 52080
51607 52085
51614 52097
51624 52109
51629 53278
51641 52124
51642 52122
51646 52137
51649 50455
51652 52152
51653 52192
51654 52193
51681 52164
51683 50558
51691 52185
51692 52186
51714 53321
51757 52210
51806 52294
51808 53368
51809 53382
51839 52333
51855 52344
51857 52346
51866 52367
51869 53435
51871 52375
51900 52383
51911 52394
51920 52404
51923 52421
51924 52393
51929 52409
51930 52431
51931 52432
51937 52417
51938 52436
51960 53474
51963 52438
51971 52463
51972 52461
51975 52464
51976 52466
51979 52467
51985 52433
51987 52428
51996 52476
52002 52494
52011 52486
52022 52489
52032 50968
52035 52525
52037 50995
52038 52515
52044 52531
52047 52510
52048 51000
52050 52530
52051 52499
52052 52500
52060 51004
52063 52534
52068 52507
52069 51009
52075 52558
52076 52522
52077 52517
52082 52552
52085 52532
52088 52551
52092 52564
52095 52560
52101 53539
52109 52576
52110 52554
52126 52561
52127 52562
52137 52594
52141 51123
52150 52601
52156 52577
52159 51121
52184 52624
52185 52605
52211 52656
52218 51233
52219 52641
52225 51265
52229 52722
52232 52653
52233 52654
52234 52728
52235 52688
52241 52664
52243 52741
52256 51275
52270 52708
52272 51408
52282 52784
52284 51437
52285 52758
52291 52770
52293 51403
52296 52763
52299 51430
52302 52740
52309 52750
52319 52771
52323 52783
52324 52787
52325 51369
52336 52788
52337 51443
52340 52804
52353 51439
52361 52837
52368 52816
52370 52807
52376 51479
52386 51469
52390 52831
52391 52827
52392 52821
52393 52842
52400 52817
52401 51509
52409 52859
52410 52835
52412 52856
52413 52857
52417 52832
52422 51572
52425 52863
52426 51526
52433 52862
52438 52868
52441 52882
52442 52883
52448 51554
52451 53804
52463 52869
52467 51551
52474 51590
52484 51587
52485 52884
52493 51593
52504 51616
52505 52924
52506 52925
52507 52926
52510 52911
52511 51629
52512 52936
52519 52944
52521 51679
52526 52918
52528 52930
52532 52928
52554 52984
52556 52963
52559 52986
52563 52994
52574 51702
52714 53133
52732 53115
52734 53144
52751 53945
52762 53182
52772 53980
52773 53981
52774 53963
52775 53964
52779 53194
52781 53208
52784 53210
52801 53211
52802 53212
52808 53214
52809 53219
52833 53240
52836 53238
52837 54018
52855 53270
52867 53282
52871 53286
52875 52127
52880 53296
52883 54042
52907 53321
52923 54067
52947 53379
52955 53388
52957 53367
52972 53393
52988 53411
53009 53414
53027 53449
53028 53444
53038 53463
53044 53473
53048 53465
53049 53450
53061 52451
53062 53467
53065 53485
53073 53487
53074 53488
53080 53497
53081 53498
53088 53510
53090 52502
53098 53530
53099 53531
53109 53538
53112 52526
53116 53556
53117 53545
53122 53534
53128 52564
53142 53557
53144 52588
53145 53558
53147 53568
53150 52587
53152 53576
53166 53597
53176 52589
53180 52607
53197 52619
53223 52683
53232 52678
53247 53674
53264 52759
53265 52800
53267 52735
53277 53696
53278 53723
53284 53706
53303 53729
53304 53730
53306 53714
53312 52838
53314 53738
53315 53739
53317 52848
53321 53727
53336 53748
53340 53758
53342 52836
53352 53795
53355 52879
53357 53770
53359 52907
53374 53791
53375 53792
53380 52880
53383 52922
53385 53818
53386 52927
53409 53827
53413 52932
53415 52965
53417 52935
53419 52969
53423 53853
53430 53859
53566 53947
53567 53948
53576 53955
53594 53162
53606 53967
53607 53987
53618 54009
53620 53993
53621 53994
53627 54011
53629 54012
53630 54013
53636 54493
53651 54050
53669 54060
53684 54072
53687 54071
53689 54084
53690 54085
53692 54070
53699 54096
53700 54097
53701 54093
53705 54099
53716 54105
53737 54113
53739 54114
53749 54118
53753 54115
53781 54146
53794 54160
53802 53537
53804 54168
53805 54169
53810 54167
53816 54602
53820 54181
53823 54196
53825 54193
53833 54600
53838 54197
53849 54242
53854 54216
53859 53617
53885 54247
53886 54273
53889 54275
53890 54262
53894 54263
53911 53707
53921 54290
53924 54292
53925 53726
53928 53719
53930 54317
53937 54327
53942 54328
53943 54329
53944 53748
53946 54310
53952 54324
53959 54343
53961 53773
53965 54337
53978 53799
53982 53775
53989 54365
53990 53788
53992 53792
53998 54361
53999 53790
54003 54367
54011 54352
54019 54368
54027 54390
54036 54389
54039 54392
54095 54453
54113 54471
54114 54472
54123 54491
54147 54518
54151 54517
54152 54526
54172 54555
54175 54551
54177 54556
54190 54566
54194 54567
54198 54569
54205 54573
54210 54576
54215 54151
54221 54583
54222 54585
54227 54581
54231 54588
54250 54612
54275 54626
54277 54637
54278 54638
54279 54639
54280 54269
54298 54658
54301 54648
54305 54281
54325 54670
54333 54330
54334 54690
54338 54685
54341 54339
54354 54378
54357 54358
54358 54699
54359 54375
54361 54385
54366 54715
54420 54772
54422 54771
54424 54775
54430 54780
54449 54986
54468 54816
54476 54819
54479 54828
54487 54843
54504 54859
54508 54860
54513 54863
54524 54871
54525 54872
54537 54888
54540 54893
54542 54628
54544 54905
54545 54647
54546 54632
54550 54900
54551 54652
54556 54655
54563 54673
54571 54923
54574 54916
54580 54695
54582 54932
54583 54933
54590 54941
54594 54705
54603 54943
54606 54948
54610 54711
54636 54972
54643 54979
54646 54981
54659 54989
54660 54987
54668 54995
54669 54998
54677 55003
54678 55004
54680 55007
54681 55008
54684 55011
54685 55010
54689 55015
54694 54847
54699 55026
54701 55030
54702 55031
54705 55034
54711 55044
54721 54914
54724 55057
54725 54915
54729 55061
54735 54939
54741 54948
54744 55069
54768 55084
54776 55093
54785 55096
54787 55104
54798 55117
54815 55141
54817 55222
54819 55223
54822 55143
54823 55147
54825 55038
54833 55155
54835 55158
54843 55161
54845 55167
54847 55059
54849 55170
54850 55171
54852 55065
54868 55196
54877 55208
54881 55213
54882 55274
54883 55275
54885 55217
54890 55220
54891 55221
54896 55150
54902 55160
54903 55233
54904 55239
54910 55176
54913 55172
54914 55173
54928 55263
54930 55264
54931 55310
54932 55311
54943 55279
54948 55281
54953 55286
54955 55229
54961 55232
54962 55289
54965 55236
54967 55241
54980 55307
54981 55308
54987 55314
54992 55319
54996 55320
55000 55292
55001 55325
55016 55343
55019 55323
55020 55325
55021 55324
55022 55344
55026 55350
55031 55358
