3704
36 1413
81 1553
109 1744
132 2107
135 2192
142 1782
168 2192
176 1622
178 20194
195 1383
231 1920
264 1937
297 1263
336 20523
371 1400
497 31142
543 20650
544 20651
577 20598
635 2766
638 2425
639 2426
653 2163
670 2462
672 1645
685 20602
713 2240
714 2241
728 2261
772 2894
778 2328
794 2813
816 2397
864 2696
876 2492
877 2473
938 20714
940 2518
1065 2610
1075 2691
1089 20858
1092 2730
1168 21125
1226 20892
1239 2788
1240 2789
1249 3344
1256 2825
1305 2961
1306 2962
1362 21162
1377 3403
1398 21297
1405 2979
1411 3074
1429 21320
1493 21309
1546 3249
1557 3126
1576 21464
1597 3603
1630 3593
1634 3059
1704 21417
1707 2989
1719 21532
1723 3748
1743 21481
1750 21471
1777 3512
1782 21576
1824 3878
1825 3879
1840 3890
1850 21513
1856 3924
1879 21438
1899 21269
1911 3400
1957 21454
2040 4127
2081 4168
2092 21707
2127 21816
2143 2391
2153 4466
2249 4512
2267 21645
2279 4734
2280 4735
2283 21705
2312 4418
2317 4642
2347 4439
2348 4440
2379 21990
2405 4855
2409 4984
2441 22046
2492 22111
2494 22088
2496 21981
2499 12679
2533 4621
2541 22122
2562 22214
2569 4766
2588 22134
2650 22005
2786 22294
2788 4329
2801 4749
2842 5300
2863 22083
2895 4849
2918 4403
2919 4404
2943 22401
2953 5197
3063 5339
3091 22517
3140 4604
3169 4635
3200 5568
3252 22316
3328 5797
3377 5349
3415 5369
3458 22694
3470 5444
3477 5366
3494 22702
3514 5885
3613 22768
3679 5912
3702 22380
3735 5693
3792 6196
3793 6197
3863 6405
3888 6290
3973 22727
4047 5608
4219 6422
4345 6076
4485 30049
4516 19896
4643 7211
4687 23100
4701 23451
4941 7480
4950 7207
4952 7479
4962 7145
4967 7235
4989 7617
5002 7544
5005 7233
5035 23466
5062 7579
5073 7592
5114 23479
5185 7655
5186 7656
5227 7394
5238 7440
5282 7760
5294 23364
5347 7559
5353 7228
5454 7750
5455 7751
5677 6924
5685 7641
5722 7680
5763 8242
5772 23928
5776 8088
5786 8104
5790 8104
5794 8487
5826 7567
5874 8307
5913 8430
5931 8264
5944 8412
5945 8413
5953 8673
5966 8289
5997 8422
6004 8341
6047 8786
6085 8542
6095 8574
6099 8818
6117 24267
6122 8504
6201 8572
6208 8537
6217 9048
6226 8552
6248 8816
6258 8591
6259 8592
6261 8590
6328 9137
6347 9048
6381 24258
6482 24308
6499 8869
6500 8870
6514 8858
6532 9152
6569 9316
6577 9470
6606 8985
6640 9371
6737 9734
6762 9012
6767 9631
6789 9082
6883 9734
6884 9735
6922 9694
6971 9732
6985 8808
7018 8872
7135 9339
7194 9539
7264 9744
7299 9598
7303 9898
7328 9708
7373 24793
7388 24963
7389 9143
7486 24855
7506 25192
7548 24781
7559 10114
7565 9915
7566 9907
7670 9500
7674 10161
7698 9829
7846 10323
7847 10324
8009 10421
8021 10280
8022 10290
8043 9968
8045 25418
8067 10175
8131 10572
8179 11047
8239 10672
8245 10609
8280 25282
8285 10712
8286 10713
8290 10709
8305 10734
8306 11158
8318 10523
8348 10655
8349 10656
8352 10776
8353 10695
8376 10564
8406 10139
8407 10140
8423 25335
8495 10905
8523 10901
8755 25308
8792 10981
8833 10583
8870 11326
8874 11068
8875 11069
8916 11149
8949 10667
8982 10862
9001 11164
9002 11165
9003 11166
9006 10528
9010 34366
9014 10743
9063 10924
9079 10604
9105 11281
9157 11347
9179 10691
9200 11066
9225 10847
9266 11681
9280 11244
9297 11995
9298 11996
9353 11753
9363 11574
9371 11188
9383 4819
9401 11450
9444 25615
9445 25616
9460 9553
9467 11530
9490 11316
9493 11549
9524 11317
9560 11814
9570 11943
9589 11830
9591 11633
9647 26128
9659 12030
9668 26142
9718 11784
9761 11973
9829 12049
9877 12098
9878 12099
9879 11710
9884 12110
9888 12243
9906 12128
9935 11519
9955 12150
9956 12151
9996 11902
9997 11903
10077 12411
10091 26351
10106 12299
10107 12300
10120 11741
10127 12044
10130 11689
10138 12465
10180 12317
10200 11749
10249 12206
10302 12618
10336 12557
10337 12558
10363 12455
10388 12204
10389 12205
10427 12398
10466 12118
10473 12042
10627 12338
10681 12983
10714 12640
10728 12880
10791 13064
10814 12933
10841 13128
10866 13139
10867 12806
10888 26784
10889 26785
10893 25494
10950 13241
10997 13305
11007 12949
11009 12950
11048 12740
11075 12751
11079 12954
11099 13010
11104 13009
11107 13432
11154 13012
11155 13013
11189 13498
11284 12984
11315 13219
11431 26887
11433 13646
11451 13384
11502 13856
11547 13243
11554 13316
11595 13945
11623 13942
11635 13954
11642 13952
11706 13436
11729 14018
11745 13527
11756 13676
11810 13501
11811 13502
11889 14211
11894 13997
11937 13897
11951 13462
11952 13463
11999 13504
12016 14045
12017 14046
12068 14291
12097 14194
12115 13933
12116 13934
12142 27007
12152 13948
12177 14257
12199 14231
12245 14262
12251 14327
12291 14364
12292 14365
12334 14114
12359 14320
12363 13859
12368 14139
12386 14360
12398 14053
12403 14387
12404 14388
12413 14386
12441 14268
12443 14399
12524 14565
12525 14566
12560 14601
12590 14633
12591 14374
12623 14411
12638 14297
12706 15011
12715 15039
12721 14456
12733 14409
12761 14338
12767 14057
12801 14536
12835 15026
12841 14467
12875 14533
12876 14534
12895 14562
12906 14477
12950 14700
13009 15284
13057 14933
13136 14618
13191 14846
13205 15135
13251 14919
13338 15095
13373 15029
13449 14947
13462 14811
13518 15146
13544 15199
13660 15378
13677 15579
13678 15580
13719 15341
13825 15456
13831 28272
13848 15924
13866 28411
13868 15101
13957 16199
13997 16308
13998 16309
14027 16345
14067 15591
14074 15595
14102 15634
14111 15739
14127 15654
14173 15694
14194 16123
14195 16124
14197 15734
14221 15756
14222 15765
14229 16176
14325 15857
14363 15921
14364 15923
14463 15767
14468 16129
14483 16026
14488 15814
14501 15740
14541 16369
14570 16385
14601 16716
14610 16735
14687 16245
14693 16536
14724 16777
14757 28584
14799 16719
14886 17022
14909 16990
14941 17089
14943 16805
15108 17231
15172 17248
15276 16868
15441 16987
15492 17241
15501 29209
15527 17579
15578 18655
15623 16971
15670 18400
15671 17098
15705 17126
15706 17127
15727 17163
15762 17712
15778 17451
15784 17571
15804 17497
15806 17082
15821 17255
15885 17585
15931 17891
15940 17696
15942 17418
16007 17257
16039 18013
16149 17794
16166 17587
16193 18186
16215 18204
16261 17941
16271 17702
16272 17703
16276 17942
16302 18003
16334 17964
16342 17993
16366 18002
16406 18212
16407 18213
16480 18522
16485 18114
16495 18151
16622 18198
16669 18108
16698 18317
16702 17758
16707 17770
16709 18325
16712 18400
16714 29423
16730 17930
16763 18382
16811 29862
16822 18526
16823 18527
16837 18663
16892 18621
16893 18622
16991 18648
17001 18753
17085 19046
17106 18856
17218 18599
17286 18364
17309 18997
17312 18292
17344 29883
17389 18738
17423 18770
17453 18816
17460 19055
17466 18827
17473 19127
17483 19087
17495 19237
17504 18839
17505 18464
17571 19274
17572 19275
17582 18561
17589 18510
17618 18631
17619 18632
17640 18630
17649 19115
17666 19301
17667 19302
17679 18578
17682 18747
17687 19273
17714 18720
17800 18970
17805 19112
17959 19228
17979 18931
18066 19137
18106 29616
18262 19212
18884 4777
18942 13860
19367 20402
19368 20403
19386 20522
19388 20535
19402 20406
19405 20556
19420 20322
19421 30949
19473 30953
19474 30839
19503 20363
19516 20686
19521 20382
19529 20402
19530 20403
19531 30797
19545 31166
19550 30993
19622 20612
19657 20902
19693 31320
19694 31321
19705 20567
19751 20804
19756 20710
19815 20981
19832 31158
19845 31190
19846 31191
19871 31200
19872 20691
19889 20694
19897 20716
19908 31221
19924 20786
19925 20787
19937 21055
19938 21056
19944 20924
19981 31414
19983 20986
19996 20963
20016 20982
20039 31436
20076 31564
20077 21015
20096 2543
20118 21124
20130 21258
20137 20932
20146 21161
20151 31571
20163 2986
20164 21123
20165 21116
20198 31644
20229 31604
20234 31616
20235 21451
20326 31711
20368 21592
20416 31775
20420 31802
20435 21556
20467 31792
20468 31585
20481 21626
20537 21725
20541 21730
20568 21894
20583 32010
20656 31941
20657 31942
20676 31980
20711 32004
20727 21782
20760 21698
20782 31934
20783 31935
20802 32122
20814 32149
20829 22179
20841 22195
20843 22009
20850 31830
20851 31831
20855 22218
20856 22219
20859 22140
20871 31852
20884 32212
20911 22136
20913 22050
20924 22182
20942 22081
20960 22335
20961 22336
21049 32263
21080 22324
21099 32279
21187 32321
21195 5411
21204 21991
21216 22045
21217 22060
21242 22048
21310 32294
21335 22435
21339 32486
21340 32487
21425 32489
21447 22726
21465 22394
21561 22493
21568 22828
21587 22526
21620 23012
21634 32808
21635 22572
21636 22573
21656 22590
21657 22591
21663 17900
21717 23061
21725 23091
21761 23038
21779 32768
21799 23168
21880 23237
21980 23331
21998 23380
22091 32741
22119 23597
22120 23598
22138 23324
22183 23372
22205 23581
22228 23545
22263 7718
22286 7648
22287 33181
22308 23335
22311 23736
22312 23737
22341 23381
22382 23723
22383 23715
22411 23731
22437 7814
22456 23515
22474 33166
22510 23802
22515 23804
22524 23841
22545 23604
22560 23955
22648 23943
22649 23948
22653 33415
22699 23975
22721 33494
22763 24107
22765 8391
22795 8397
22797 24098
22798 24111
22813 24206
22827 24089
22841 23846
22856 33541
22859 33591
22861 24129
22872 24366
22881 33612
22892 24179
22893 24180
22896 24203
22927 24383
22940 24450
22941 24451
22960 24250
22973 33779
23031 24326
23076 24373
23085 24649
23114 24399
23128 33882
23136 24615
23154 24627
23307 24640
23353 24554
23355 24857
23380 24657
23394 24973
23395 24974
23408 33932
23449 24658
23450 24659
23504 24481
23512 24890
23513 24835
23538 25078
23555 9664
23560 24951
23561 24952
23583 24755
23661 24972
23692 9962
23693 24942
23706 24909
23711 24958
23712 24959
23766 25010
23767 28613
23774 24975
23775 24976
23799 10120
23988 25248
23996 25137
24013 9927
24052 9798
24053 9799
24055 25261
24066 25294
24086 25330
24096 25348
24116 10818
24168 25317
24172 10693
24222 10834
24232 25127
24240 25481
24337 10991
24352 11268
24367 25637
24381 25264
24387 25548
24407 25682
24408 25536
24434 25563
24457 25728
24472 25749
24512 25321
24547 25460
24554 10999
24557 25470
24599 25707
24600 25871
24620 25896
24626 34547
24630 11714
24632 25904
24633 25905
24655 25840
24697 25865
24708 25763
24723 25785
24728 25645
24738 11086
24741 25882
24798 25835
24808 26071
24812 11594
24819 26074
24822 26079
24868 25963
24888 25881
24908 26047
24915 25823
24942 25937
24956 25943
24959 12228
24989 26149
24991 26036
24992 25949
25002 26159
25020 26185
25038 25988
25039 25989
25046 26134
25063 26054
25068 12319
25081 26110
25082 26109
25083 12377
25090 26032
25093 35069
25106 12442
25112 11992
25140 26003
25144 12037
25156 25920
25159 26263
25180 34875
25186 26176
25196 12036
25220 26035
25225 26221
25244 12268
25245 12271
25247 26485
25285 26107
25286 26108
25290 26281
25291 26282
25313 26115
25330 26329
25340 26530
25367 26566
25374 26208
25389 26585
25409 26306
25461 26551
25470 35324
25485 26658
25498 26579
25535 12700
25547 26737
25548 26728
25553 12573
25557 26745
25560 26401
25561 26539
25621 26565
25638 26470
25643 26827
25645 35449
25650 26479
25660 26491
25686 26503
25703 26875
25704 26871
25717 26541
25729 26904
25745 26636
25768 13514
25769 13515
25874 26695
25879 24235
25882 26833
25886 13723
25912 27024
25958 27106
25985 13573
25994 13081
26001 27167
26002 26876
26005 13560
26006 13741
26012 27146
26027 27072
26030 27208
26031 27172
26050 27185
26053 26940
26056 27105
26061 27243
26070 27155
26091 27274
26104 27260
26105 26954
26106 26955
26110 26977
26116 41661
26118 27009
26124 27268
26129 26987
26171 27042
26172 26929
26177 14281
26179 27133
26180 27134
26181 27289
26182 27290
26189 13844
26198 14142
26208 26975
26223 26991
26246 27004
26252 27119
26267 14228
26272 27153
26278 13947
26288 13689
26292 27191
26337 27215
26341 27235
26349 27214
26389 27468
26390 27469
26406 27508
26429 27279
26447 14485
26453 35965
26479 27318
26481 27553
26484 27570
26501 27364
26517 27405
26537 14768
26544 14640
26549 27403
26550 27319
26559 27381
26563 27602
26564 14290
26574 14686
26595 27483
26597 27655
26613 27511
26614 27512
26620 27431
26621 35869
26644 14380
26645 14381
26689 27578
26699 27891
26724 27764
26737 27772
26738 27773
26751 14825
26767 27918
26778 27678
26779 27679
26806 15122
26807 15123
26837 27833
26892 27673
26898 28023
26944 27603
27022 27698
27027 27687
27046 27726
27060 27855
27076 15221
27097 15731
27098 15732
27117 15353
27176 15445
27182 28056
27193 4929
27211 28343
27224 15153
27289 28415
27306 28341
27307 36538
27319 15612
27339 15955
27340 15956
27341 28312
27369 28185
27371 28432
27375 28205
27381 28174
27438 28219
27439 28220
27441 15827
27445 28420
27458 28240
27459 28241
27467 28239
27479 28298
27480 15553
27488 28445
27505 28286
27514 16197
27524 15965
27559 16219
27564 15909
27565 15227
27569 28412
27575 28413
27583 28246
27632 16157
27655 16203
27664 36523
27687 28732
27746 16503
27747 28555
27748 28556
27759 16000
27777 28906
27786 28906
27803 28423
27809 28773
27818 28873
27830 28870
27892 28946
27896 28809
27945 28733
27999 17322
28013 28817
28028 17340
28048 29095
28086 29217
28088 17095
28103 28708
28115 28897
28117 29125
28140 29231
28210 36951
28221 29112
28229 28844
28230 29217
28248 29312
28251 28955
28257 29159
28258 29160
28331 29133
28334 37134
28359 29087
28361 29369
28375 29258
28382 29087
28385 17899
28389 29379
28397 29109
28398 29110
28439 28995
28449 17332
28452 29537
28453 29311
28520 29413
28522 29582
28539 29505
28560 18117
28561 18118
28583 29446
28592 29184
28606 17478
28609 17936
28614 29527
28630 18221
28723 29461
28740 29632
28745 29539
28746 29540
28752 17933
28760 29507
28761 17932
28821 29621
28832 17631
28833 18575
28841 29687
28868 29900
28907 29785
28908 30238
28909 29786
28915 18367
28916 29550
28945 29653
28970 29671
28972 18713
28975 18289
28985 18296
29024 18514
29027 29859
29050 18634
29058 29976
29061 18695
29072 18415
29081 29898
29085 29968
29093 29800
29113 29944
29127 18867
29130 29762
29131 29763
29160 29935
29161 30023
29175 19014
29176 19015
29183 18837
29186 29961
29190 30052
29210 18900
29214 18717
29215 18718
29223 37645
29230 30102
29232 18554
29235 29915
29277 18492
29278 18493
29314 18517
29322 29853
29333 30238
29335 29982
29338 18948
29370 30205
29383 29878
29391 30133
29393 30135
29403 19204
29412 19045
29413 29852
29419 30183
29424 30157
29434 29894
29438 19271
29442 19097
29449 19111
29454 30136
29463 19172
29472 19153
30275 38197
30277 30875
30295 38422
30296 38423
30326 30932
30336 31025
30341 38393
30343 38478
30360 30975
30367 31062
30369 31164
30413 31123
30568 31183
30578 31295
30639 38721
30647 31214
30652 38570
30684 31380
30715 31328
30722 31333
30735 31347
30739 31467
30750 31432
30755 31452
30767 31486
30768 31487
30787 21284
30808 31294
30850 31594
30851 31595
30871 31489
30890 31737
30912 31656
30922 31591
30938 31699
30944 31607
30946 31693
30956 38926
30959 38855
30962 38849
31008 31923
31014 31766
31015 31767
31063 21590
31115 31956
31129 31878
31139 31780
31160 31789
31162 32014
31163 32015
31172 31984
31184 38932
31217 39095
31220 32060
31270 39084
31280 31798
31316 31841
31323 32205
31330 32093
31343 22136
31353 39212
31371 32227
31415 31951
31423 32278
31441 32252
31480 32188
31545 32359
31556 32437
31562 22599
31579 39368
31591 32353
31610 32359
31621 32413
31665 32359
31680 32505
31705 32571
31729 32651
31744 32534
31752 39524
31789 32602
31796 39319
31801 32350
31805 32356
31816 39512
31845 32744
31851 32685
31869 39365
31906 39635
31907 32848
31915 32752
31931 32740
31954 32852
31964 32787
31970 32785
31982 32800
32008 39476
32010 32814
32024 39576
32028 32912
32029 32913
32107 33064
32108 33065
32110 33011
32130 33037
32131 33038
32208 33048
32213 33022
32235 23600
32258 33113
32264 33090
32271 33123
32298 33124
32360 33197
32407 39947
32412 23448
32453 33274
32468 33442
32520 33398
32556 33386
32610 33480
32623 33333
32631 33566
32635 33487
32651 33584
32661 33470
32666 33464
32667 33473
32677 8391
32689 33523
32690 33524
32692 24098
32741 33533
32743 33517
32746 33536
32770 33565
32785 33592
32788 33686
32804 33570
32819 33588
32825 33597
32865 33644
32876 40220
32880 33826
32882 40224
32910 24365
32939 33719
32969 33743
32984 33781
32989 33794
32994 33804
32998 33780
33016 33807
33025 33821
33047 34040
33068 33690
33088 33854
33089 33891
33105 33911
33106 33912
33125 33935
33126 33937
33143 33944
33150 33998
33171 33962
33194 34047
33205 33792
33301 34092
33362 34114
33400 34183
33519 34185
33531 34247
33541 34280
33552 34033
33557 34257
33573 34314
33593 34301
33623 34326
33631 34372
33702 34457
33708 34323
33725 34463
33736 34495
33769 34521
33773 25144
33783 34535
33790 34535
33795 34209
33838 34290
33872 34641
33880 34640
33903 40937
33913 34363
33914 34541
33924 34349
33949 34690
33950 34393
33962 34695
34002 34456
34009 34741
34058 34439
34073 34477
34074 34669
34099 34530
34138 34806
34159 34888
34180 25938
34185 34822
34202 34933
34208 34934
34209 34935
34235 19001
34251 26140
34260 26147
34268 34856
34278 35009
34287 26192
34288 26193
34304 35025
34309 26125
34313 34863
34328 34759
34331 34757
34352 35065
34360 34894
34365 25856
34366 35084
34370 25893
34378 26059
34406 35032
34407 35033
34412 34833
34413 34834
34426 35127
34428 35129
34434 34980
34435 35077
34449 41219
34454 34947
34455 35071
34487 25957
34488 35000
34493 34961
34500 26213
34504 34952
34506 35174
34507 35175
34518 26468
34519 35125
34528 35170
34568 35026
34577 35220
34589 35070
34598 34928
34602 35028
34604 35250
34606 34991
34609 35227
34613 35110
34617 35013
34635 26562
34667 35302
34675 26644
34677 35058
34679 35372
34680 26651
34695 34923
34703 35102
34705 41417
34727 35122
34732 35388
34758 35329
34763 35401
34769 35402
34775 35237
34776 35455
34804 26511
34806 35483
34812 35224
34813 35225
34825 35466
34826 35467
34831 26637
34832 26638
34835 35305
34842 35266
34860 26890
34862 41528
34903 35397
34928 35422
34936 35569
34943 35606
34947 35594
34948 35588
34991 35591
35007 35463
35020 35584
35030 35518
35033 26920
35044 35527
35045 35528
35058 35660
35062 35531
35063 35368
35068 35534
35092 35712
35097 35698
35098 35699
35104 35697
35122 35729
35129 35659
35137 35731
35153 35745
35164 35555
35171 27028
35176 35563
35177 35637
35178 35638
35188 35736
35189 41567
35192 35503
35221 27245
35237 35538
35243 35655
35267 27128
35280 35854
35285 35702
35295 27165
35316 35728
35354 27259
35367 35751
35371 35761
35376 35664
35384 35879
35391 35892
35396 35773
35400 27095
35419 35950
35432 35790
35433 35801
35434 35723
35440 27574
35445 35901
35455 35827
35462 35932
35463 35835
35466 35930
35474 35939
35476 35851
35479 35840
35481 35796
35494 35946
35498 36058
35528 27665
35556 35762
35566 27664
35570 27709
35576 35883
35578 36029
35584 35877
35591 35986
35592 35987
35594 36053
35595 27320
35599 36146
35622 36162
35663 36098
35664 36099
35665 36219
35668 36100
35701 27826
35702 36141
35751 35926
35780 36062
35783 36210
35790 42446
35795 36227
35826 36211
35836 36142
35857 28332
35879 28071
35938 41949
35956 36411
35974 36213
35981 27964
35995 28217
36024 36337
36039 36380
36047 36510
36053 36340
36057 36474
36068 36386
36090 36689
36101 36516
36104 36416
36111 28454
36116 36399
36117 36400
36118 36397
36130 36566
36133 36577
36140 36684
36168 36443
36175 36502
36186 36730
36190 28551
36212 36493
36218 36398
36255 36765
36259 36834
36286 36736
36295 36444
36296 36445
36299 36660
36316 28863
36317 36562
36334 36468
36360 36808
36373 36494
36398 28772
36399 36807
36408 36895
36448 36952
36522 36741
36523 36742
36534 37040
36541 36830
36563 29182
36564 37065
36577 37027
36614 29010
36620 36991
36625 36828
36626 36827
36650 37112
36672 29280
36678 36844
36698 37051
36747 37183
36750 37097
36758 36839
36788 37223
36814 37154
36824 29320
36866 29088
36867 29089
36878 37319
36900 29137
36922 29387
36925 29416
36955 29353
37015 37423
37030 37161
37049 37381
37080 37431
37099 29660
37105 29399
37110 37274
37111 37275
37119 37434
37130 29674
37138 29431
37142 37489
37150 37218
37185 37499
37199 29846
37206 29509
37213 37443
37214 37444
37216 29745
37233 37602
37237 37482
37247 37506
37253 37374
37259 37514
37267 37640
37275 29720
37283 37399
37286 37526
37287 37680
37291 37590
37315 37687
37324 37570
37344 29918
37350 37474
37356 30188
37358 37487
37394 37734
37402 29730
37408 30005
37420 29903
37426 37786
37443 29772
37444 29750
37449 29953
37453 29814
37464 29970
37465 29835
37471 37593
37506 37646
37514 37713
37515 37714
37528 30162
37540 30173
37605 37684
37625 37701
37631 37682
37645 37768
37670 37719
38133 43491
38134 43493
38136 38291
38140 38316
38165 43529
38173 38496
38175 43469
38189 38230
38207 43545
38208 43546
38213 38443
38226 43516
38241 38404
38243 38521
38251 38529
38255 43411
38272 43548
38277 38583
38280 38460
38298 38624
38341 43592
38356 38701
38392 38592
38393 38593
38397 38780
38398 38606
38401 38781
38402 38702
38406 43643
38424 38725
38425 38726
38443 38720
38444 38772
38510 38614
38517 38705
38524 38798
38530 38818
38531 38819
38532 38883
38539 43791
38562 43790
38563 38848
38566 43793
38567 38858
38587 43813
38617 43828
38625 43737
38627 38908
38632 38910
38634 38912
38647 38999
38660 43801
38663 39005
38665 38963
38678 38983
38701 39070
38721 39113
38782 43940
38802 38898
38811 44000
38812 44011
38818 44033
38823 39127
38824 39128
38834 39165
38839 43922
38842 44064
38845 39214
38847 44002
38871 44076
38873 43982
38874 43999
38875 39197
38880 44084
38882 43976
38891 39207
38918 39028
38923 44004
38974 44048
38996 39218
38998 44159
39046 39390
39047 39391
39053 44104
39079 44183
39085 44244
39097 39457
39106 39387
39137 39358
39149 44131
39169 44135
39187 39493
39190 39470
39196 39324
39230 39351
39236 39535
39246 39364
39251 44203
39252 39374
39253 39375
39267 39578
39269 39605
39306 39616
39311 39613
39327 39569
39346 44455
39393 39782
39400 39598
39402 39777
39424 39761
39434 39762
39464 44391
39476 39786
39488 39822
39492 39808
39529 39864
39533 39866
39569 39916
39574 33308
39584 44569
39597 33442
39653 40009
39677 40111
39689 33557
39718 40070
39737 40074
39746 40082
39749 33613
39750 40081
39751 40086
39775 44711
39778 44768
39779 40115
39795 40145
39815 44775
39829 40220
39833 44760
39843 40186
39845 40193
39849 40255
39857 40320
39874 40244
39882 40213
39910 40280
39911 40389
39920 40318
39922 40291
39947 40304
39955 40308
39962 40458
39975 44851
39983 40351
39996 40362
39997 40363
40013 40344
40018 40467
40022 40377
40060 40416
40073 40469
40085 40421
40098 40504
40152 40519
40194 40559
40206 40514
40213 40573
40222 34139
40235 40499
40236 40500
40237 40568
40261 40523
40264 45044
40286 40667
40321 40729
40326 40693
40328 40694
40339 45035
40361 40530
40370 40705
40391 40696
40405 40761
40416 40768
40436 40717
40465 40731
40488 40783
40489 40847
40513 40881
40516 40874
40522 40886
40526 34586
40527 40686
40538 40826
40539 40827
40543 40901
40560 40927
40561 40928
40576 40937
40580 40944
40595 40971
40601 40902
40608 40976
40617 40953
40619 40819
40621 40758
40637 40788
40661 41030
40683 45467
40684 45468
40694 41058
40706 34786
40708 40978
40714 40856
40725 41085
40733 40995
40734 40996
40736 40992
40750 34772
40751 41059
40752 41060
40771 41033
40780 41090
40787 41028
40793 41153
40812 41167
40824 41148
40842 41065
40869 41250
40873 41127
40879 41124
40890 41144
40898 41219
40912 41064
40917 41241
40933 41210
40946 41162
40951 41187
40965 34976
40974 41362
40979 41367
40984 41380
40985 41381
40991 41202
40994 41375
40997 41206
40998 41207
40999 41208
41010 41396
41011 41397
41015 41118
41028 41305
41032 45546
41040 41463
41044 41315
41047 41280
41053 41231
41058 41453
41064 41343
41078 41468
41086 41470
41102 35034
41107 41324
41113 41283
41128 41352
41139 41528
41140 41368
41143 41363
41158 41455
41159 35397
41168 41275
41170 35553
41171 35554
41175 35422
41183 41287
41184 41538
41185 41539
41188 41492
41208 35479
41211 35585
41223 35493
41226 41506
41231 35518
41235 41425
41250 35368
41291 41571
41305 41562
41314 41581
41316 41667
41319 41597
41340 41621
41341 35503
41353 35611
41363 41593
41377 41626
41392 41635
41408 35808
41422 41584
41427 41587
41433 35715
41441 35900
41446 41764
41454 41686
41460 41773
41473 35899
41483 41794
41504 41807
41519 41889
41537 41877
41538 41878
41561 41852
41566 41939
41576 41842
41578 41783
41589 41941
41590 41795
41594 41782
41611 41817
41618 46003
41628 41881
41637 41792
41661 41892
41673 41865
41681 41954
41684 41810
41685 41811
41693 41959
41697 41847
41733 42008
41736 42016
41741 42018
41747 42020
41783 42010
41791 42088
41826 41962
41827 41963
41839 41961
41846 42003
41847 42037
41848 42100
41871 36558
41872 36559
41876 42101
41923 42239
41924 42240
41928 42025
41970 42203
41974 42303
41984 42135
41987 42144
41988 42145
42001 42233
42003 42132
42013 36570
42028 42091
42036 42320
42048 36813
42064 42156
42069 42249
42076 36668
42095 41935
42100 41935
42108 36862
42117 36562
42123 42396
42158 42374
42167 36698
42185 42308
42187 42391
42257 42392
42278 42516
42279 42517
42296 42526
42307 42393
42310 42454
42318 36847
42328 42501
42340 42504
42372 42532
42375 42529
42377 36872
42378 36873
42392 42563
42393 42564
42398 37228
42407 42552
42425 42474
42447 42718
42450 37026
42457 42553
42460 42607
42465 42725
42480 42584
42481 42585
42492 37021
42493 42593
42499 42530
42504 37304
42507 6185
42540 42556
42541 42557
42554 42534
42563 42716
42565 37132
42566 37133
42570 46666
42583 42830
42588 42740
42595 42671
42597 37379
42620 42701
42644 42666
42656 42879
42657 37441
42679 42776
42705 42855
42725 42886
42734 37488
42735 37693
42740 42880
42741 37506
42750 37451
42753 42908
42754 42909
42757 42857
42758 42750
42759 42751
42762 42948
42765 42850
42767 42743
42772 42895
42774 37452
42783 37595
42802 42922
42822 37686
42841 42813
42847 42810
42860 42960
42869 42839
42902 37527
42910 43049
42918 43054
42919 43055
42928 42896
42930 42917
42955 42902
42957 43044
42961 37611
42967 43003
42979 46880
42990 37649
42991 37650
43013 43041
43041 43024
43042 43025
43061 37764
43064 42980
43070 37748
43073 37719
43084 37784
43096 43006
43513 43507
43516 43389
43524 43531
43532 43540
43536 43621
43543 43628
43546 43609
43550 47243
43562 43584
43571 47223
43586 47290
43587 47272
43591 43538
43593 43564
43597 43623
43598 43612
43606 43622
43645 43617
43646 43624
43657 43703
43709 47336
43711 43749
43722 43756
43723 47369
43728 47292
43746 43803
43751 43781
43761 43800
43778 43814
43780 43827
43796 43860
43797 43839
43811 43848
43817 43933
43823 47472
43837 47487
43841 43885
43853 43829
43858 47526
43890 44012
43902 47504
43907 43903
43926 47529
43941 39151
43942 47615
43944 47466
43945 47608
43949 43985
43960 47557
43998 47626
44001 44173
44002 44141
44007 44184
44069 44138
44092 39237
44100 44221
44110 44239
44122 44271
44141 39396
44151 44317
44152 44318
44153 47776
44156 44307
44193 44339
44197 44314
44211 44212
44229 44385
44231 44344
44238 44356
44256 44360
44259 44358
44264 44369
44268 44419
44269 44420
44288 44461
44323 47870
44329 44487
44348 44444
44349 44445
44371 39853
44382 50718
44387 44552
44388 44553
44390 47888
44393 44563
44415 44560
44416 44534
44421 44592
44426 44525
44430 47948
44454 44599
44464 44601
44465 44602
44473 48012
44485 44610
44495 44625
44496 44626
44529 44657
44532 48033
44565 44685
44568 44687
44586 44704
44587 44705
44596 44708
44604 44718
44605 44720
44652 44793
44671 44813
44678 44810
44684 44812
44690 44823
44696 44825
44702 44829
44709 44837
44717 44979
44724 44879
44743 40335
44748 44909
44751 44911
44764 44917
44765 44927
44778 44944
44790 44969
44801 44977
44803 45004
44807 44950
44818 45028
44829 45039
44833 45007
44837 44989
44838 44990
44839 45003
44856 45027
44858 45110
44870 40638
44879 40658
44880 45103
44897 45001
44903 40623
44920 45168
44923 45144
44927 45031
44929 45091
44937 45101
44940 45035
44969 45143
44983 45221
44985 40737
45014 45266
45022 45206
45023 45207
45036 45218
45052 45289
45054 45290
45060 45258
45075 45307
45079 45368
45093 45330
45120 40771
45140 45329
45146 45269
45159 45395
45173 45351
45194 45364
45198 45375
45199 41052
45222 45371
45223 40995
45224 40996
45229 45401
45236 45429
45239 45387
45240 45302
45244 45460
45252 40894
45253 45405
45254 45406
45268 45473
45275 45423
45276 45424
45280 45418
45286 41041
45287 45426
45288 40956
45294 45498
45298 41071
45299 41072
45301 41188
45310 45521
45314 45526
45317 45487
45318 45488
45325 45501
45330 41078
45331 45535
45332 45536
45340 41103
45342 41132
45357 45417
45358 45518
45393 45497
45394 41186
45414 45630
45425 41411
45430 45541
45433 45615
45443 45644
45448 45579
45453 45545
45454 45612
45462 45593
45463 45666
45464 45667
45473 45683
45480 45607
45491 41504
45506 45566
45509 45735
45510 45722
45513 45637
45517 41434
45518 45737
45528 45702
45537 45614
45542 45665
45544 45624
45545 41337
45551 41348
45572 45739
45573 45740
45580 45792
45593 45763
45594 45791
45600 45761
45601 45762
45613 45767
45646 45731
45655 45757
45657 41545
45659 41669
45670 45836
45675 41661
45676 45886
45683 45871
45692 45807
45703 41604
45707 41594
45715 45928
45725 41745
45739 45916
45741 45852
45746 45951
45770 45866
45775 41695
45782 45878
45784 45876
45794 41752
45807 45899
45808 45905
45811 45968
45813 45969
45819 46029
45820 45982
45830 49027
45832 45931
45835 46048
45846 45972
45849 41779
45866 48975
45895 45979
45896 46094
45906 45957
45908 41822
45915 45993
45921 45980
45926 41957
45942 46013
45960 46153
45963 42126
45965 42007
45972 46037
45985 46041
46030 46194
46050 46217
46056 49133
46064 46206
46067 46084
46070 46117
46071 46118
46079 46196
46091 46203
46097 46212
46098 46213
46100 46281
46102 49156
46104 46154
46105 46133
46106 46222
46107 46223
46113 46099
46118 46235
46124 46280
46129 46302
46131 46156
46136 46111
46138 42120
46140 42268
46144 42235
46149 42244
46152 42237
46157 42362
46185 46287
46191 46168
46204 42130
46211 42300
46220 46342
46238 46369
46254 42219
46258 46249
46260 42468
46274 42475
46275 42477
46290 46300
46303 42515
46307 46492
46313 46320
46321 42432
46323 46335
46326 42524
46334 46453
46335 46519
46345 46479
46355 46537
46358 42371
46368 42506
46376 46438
46393 46385
46395 46496
46405 42618
46413 46423
46424 49264
46448 46570
46449 46571
46451 46450
46462 46505
46465 42635
46467 46589
46468 46590
46473 42513
46474 46539
46485 46593
46488 46671
46513 46668
46514 46669
46527 42519
46531 46624
46534 42572
46539 42598
46571 46707
46590 46681
46608 42892
46610 46685
46615 46756
46616 46647
46623 46670
46634 42836
46647 46769
46655 46656
46666 46750
46669 42891
46671 42821
46674 46692
46680 46735
46688 42789
46690 46705
46697 46812
46699 42904
46702 46672
46703 42946
46712 46810
46717 42860
46723 42965
46733 42984
46735 46828
46746 42838
46749 46790
46761 46853
46773 46842
46783 37599
46787 46896
46793 46855
46797 42934
46798 46859
46833 43067
46837 46880
46838 46884
46840 42920
46844 42943
46879 43056
46881 46836
46893 42987
46894 46848
46903 46830
46912 46838
46927 46868
46941 43050
46961 43060
46962 43061
47197 47186
47202 49783
47206 49786
47215 47107
47216 47217
47220 47228
47224 47212
47235 47277
47239 47206
47242 49832
47243 47306
47251 49806
47252 49807
47259 47221
47281 49817
47284 47244
47286 47245
47294 47260
47296 49860
47300 47341
47324 47246
47333 49908
47341 47348
47342 47349
47351 47359
47362 49906
47363 47374
47384 47409
47390 47435
47395 47427
47401 47440
47402 47441
47409 47405
47410 47406
47430 47378
47463 47430
47495 47603
47528 47576
47529 47577
47531 47617
47544 47652
47550 47658
47565 50116
47575 47691
47582 47579
47613 47730
47619 47657
47621 47671
47628 47624
47646 50148
47647 50149
47650 47641
47667 47787
47668 47788
47676 44322
47694 47790
47695 47791
47705 47816
47728 47718
47748 47849
47749 47850
47750 47851
47778 47846
47781 47889
47782 47890
47794 47847
47817 47834
47818 47835
47829 44535
47833 47924
47835 47926
47837 47907
47838 47862
47841 47914
47847 44545
47853 47920
47855 47937
47879 47967
47895 47910
47899 47990
47903 47971
47904 47972
47914 48009
47915 48010
47930 50342
47956 48051
47959 48025
47968 48041
47970 48037
47985 48054
47989 48062
47991 48065
48033 48153
48048 48180
48061 48248
48062 48249
48063 48146
48064 48147
48069 48207
48074 48168
48081 50459
48083 48283
48086 48179
48093 48268
48097 48191
48111 48250
48118 48129
48121 48227
48159 48264
48160 48265
48168 50551
48177 48317
48200 48356
48211 48338
48212 48396
48218 48327
48224 48353
48241 48341
48242 48342
48271 48404
48274 45154
48275 45156
48278 48375
48284 50620
48291 45079
48297 48391
48313 48439
48323 48444
48366 48387
48378 48423
48379 48508
48383 48511
48390 48513
48395 48485
48408 48507
48448 48547
48463 48599
48483 48567
48484 48568
48489 48619
48497 48493
48525 48670
48526 48668
48530 48671
48534 48597
48540 48553
48542 48678
48543 48679
48548 48552
48550 48629
48558 48654
48559 48655
48562 48666
48566 48664
48572 48646
48573 45471
48579 48637
48581 48697
48589 48707
48590 48686
48594 48723
48595 48724
48608 50808
48609 48658
48611 48667
48614 48674
48615 48675
48616 48624
48617 48625
48618 48626
48629 48720
48642 48704
48650 48744
48651 48745
48653 48721
48656 48631
48658 48770
48671 48785
48672 48786
48673 48796
48686 48791
48687 48742
48688 48743
48689 48793
48704 48740
48718 45773
48730 48818
48731 48819
48733 48843
48734 48774
48735 48846
48743 48847
48749 48855
48750 48856
48762 45652
48763 45653
48791 48840
48792 48889
48797 48907
48799 48877
48803 48832
48811 48812
48814 48916
48828 45818
48829 48900
48833 48870
48835 48831
48839 48858
48841 48909
48844 48868
48845 48869
48854 45908
48856 48873
48878 48949
48879 48950
48886 48955
48887 48947
48892 48996
48893 48917
48894 49003
48896 45907
48898 48966
48913 49014
48920 48974
48922 50961
48931 49031
48932 49032
48937 45954
48971 48930
48972 48931
48976 48936
48989 49025
48991 49071
49019 46032
49027 49119
49046 49056
49050 49108
49064 49105
49065 49123
49075 49051
49077 49172
49083 49068
49097 49183
49111 49192
49120 49132
49135 49226
49153 46293
49162 49195
49186 49277
49187 52505
49190 46383
49200 49229
49208 49302
49214 46363
49215 46466
49220 49294
49221 49256
49230 46482
49248 49251
49259 46525
49275 49319
49292 49372
49297 49378
49298 49329
49303 46495
49307 49238
49313 49275
49318 46440
49320 46530
49321 46436
49323 49293
49333 49305
49344 49340
49350 46636
49351 49327
49353 46508
49354 46509
49360 49424
49363 46643
49372 46665
49374 49446
49385 46664
49390 46680
49399 49339
49403 46575
49417 49390
49418 49391
49420 46700
49422 49468
49425 46637
49430 49441
49437 49412
49438 49413
49452 49475
49454 46686
49456 46611
49464 49376
49465 46607
49483 49419
49484 49432
49485 46720
49486 49525
49488 46698
49489 46699
49492 49504
49494 46745
49499 49487
49503 46708
49507 49478
49515 49430
49517 46820
49537 49534
49538 49535
49566 46875
49568 46710
49571 49516
49572 49517
49591 49536
49596 46759
49604 49574
49611 49499
49628 49518
49629 49519
49632 46765
49633 46773
49645 46815
49655 49528
49660 46884
49666 49557
49678 49550
49683 49576
49694 49584
49720 46871
49911 49783
49918 49790
49921 51522
49944 49834
49966 51574
49976 51580
49984 51553
49986 49824
49987 49833
49989 51562
49990 49831
49993 49899
50001 49891
50007 49852
50009 49892
50024 51617
50036 51639
50050 51592
50051 49926
50052 49927
50053 51638
50055 51599
50070 51671
50087 49937
50091 51672
50092 50010
50112 50046
50116 50047
50129 50045
50131 50071
50133 51713
50146 50026
50171 51767
50174 50034
50188 50037
50190 50120
50197 50084
50204 50083
50218 50111
50223 50076
50229 50148
50231 50164
50242 50203
50243 50165
50244 50166
50247 50182
50258 50162
50268 50219
50272 50130
50273 50195
50277 50225
50281 50200
50337 51866
50360 50268
50369 50300
50383 51889
50398 51911
50402 50333
50425 50346
50429 50352
50430 50357
50439 50309
50452 50399
50463 50375
50464 50381
50471 51964
50472 51968
50475 50388
50477 50391
50483 50410
50484 50405
50485 50406
50489 50436
50490 51984
50494 50455
50501 50424
50509 50433
50510 50434
50515 50431
50519 50500
50554 50472
50555 50473
50572 50513
50573 50514
50594 50520
50599 50519
50606 50532
50643 52060
50654 50559
50679 50580
50683 48389
50689 50617
50690 50601
50694 50619
50711 50634
50720 50648
50723 50624
50743 50656
50746 48511
50749 50659
50757 48485
50772 50678
50791 50709
50798 50717
50799 50698
50803 48605
50805 50663
50814 48587
50818 50725
50829 50696
50840 50730
50853 48689
50854 48690
50856 50752
50863 50770
50865 48646
50866 50777
50870 50780
50882 48674
50883 48675
50896 50813
50897 50788
50898 50789
50914 50841
50916 50793
50917 50794
50920 50836
50923 50822
50927 50800
50929 50848
50947 48761
50959 50826
50967 50847
50983 48772
51004 50883
51008 50858
51009 50881
51014 50886
51024 50905
51029 48900
51030 48903
51031 48908
51033 48851
51037 50937
51038 52297
51039 50912
51041 50936
51044 48896
51057 50939
51060 48952
51066 50964
51073 52373
51076 50978
51077 49010
51081 49014
51083 50958
51100 51016
51105 50979
51109 51002
51134 51021
51135 51022
51139 52391
51153 48972
51154 52415
51157 49007
51184 51015
51187 51090
51188 51031
51193 51069
51208 51080
51219 51067
51223 51091
51233 51099
51234 51100
51242 49135
51247 51106
51251 51140
51256 51139
51260 51132
51262 51157
51265 51125
51266 51107
51282 51105
51291 49166
51294 52514
51307 52460
51319 52539
51327 49314
51328 49315
51331 51215
51335 53384
51341 51236
51345 51148
51346 49322
51347 49323
51364 51252
51367 51169
51378 51184
51379 49367
51381 49324
51387 51235
51392 49238
51402 49399
51412 51204
51418 51259
51426 46549
51429 51224
51432 49299
51434 49366
51438 51217
51439 51226
51456 51283
51462 51272
51479 49407
51487 52621
51489 51315
51502 49467
51504 52600
51506 49423
51509 51318
51513 51362
51518 51320
51523 51325
51525 49455
51526 51326
51529 51331
51547 51323
51554 51335
51561 51328
51571 49510
51575 51339
51585 49554
51586 51366
51593 51357
51600 49537
51606 49569
51616 51364
51620 51367
51621 51375
51622 51378
51623 51379
51635 51370
51636 51371
51637 49568
51742 51497
51762 51544
51774 51528
51775 51525
51777 51526
51779 51579
51780 51558
51788 51570
51790 51601
51795 51600
51800 51584
51822 52812
51823 51631
51833 52821
51837 51618
51838 53618
51844 51633
51858 51649
51864 53629
51898 51684
51899 52905
51916 51710
51927 52929
51931 51751
51936 51761
51938 51695
51946 51776
51949 50136
51959 52925
51966 51797
51974 51811
51982 52971
51988 51829
52004 51816
52005 51817
52024 51865
52028 52988
52065 51910
52070 51907
52072 51915
52075 50320
52076 51901
52077 51902
52080 51913
52085 51909
52089 51916
52098 53033
52106 51943
52115 53048
52122 51960
52127 51970
52134 51977
52164 51998
52174 52000
52181 52037
52182 52038
52185 52002
52186 52003
52187 53114
52209 52054
52220 52016
52237 52051
52252 53149
52255 52068
52274 53156
52298 52090
52305 52093
52307 52109
52313 53199
52315 52116
52321 52131
52332 52143
52333 52144
52337 52156
52338 52157
52341 52163
52343 53181
52344 52171
52345 52172
52346 52175
52350 50688
52351 50689
52353 52182
52358 52200
52359 52201
52367 52185
52372 50685
52373 50686
52375 52193
52378 52197
52394 52209
52395 52218
52400 52210
52415 50702
52416 50737
52417 52225
52420 53227
52421 52236
52431 52242
52432 52243
52438 52229
52439 52251
52448 52237
52450 50804
52453 50820
52454 50821
52464 52268
52471 52231
52476 52277
52477 52278
52479 50866
52486 52271
52487 52305
52500 52272
52503 50885
52507 50854
52513 50914
52515 50903
52521 50884
52522 52308
52526 52306
52530 52329
52532 52314
52535 50957
52552 50973
52554 52327
52557 52355
52560 52356
52561 52333
52562 52334
52564 52360
52571 52371
52580 52381
52581 52374
52587 50981
52589 52338
52594 51014
52601 52396
52602 52388
52605 52359
52619 52387
52621 53383
52622 53384
52624 51027
52630 52427
52631 52428
52640 53393
52641 52403
52648 51049
52652 52454
52663 52425
52664 52426
52665 53404
52670 52467
52671 51153
52673 51050
52674 51110
52679 52440
52680 52470
52691 51186
52692 52446
52709 52484
52712 53438
52713 52498
52717 51197
52724 53440
52726 51119
52731 51171
52740 52492
52747 52489
52749 52526
52750 52503
52762 51190
52763 51240
52764 52549
52769 51275
52772 52538
52774 52560
52775 52561
52781 52542
52783 52567
52788 51270
52797 52552
52800 52592
52804 52576
52806 52579
52811 52603
52812 51332
52822 52620
52827 51305
52831 52613
52835 52605
52841 52623
52844 52581
52851 52614
52856 52641
52857 52642
52859 52648
52862 51336
52869 51334
52880 52631
52883 52675
52884 52638
52887 52637
52888 52664
53031 52741
53032 52742
53037 52786
53038 52765
53041 52787
53046 52774
53050 52778
53056 52798
53068 52796
53071 52795
53073 52816
53074 52826
53076 52809
53083 53618
53084 52824
53097 52844
53125 52882
53155 52922
53163 52943
53164 52944
53172 53659
53180 52948
53183 52936
53184 52963
53223 52998
53243 53726
53248 53029
53255 53031
53276 53054
53282 53061
53296 53073
53321 53096
53330 53118
53341 53129
53358 53783
53359 53142
53371 53157
53379 53171
53382 52091
53388 53176
53389 53177
53393 53180
53405 53192
53410 52142
53411 53198
53421 53208
53422 53209
53426 53205
53435 52192
53437 53217
53444 53214
53449 53223
53465 53219
53467 53222
53473 53245
53474 53241
53483 53231
53487 53243
53497 53250
53498 53251
53503 53237
53510 52254
53511 53254
53512 53255
53521 53270
53526 52303
53530 53273
53531 53274
53533 52302
53534 53276
53537 53297
53543 53303
53545 53312
53559 53336
53579 52347
53580 53323
53582 53328
53589 53333
53593 53346
53594 53347
53597 53365
53600 53358
53606 52410
53620 53364
53631 52432
53639 53944
53653 53406
53666 53422
53689 52519
53690 52520
53691 52557
53695 53441
53703 53478
53705 52585
53706 52565
53707 53469
53714 53443
53717 52595
53718 53452
53719 52554
53722 52583
53724 52562
53725 52563
53726 53491
53727 53460
53753 53470
53754 52610
53757 52601
53758 53508
53765 53510
53766 53543
53768 53498
53775 53501
53779 53524
53781 53507
53790 52626
53791 53517
53792 53518
53801 53539
53812 53530
53903 53622
53910 53627
53948 54135
53951 53664
53955 54137
53968 53667
53998 53714
54012 53706
54013 53707
54024 53737
54026 53037
54059 53770
54060 54196
54067 53786
54069 52059
54075 53783
54080 53799
54084 53803
54085 53804
54092 53816
54093 53817
54105 53825
54114 53841
54118 53843
54120 53844
54126 53847
54137 53267
54153 53287
54154 53288
54155 53299
54160 53877
54161 53878
54162 53872
54167 53279
54168 53886
54169 53315
54177 53336
54181 54276
54182 54277
54189 53881
54190 53901
54197 53900
54207 53920
54214 53934
54231 53947
54232 53942
54239 53946
54241 53944
54252 53951
54253 53952
54257 53976
54262 53444
54269 53990
54270 53981
54271 53971
54273 53473
54274 53962
54280 53478
54281 53463
54290 53462
54292 53991
54298 54012
54300 54010
54310 53502
54311 53503
54317 53528
54318 54016
54322 53510
54323 54026
54324 54028
54325 53498
54330 54029
54339 53522
54341 53534
54353 53530
54414 54083
54418 54088
54420 54096
54453 54133
54459 54136
54462 54659
54469 54150
54489 54475
54500 54166
54502 54176
54506 54175
54517 54195
54526 54201
54536 54212
54537 54213
54557 54231
54563 54243
54564 54251
54567 54236
54569 54242
54580 54258
54583 54268
54589 53876
54593 54272
54594 53891
54595 54288
54603 54287
54612 54304
54618 54303
54619 53945
54624 54323
54625 54314
54626 54308
54632 54320
54636 54319
54638 53955
54639 53956
54642 53966
54647 53994
54656 54337
54657 54346
54658 54005
54670 53995
54671 54345
54676 54034
54681 54363
54684 54360
54685 54022
54751 54629
54780 54460
54790 54470
54807 54504
54812 54508
54818 54505
54832 54705
54835 54517
54848 54544
54852 54270
54854 54543
54856 54547
54859 54557
54860 54554
54861 54551
54862 54552
54866 54561
54873 54290
54887 54307
54889 54581
54893 54325
54900 54324
54908 54342
54913 54593
54917 54590
54918 54591
54924 54592
54928 54595
54972 54650
54981 54669
54986 54673
54987 54677
54990 54681
54995 54691
54998 54695
55002 54802
55004 54699
55009 54705
55013 54707
55015 54531
55025 54716
55026 54717
55031 54713
55036 54564
55044 54579
55046 54735
55048 54733
55088 54783
55089 54782
55095 54670
55096 54785
55097 54786
55102 54789
55103 54790
55104 54791
55105 54792
55106 54793
55129 54809
55130 54810
55141 54712
55143 54817
55154 54734
55155 54739
55162 54742
55166 54829
55208 54951
55213 54884
55216 54890
55218 54891
55222 54895
55263 54984
55281 54963
55289 54909
55293 54915
55307 54982
55308 54983
55321 54993
55322 54994
55323 54996
55331 55019
55333 55006
55337 55011
55338 55012
55339 55013
55343 54995
55346 55022
55347 55023
55349 55025
55350 55026
55357 55033
55358 55036
55360 55027
55364 55041
