3162
78 1381
84 2238
106 20542
198 20666
212 1936
217 2146
271 2377
273 2050
323 20692
354 2217
368 20623
427 2289
444 2399
468 1802
492 20429
494 20749
504 2457
505 2458
526 20820
555 2362
576 2470
585 2520
704 2484
740 20955
746 2647
747 2646
830 3149
856 2757
865 2700
872 20968
873 3190
920 2710
946 21057
947 21058
971 2832
977 2925
983 2821
1001 2787
1008 21103
1052 21135
1116 2861
1179 3561
1206 3113
1212 3205
1219 3716
1248 3173
1263 2583
1277 3450
1349 3402
1361 3519
1369 3447
1398 3558
1413 21322
1422 21436
1423 21437
1456 3428
1476 21073
1485 3711
1511 3450
1523 3830
1532 21490
1559 4144
1581 3501
1584 3633
1592 21496
1597 21881
1598 3603
1600 21879
1601 21880
1617 3535
1622 3552
1635 3558
1708 21977
1716 3814
1720 21660
1721 21661
1727 3641
1728 3640
1735 3603
1768 4383
1884 3916
1900 4264
1920 21789
1953 4240
2008 21814
2203 3936
2309 4366
2353 4307
2362 4336
2418 5199
2436 21802
2457 4012
2473 4315
2492 4388
2494 4329
2560 22288
2604 22168
2605 22169
2645 4870
2646 4423
2674 22297
2680 5398
2728 4874
2794 4953
2810 22141
2859 5084
2956 22555
2961 4911
3059 22121
3090 5577
3137 5530
3200 5467
3207 22155
3251 5794
3253 5841
3255 6103
3278 5888
3318 5653
3390 5745
3422 5755
3440 5786
3480 22942
3509 22776
3518 22964
3586 22816
3603 5983
3610 6194
3647 23040
3659 23030
3679 22872
3706 6352
3737 6145
3744 6096
3746 22941
3822 6174
3878 6238
3879 6239
3922 22833
3940 22592
3943 23098
3974 44577
4003 6409
4020 6461
4021 6462
4145 6255
4167 6564
4217 6676
4263 6823
4264 6824
4309 23524
4327 6667
4393 23348
4395 7170
4396 7171
4416 6962
4452 23432
4453 6684
4535 7078
4537 6734
4575 6364
4581 23504
4643 6985
4664 6770
4676 7497
4697 7591
4722 6982
4768 23772
4808 7636
4809 7637
4859 7672
4860 7769
4937 7445
4953 7336
4990 7805
4997 7802
5043 7404
5074 7490
5135 24055
5136 24056
5142 7644
5143 7645
5180 7574
5227 8039
5230 23830
5266 8156
5279 7695
5366 7727
5389 24206
5454 8278
5474 8381
5498 24225
5652 24368
5706 8614
5795 24462
5896 24251
5971 8857
6064 24403
6147 9143
6175 8785
6184 9047
6283 8809
6343 9303
6400 24622
6437 9410
6519 9151
6525 9277
6539 9560
6559 9298
6592 24678
6593 9054
6664 9572
6691 9744
6761 9697
6829 9122
6838 9284
6986 9607
6996 24933
7166 9783
7213 25077
7241 9634
7339 25065
7547 10219
7559 25211
7579 10306
7596 25272
7655 10361
7656 10362
7742 10398
7801 10625
8088 10762
8104 10773
8116 10270
8123 10791
8273 10900
8281 10971
8287 10876
8289 10814
8295 25543
8352 10997
8386 11040
8411 11365
8430 11349
8433 11087
8451 11334
8487 11329
8495 11318
8497 11011
8541 11345
8542 11346
8563 11470
8572 11236
8591 11128
8592 11129
8656 11083
8665 11574
8672 11445
8673 11446
8703 11523
8756 11785
8786 11804
8789 11730
8815 11422
8816 11749
8818 11865
8870 11513
8910 11813
8935 11730
8940 11856
8941 12085
8961 11713
8963 11408
9030 12084
9034 11667
9035 11668
9048 12141
9058 11992
9157 22800
9188 12164
9339 11766
9440 12289
9470 12759
9508 12790
9535 12814
9587 12614
9603 12233
9630 12839
9732 12574
9744 12426
9802 12633
9907 12544
9929 26764
9930 12505
10039 11883
10050 11896
10058 12693
10077 12997
10104 26158
10139 11983
10140 11982
10192 12953
10193 12954
10299 13743
10331 12802
10340 13277
10407 26657
10413 13237
10451 13207
10572 13363
10609 13383
10655 13136
10656 13137
10709 13436
10796 13201
10826 27082
10842 14112
10885 13663
10905 13608
10923 13151
10924 13152
10995 13455
11046 14262
11058 13840
11066 13273
11077 13748
11093 12865
11139 13293
11188 13346
11238 13391
11253 11813
11407 14582
11453 14120
11538 13955
11553 14208
11710 13887
11762 13958
11774 13839
11814 14318
11819 14415
11820 14416
11897 13657
11959 14139
11974 14490
11995 14986
11996 14987
12037 14138
12118 14155
12145 14218
12190 14773
12204 14248
12205 14249
12231 14554
12258 15010
12268 14437
12317 14696
12371 36451
12401 15035
12455 14918
12465 15092
12499 14964
12592 27757
12594 27710
12595 27711
12637 14704
12651 14783
12686 14821
12716 14781
12723 36478
12740 14803
12752 14823
12766 14925
12773 14842
12794 14853
12833 15363
12841 27833
12847 14923
12901 15187
12984 15054
13010 15163
13021 15514
13039 15520
13121 15492
13127 15626
13128 15627
13216 15793
13219 15287
13222 15672
13255 15683
13432 15958
13498 15923
13501 15424
13514 15932
13515 15933
13533 16100
13583 15410
13595 15800
13605 15516
13625 15948
13642 15547
13643 15548
13667 15579
13668 15452
13689 15237
13692 16088
13693 16089
13699 16096
13877 15906
13917 16242
13951 16269
13952 16270
13954 16350
14018 16461
14033 16314
14110 16234
14170 15602
14247 16379
14253 16742
14261 16391
14262 16392
14290 28612
14316 16259
14356 16330
14374 16429
14379 16050
14380 16188
14381 16189
14400 16494
14406 16508
14408 16354
14456 16445
14462 16555
14471 16251
14486 16515
14498 16524
14508 16571
14536 16523
14666 16296
14686 16868
14768 29125
14795 16796
14812 16471
14842 17208
14846 16765
14912 17346
14919 16815
14952 17309
14986 37348
14987 37349
14992 17348
15073 17214
15074 17215
15123 17457
15160 17551
15170 16795
15179 16795
15221 17102
15227 17662
15504 17303
15536 17387
15587 17458
15591 17351
15607 17655
15634 17502
15654 17446
15660 17512
15683 17472
15694 17471
15732 17966
15733 17878
15734 17494
15756 17502
15765 17519
15788 17928
15792 17600
15793 17532
15822 17567
15857 17587
15874 17634
15875 17635
15903 17670
15907 18195
15921 17669
15931 17662
16007 17777
16013 17735
16026 17725
16030 17798
16044 17776
16081 17464
16123 18090
16124 18091
16129 17915
16178 18381
16199 18488
16224 17990
16256 18455
16382 18401
16432 18103
16457 17747
16503 18434
16596 17994
16684 18438
16716 18914
16735 18928
16805 18795
16853 18492
16869 19002
16887 19010
17018 18622
17169 18941
17185 18555
17255 18852
17265 19348
17274 19296
17287 30226
17301 19335
17329 19180
17335 19367
17421 19237
17554 19380
17555 19381
17569 18968
17587 19164
17791 30295
17792 30296
18086 19351
18110 19204
18111 38262
19053 25667
19410 20704
19415 20715
19443 20739
19448 20559
19473 2310
19483 20645
19517 20671
19530 31280
19573 31328
19582 31261
19583 31262
19596 31360
19604 31388
19613 20439
19623 20861
19624 20862
19652 20828
19660 20962
19665 31398
19666 31371
19674 20908
19686 20707
19692 31565
19712 31186
19717 20863
19783 20608
19800 20983
19802 31393
19844 31515
19879 21022
19894 31493
19908 21306
19910 21095
19947 31560
20024 21222
20025 21223
20032 31703
20039 21159
20092 31672
20128 21327
20136 3203
20149 21696
20160 21353
20169 31766
20195 21486
20221 21502
20223 21656
20242 21064
20243 21681
20244 21682
20259 21432
20268 3830
20269 21668
20283 21474
20284 3559
20296 21607
20297 21608
20306 3519
20312 21343
20319 3721
20347 21500
20359 21924
20371 21517
20382 21530
20385 32054
20401 21661
20402 21550
20419 21698
20420 21699
20490 22081
20522 21896
20586 32166
20611 21923
20620 22253
20632 22268
20651 22033
20664 32272
20763 32103
20786 22004
20787 22005
20816 32369
20851 22432
20877 32356
20895 32445
20912 22142
20939 32405
20942 21849
20986 22379
21009 22551
21015 22399
21029 5353
21075 22335
21079 32314
21134 22549
21162 22577
21165 22707
21198 32558
21208 32584
21274 22607
21277 6040
21297 22877
21308 32725
21343 22782
21385 32813
21416 22898
21429 22887
21447 22817
21448 22818
21464 32987
21494 22970
21513 23009
21518 23039
21532 33044
21533 32812
21539 23037
21540 23038
21569 23048
21570 22924
21584 32951
21601 33078
21615 23253
21617 22672
21618 22673
21622 33167
21626 23116
21627 23117
21642 23152
21649 33033
21667 33052
21679 23191
21691 32932
21698 32919
21727 23169
21762 32983
21781 23129
21794 23473
21815 23327
21816 33253
21817 33254
21854 23532
21872 33065
21893 33218
21897 33355
21948 33246
21949 23644
22046 23748
22047 23749
22054 33309
22106 23419
22134 23858
22179 33504
22213 24022
22214 24023
22218 24027
22287 23803
22305 28639
22394 23487
22486 24240
22526 23620
22553 24325
22554 24326
22572 23624
22583 23905
22623 24396
22624 24156
22658 23726
22694 24474
22702 24478
22713 24483
22726 33821
22812 24619
22813 24620
22857 24437
22933 24286
23012 34114
23020 34036
23038 24628
23107 24714
23122 17123
23173 24709
23180 24851
23184 24640
23203 24665
23226 24823
23253 24753
23281 24873
23296 24748
23298 24942
23329 24867
23416 25107
23435 25006
23451 25110
23466 25049
23479 25052
23480 25053
23515 34183
23573 34488
23594 25234
23670 25275
23682 25124
23691 10350
23692 25295
23731 25316
23804 25335
23980 25550
24072 25749
24129 25634
24148 25821
24183 11127
24214 25772
24222 25658
24258 25808
24260 34952
24265 11298
24267 26019
24284 11785
24326 25861
24366 26166
24374 11546
24398 25939
24399 25940
24417 26113
24450 26252
24500 26216
24524 26342
24554 11702
24560 26476
24595 35328
24615 12232
24649 26586
24658 26138
24659 26139
24694 26221
24708 12419
24755 26222
24801 26382
24802 26383
24803 26384
24838 26305
24843 26482
24875 26739
24909 26417
24910 26418
24972 26584
25010 26593
25011 26733
25078 26981
25100 26576
25209 26938
25210 26939
25261 13061
25282 26916
25294 13430
25317 13162
25320 12516
25321 12517
25348 13492
25359 26430
25447 27131
25458 13684
25460 26813
25490 27120
25502 27128
25549 27171
25563 27010
25597 26908
25617 27240
25626 26726
25673 27097
25677 13986
25744 27046
25748 27348
25781 13947
25784 27083
25785 27106
25804 13991
25823 13735
25840 27380
25853 27436
25873 14306
25887 27320
25896 27484
25920 26965
25949 13890
25959 13901
25961 27306
25963 27390
25975 14497
25977 27300
25994 14057
26000 27170
26013 27344
26014 27345
26019 27358
26036 14141
26047 27483
26054 14118
26061 14958
26071 27656
26074 27666
26088 27385
26089 14054
26107 27328
26108 27329
26115 27336
26125 27643
26126 27644
26127 27830
26128 27831
26153 27397
26159 27680
26172 27400
26174 27404
26183 27418
26187 14348
26208 27442
26213 27518
26227 27802
26248 14381
26271 27541
26281 27579
26344 27553
26367 27577
26368 27587
26389 27635
26401 27615
26402 27617
26424 27668
26425 27669
26428 27696
26439 27686
26452 27975
26467 28002
26468 28003
26470 27715
26479 27722
26482 27781
26491 27753
26493 27766
26502 27757
26503 27758
26511 27728
26525 15293
26530 28076
26539 27825
26540 27826
26551 28016
26559 28094
26562 28100
26578 28054
26605 15484
26608 28081
26636 14894
26651 28160
26670 28185
26694 15141
26701 27959
26709 28216
26739 28306
26783 51689
26791 28357
26797 15298
26871 15811
26889 28383
26890 28372
26904 28384
26919 15873
26929 27900
26955 28129
26965 15936
26974 27939
26977 28170
26987 28171
27004 15199
27021 16042
27028 28179
27072 15983
27080 28228
27087 28628
27102 28404
27110 28636
27146 16255
27153 15757
27155 16202
27163 16268
27165 28343
27185 28637
27206 28658
27207 28659
27209 16487
27214 15870
27215 15884
27235 28517
27243 16529
27268 28707
27280 28489
27291 16406
27301 28566
27306 28533
27311 28695
27315 28435
27318 28554
27319 28555
27364 28606
27374 16726
27390 28780
27405 28663
27420 28466
27424 16574
27428 28623
27429 28624
27448 16523
27454 37243
27465 28455
27468 16620
27477 28841
27511 28743
27512 28744
27570 16790
27578 28817
27584 28749
27585 28750
27595 28918
27606 28861
27629 16882
27646 98
27664 28894
27665 16939
27666 16940
27682 28900
27698 28639
27701 16833
27728 16857
27760 28793
27789 29223
27820 29123
27826 16966
27847 17193
27918 29347
27950 28913
27976 29086
28027 17707
28038 24702
28071 17235
28142 17683
28143 17684
28167 17333
28174 17399
28207 17430
28212 29319
28219 29291
28220 29292
28240 29306
28241 29307
28245 29335
28251 29395
28270 29343
28286 29348
28297 29388
28330 29655
28332 29725
28336 17696
28341 17940
28343 29696
28394 29459
28403 29485
28405 29728
28412 29539
28420 29642
28428 29573
28435 29839
28446 17833
28461 29299
28462 17977
28464 29591
28465 29592
28477 18295
28478 29600
28533 29789
28551 18227
28573 29922
28584 18084
28616 29700
28679 29874
28697 18297
28751 18018
28773 30026
28815 30154
28833 29866
28873 30210
28875 18602
28896 30100
28946 30275
28980 30097
29009 30226
29019 19060
29062 18418
29088 29975
29089 29976
29104 19291
29107 30245
29120 19364
29125 30310
29139 18876
29153 19397
29181 30176
29211 30340
29223 19242
29244 30399
29250 19054
29316 30265
29431 30216
29509 19166
29525 19254
30306 38969
30307 38970
30313 31199
30330 38902
30340 31260
30347 31296
30353 31275
30361 31239
30369 31294
30399 31280
30403 20747
30428 31329
30450 38985
30453 31344
30472 39019
30483 39033
30484 39034
30491 31392
30497 31431
30502 39029
30550 31223
30552 39062
30554 31399
30558 31419
30559 31420
30579 39078
30663 31545
30677 39172
30684 31652
30712 39194
30718 39165
30759 31828
30777 31977
30780 31681
30829 31885
30831 39257
30837 39326
30892 39308
30897 31852
30927 32016
30932 31884
30933 31885
30962 31991
30963 31993
31042 39432
31055 32129
31101 32195
31156 32317
31158 32153
31164 32318
31177 32331
31193 32278
31199 32261
31237 32357
31267 32320
31273 39630
31301 32347
31329 39800
31350 32383
31359 32161
31446 39659
31457 32538
31463 39811
31483 39838
31487 39843
31538 32359
31550 39861
31575 32562
31585 32446
31588 32413
31634 32741
31644 32868
31673 39934
31693 39945
31701 32827
31711 32849
31715 32846
31734 32878
31746 39921
31769 40111
31780 39956
31789 39957
31808 32955
31811 33078
31843 33034
31844 33035
31851 39985
31864 33055
31872 33031
31875 40170
31878 33048
31911 33242
31927 33082
31941 33128
31942 33129
31945 40148
31952 33112
31957 33121
31968 33239
31969 33144
31970 33145
31984 33135
32001 33178
32003 33189
32004 33190
32019 33204
32058 40124
32121 33435
32122 33427
32144 33346
32149 33433
32160 33345
32191 33493
32240 33409
32252 33451
32321 33567
32353 33631
32413 33713
32415 33842
32419 33533
32437 33927
32455 40651
32458 33569
32467 33711
32468 33758
32486 33914
32487 33915
32489 33789
32609 33910
32614 24407
32744 34123
32752 34041
32767 24785
32788 34083
32807 34107
32808 34290
32814 34063
32842 34170
32873 40852
32891 34201
32901 34241
32912 34303
32913 34304
32923 34225
32965 34294
32985 34384
32989 34377
33022 34348
33037 34427
33038 34428
33056 34377
33090 34414
33095 34168
33124 34437
33135 34198
33183 34635
33195 34532
33378 34811
33415 34766
33416 34767
33421 34772
33494 34894
33533 34892
33541 34912
33551 25723
33565 34939
33578 25720
33589 34914
33597 34919
33623 35057
33668 34800
33686 26088
33730 35176
33761 35113
33779 35306
33781 35110
33807 35136
33814 35338
33824 35184
33852 35366
33854 35118
33882 35404
33911 35273
33912 35274
33919 4240
33932 35256
33944 26213
33962 35278
34035 35409
34040 35625
34092 35435
34100 35567
34114 35390
34122 35599
34200 26977
34213 35281
34216 35838
34247 35550
34280 26675
34290 26322
34296 35787
34314 35628
34336 26397
34370 35759
34372 35792
34374 35406
34393 26509
34399 35367
34400 26927
34410 35462
34427 35881
34428 35878
34429 35879
34462 35923
34490 26835
34521 35918
34534 27129
34546 35721
34547 35722
34557 35731
34558 26661
34575 27014
34581 35596
34599 42093
34600 42094
34607 27204
34640 36008
34641 36007
34678 27100
34741 36094
34777 27122
34812 27223
34831 36115
34894 27326
34910 36224
34913 36082
34914 36083
34918 27632
34931 36214
34933 36287
34940 36036
34955 36046
34959 36077
34961 27347
34967 36454
34969 27195
34976 36067
34977 36068
34980 36139
35028 36103
35035 36337
35038 36340
35069 14973
35070 27528
35077 27797
35102 36203
35103 36204
35148 27938
35153 36437
35155 36305
35156 36297
35162 36306
35170 36513
35174 36507
35175 36508
35179 27760
35184 36331
35187 36349
35220 36564
35225 27733
35227 36583
35237 36370
35258 36386
35266 36352
35267 36353
35285 36474
35302 36650
35303 36446
35324 36679
35332 36742
35339 28164
35348 36320
35358 28208
35368 36323
35370 36716
35380 28213
35409 36529
35416 28038
35417 28039
35422 36554
35443 36614
35450 36502
35455 36827
35466 36784
35483 36856
35500 36861
35507 36432
35518 36670
35527 28173
35528 28174
35531 28167
35534 28166
35544 28107
35552 28450
35553 28451
35555 36675
35569 28473
35584 36804
35588 36906
35606 28579
35617 36947
35625 36786
35626 36787
35637 36781
35638 36782
35639 36971
35640 36972
35651 36751
35656 36823
35662 36581
35671 37003
35674 36828
35675 36829
35680 36966
35692 36848
35697 36987
35706 28368
35712 42851
35724 36709
35729 37064
35730 37014
35731 28666
35735 42812
35738 36822
35745 37030
35747 36867
35748 36832
35773 36882
35775 36713
35797 28736
35801 36959
35827 36992
35835 37012
35840 37008
35851 37037
35857 36935
35858 36934
35860 37139
35868 37005
35869 37046
35872 36957
35879 37155
35881 37164
35894 37177
35899 37193
35901 28811
35902 28812
35915 37209
35924 37221
35937 28956
35965 29149
35986 28915
35990 37086
36011 37194
36047 37035
36052 37225
36098 29140
36099 29141
36100 37358
36101 37476
36112 37492
36118 37391
36131 37390
36142 37295
36157 37522
36161 29316
36169 16700
36181 29386
36243 37591
36317 37242
36352 29438
36353 29439
36354 37428
36386 37505
36397 43128
36399 37496
36400 37497
36406 37342
36419 37557
36440 37395
36443 37556
36445 29196
36456 37822
36460 37809
36468 29237
36499 37769
36502 37649
36505 37639
36517 37620
36520 43229
36538 37896
36540 37909
36577 37823
36579 37899
36606 29776
36617 29833
36622 37942
36687 37814
36689 30033
36740 29964
36758 37935
36763 37854
36785 37673
36791 38008
36849 38022
36850 38023
36865 37964
36868 51378
36887 30225
36923 37985
36926 31417
36951 37969
36952 38219
36958 29898
36961 38096
36978 30184
37007 38168
37025 31003
37036 38185
37071 38288
37095 30305
37131 38269
37146 38242
37161 38038
37219 30202
37240 38237
37245 38111
37399 38225
37496 30365
37908 44102
37923 44091
37952 38927
37957 38895
37960 38948
37963 38968
37966 39049
37974 44146
37975 44147
37979 38958
37984 38956
38001 39007
38002 39023
38015 39014
38017 39033
38018 39034
38024 39031
38046 44233
38074 39099
38075 44241
38076 39090
38089 39123
38090 39141
38098 44235
38111 39252
38121 39129
38131 44266
38149 39198
38150 39199
38153 44262
38156 39196
38158 44298
38168 21412
38170 39189
38187 44276
38195 39224
38196 39227
38218 44340
38219 44341
38221 44348
38225 44352
38251 44372
38252 39303
38264 44379
38310 44391
38312 44437
38349 44455
38374 44490
38407 44576
38422 39543
38423 39544
38443 39526
38455 39656
38456 44525
38472 39593
38538 39568
38551 39673
38552 44586
38592 39639
38593 39640
38606 39650
38622 44682
38627 39573
38634 39559
38640 44637
38642 44543
38685 39652
38697 44719
38701 39846
38711 39759
38725 39842
38726 39843
38730 39828
38757 44762
38773 39846
38781 44820
38785 39896
38808 44852
38819 39924
38821 39933
38848 44831
38855 39968
38858 44833
38865 40050
38866 40051
38873 40007
38874 40008
38890 40011
38892 40016
38893 40017
38909 44885
38910 40030
38912 40031
38942 44910
38951 39985
38956 40045
38976 44848
38983 44926
38988 40166
38999 45034
39003 39903
39016 40108
39022 44979
39043 44915
39081 40208
39084 40211
39141 40161
39162 40183
39166 33345
39212 40406
39225 40432
39279 40197
39293 40341
39324 40268
39332 40483
39346 40582
39356 40436
39358 33527
39365 40302
39368 45370
39375 40317
39389 40651
39403 45424
39405 40348
39413 40616
39456 40740
39457 40741
39459 40539
39493 40662
39502 33945
39535 40687
39546 40767
39577 40777
39579 40726
39584 40779
39585 40733
39598 40602
39616 40816
39630 40814
39633 40833
39716 40836
39762 40931
39786 40952
39838 41079
39846 41057
39866 41069
39870 34476
39905 41093
39919 41078
39943 41129
39947 41098
39954 41092
39998 41212
40044 41336
40061 41266
40074 34830
40081 41260
40082 41270
40115 41301
40139 34919
40153 41375
40179 45880
40183 41475
40205 41430
40208 45979
40213 41393
40220 46012
40245 41466
40250 41289
40280 41501
40318 41640
40344 41520
40363 41581
40377 41616
40383 41620
40384 41621
40405 41645
40406 41646
40410 41650
40421 35292
40430 41667
40431 41668
40453 41689
40454 41690
40458 41848
40465 41699
40476 41712
40477 41713
40491 41688
40493 41728
40494 41729
40504 41776
40518 41749
40519 41754
40534 41767
40535 41768
40542 41469
40543 41472
40556 41794
40559 41798
40566 41908
40572 41812
40573 41813
40587 41823
40591 41829
40592 41830
40637 41916
40661 41956
40686 35342
40693 41968
40694 41969
40716 41853
40745 35406
40748 35792
40752 35775
40757 41743
40761 42034
40768 35809
40786 46391
40815 35481
40826 41983
40827 41984
40847 42103
40851 42045
40856 35553
40885 42126
40889 35872
40893 42150
40894 41900
40918 35986
40919 35987
40927 42181
40928 42180
40937 36019
40944 36014
40985 42229
41028 42143
41033 42162
41034 42163
41058 36193
41078 42174
41085 36245
41090 42304
41091 42305
41103 42200
41106 36274
41112 36264
41113 36265
41120 36280
41124 42199
41129 36292
41132 42228
41159 46479
41165 42231
41178 42224
41179 42246
41188 42431
41198 42425
41202 46513
41206 42270
41207 42271
41216 36142
41220 42291
41231 42203
41283 42258
41285 42580
41286 42581
41288 42368
41289 36136
41313 42385
41315 36349
41316 42485
41330 42550
41331 42423
41342 36364
41343 36368
41347 42428
41350 42544
41356 42576
41363 42420
41365 36635
41366 36352
41368 42436
41375 36628
41379 42564
41380 36630
41381 36631
41396 42586
41397 42587
41409 36483
41415 42600
41431 36320
41440 42500
41451 42387
41453 42625
41457 42630
41463 42681
41469 42519
41486 42541
41499 36614
41504 42657
41506 42556
41525 42577
41528 36801
41531 42687
41538 36747
41539 36748
41545 42603
41556 42613
41562 42583
41567 36704
41568 36705
41587 42534
41597 36763
41611 42818
41621 42673
41630 36945
41635 42658
41656 42839
41661 46856
41666 42793
41668 42679
41669 42831
41680 42734
41682 36853
41695 36872
41697 42891
41717 36942
41743 42941
41747 42853
41759 37148
41774 42966
41781 42973
41786 37108
41791 42886
41801 37144
41808 42954
41810 42768
41811 42769
41817 42897
41820 43033
41821 46932
41826 43012
41827 43013
41831 43046
41843 37086
41866 37291
41876 43017
41877 37382
41889 37419
41900 42889
41906 43054
41907 43105
41910 42991
41920 37352
41933 37492
41939 37512
41941 47091
41943 43061
41944 42876
41971 37520
42016 43121
42028 43168
42034 43136
42046 43230
42076 47112
42080 37633
42100 37624
42125 37776
42129 37378
42134 43333
42135 43176
42141 37606
42144 43183
42145 43184
42180 37426
42188 43342
42200 43217
42203 37717
42213 43246
42217 43303
42229 37642
42236 37771
42237 43327
42239 43388
42240 43389
42300 43335
42313 43343
42320 43437
42349 43431
42354 43500
42368 43444
42393 43378
42406 37876
42430 43511
42445 38183
42446 43433
42463 43608
42475 43586
42476 43587
42479 38094
42514 38263
42515 38272
42517 47476
42528 43575
42532 38187
42556 43446
42557 43447
42563 43638
42564 43639
42585 38137
42733 43553
42744 47422
42810 43629
42828 38279
42835 43633
43106 44144
43109 44073
43128 44103
43135 44145
43143 47802
43144 44112
43152 38983
43166 44239
43183 44207
43194 44201
43226 47873
43237 44257
43238 47853
43242 44258
43256 44323
43257 44324
43262 39142
43291 47899
43292 47900
43293 47910
43295 47913
43308 44285
43319 44377
43329 47907
43332 47933
43351 44338
43357 44349
43368 47953
43395 48004
43396 44449
43409 44434
43423 44423
43430 44442
43445 48024
43446 48025
43466 48112
43471 48029
43491 44527
43493 44544
43494 44545
43496 44630
43507 48080
43510 48111
43513 44610
43520 44655
43521 44662
43526 44553
43529 44608
43536 48116
43538 44499
43558 48136
43579 39710
43584 44609
43638 44611
43660 44699
43663 39754
43670 48216
43690 48179
43692 44714
43703 48245
43705 44725
43706 44726
43710 39786
43722 44752
43723 44750
43742 48252
43746 44790
43747 44791
43756 44800
43762 44816
43769 48259
43774 44825
43778 44815
43781 48331
43790 44836
43793 44841
43813 44854
43828 44880
43829 48326
43834 44888
43835 44889
43839 44893
43845 48368
43846 48383
43847 44959
43863 44929
43876 44908
43908 44978
43910 44998
43921 44945
43923 45029
43925 44853
43926 45026
43931 44976
43938 45053
43939 45054
43940 45050
43941 45051
43945 48443
43946 48444
43950 48441
43951 45115
43970 48462
43977 45008
43983 48468
43988 45161
43998 48484
44000 45172
44018 45040
44040 48511
44041 48512
44051 45221
44063 45232
44095 45025
44100 40360
44101 40361
44131 45133
44135 45081
44138 45178
44141 45305
44148 45324
44172 45197
44174 45356
44203 45138
44208 45399
44216 45162
44218 45168
44220 45380
44228 45351
44231 48768
44233 45438
44242 45364
44244 45454
44252 45364
44260 48790
44271 48753
44317 45503
44318 45504
44344 45465
44358 45507
44396 45523
44402 45524
44405 45525
44419 45577
44420 45578
44444 45529
44445 45528
44487 48952
44493 41023
44519 45610
44520 45684
44525 45618
44535 45690
44536 45622
44539 45664
44559 45705
44560 45706
44570 45708
44592 45761
44599 45763
44601 45744
44602 45745
44630 45773
44649 45810
44650 45821
44651 45822
44657 45781
44672 45794
44685 41244
44687 45800
44688 45836
44704 45854
44705 45855
44708 45839
44709 49100
44711 41311
44718 41320
44720 41322
44721 45853
44747 45864
44760 45872
44766 45965
44775 45979
44787 46000
44792 45925
44793 45926
44796 45946
44807 46069
44812 45933
44819 45922
44820 45923
44823 45957
44824 41444
44845 46017
44877 49232
44927 46093
44944 46110
44978 46267
44979 46268
45004 46185
45027 46136
45028 46209
45046 46177
45089 46304
45103 41932
45113 46229
45116 46230
45120 46314
45154 46317
45156 46318
45158 46313
45176 46328
45177 46329
45208 42019
45210 46348
45259 46344
45271 46406
45297 46429
45298 46430
45302 41896
45307 49486
45330 46462
45338 49450
45342 46466
45364 46442
45378 46417
45395 42264
45429 42274
45473 42371
45487 42331
45497 46484
45498 42409
45504 42348
45516 42263
45517 42369
45518 42392
45521 42435
45530 42453
45532 42408
45535 46617
45542 46651
45543 46528
45544 46529
45545 46530
45561 42506
45562 42186
45566 42261
45567 42262
45579 46580
45586 49610
45587 46475
45591 46591
45592 46592
45593 42422
45594 42499
45600 46681
45604 46531
45614 46609
45622 46685
45624 46625
45627 46633
45631 46743
45633 42588
45644 46724
45654 46730
45657 46783
45693 46682
45702 42601
45707 46728
45717 46669
45722 42680
45750 42748
45761 46795
45762 46796
45765 46632
45767 46790
45786 49813
45792 42795
45800 42631
45804 46801
45808 46805
45810 46691
45817 46765
45818 46766
45829 46882
45836 42756
45837 46881
45866 46828
45868 46892
45878 42698
45886 42856
45907 46842
45911 42811
45916 46911
45930 46919
45931 42774
45935 42875
45950 46996
45954 46884
45960 46857
45968 46971
45983 42976
45984 42977
45985 42980
46019 46915
46041 46929
46045 47079
46046 47080
46058 47086
46071 43160
46092 43180
46112 46972
46117 47046
46118 47047
46127 43195
46132 47093
46133 47070
46143 47077
46144 43174
46148 47141
46153 43297
46165 47175
46177 43142
46182 50082
46185 37376
46192 47188
46193 47114
46194 47226
46217 47244
46219 43178
46224 47142
46226 47078
46229 47139
46232 50104
46233 47190
46234 47191
46235 47186
46254 47176
46255 47177
46270 47296
46275 47194
46280 47281
46281 47301
46293 43321
46302 47314
46306 43191
46319 47257
46322 47230
46327 43344
46329 47350
46333 43356
46346 47267
46357 47317
46387 47178
46391 47214
46409 47318
46415 43359
46420 43498
46421 47399
46436 43369
46441 47279
46467 47458
46480 47400
46492 43657
46508 47388
46520 43617
46585 47407
46596 43550
46606 47469
46628 47377
46656 43624
46710 47474
46782 49156
46937 47794
46943 50522
46958 47803
46964 50548
46966 47828
46992 50620
47004 47840
47011 47911
47012 47912
47025 50578
47027 47855
47039 50610
47049 47815
47051 47896
47053 47908
47058 47901
47062 50650
47067 47909
47071 47965
47072 47916
47074 47914
47083 47969
47089 50668
47095 47946
47113 47981
47116 47982
47118 44421
47148 50717
47162 50720
47164 48053
47167 50730
47177 48043
47180 48112
47186 50742
47205 48103
47217 48120
47223 48081
47224 48082
47243 48138
47244 48094
47245 48095
47272 48170
47292 50754
47295 48151
47333 50845
47359 48269
47369 50867
47374 48297
47377 50870
47380 48322
47388 50858
47397 48318
47409 48340
47434 48356
47440 48344
47451 48415
47454 50912
47462 48372
47472 48405
47481 44922
47487 48419
47506 50940
47515 48495
47525 48473
47541 48483
47550 48560
47560 48497
47564 48587
47567 48504
47579 48411
47595 48561
47599 48633
47608 48641
47626 48604
47634 48613
47641 48476
47648 48690
47657 48625
47658 48707
47665 48673
47726 48735
47732 51135
47738 51151
47742 48808
47745 48731
47759 48805
47776 48830
47777 48739
47835 48758
47849 48886
47851 48887
47870 48865
47871 45571
47878 48874
47879 38234
47909 48944
47932 51245
47941 48938
47958 48951
47971 48992
47972 48993
48012 45802
48013 45729
48017 49051
48025 49037
48037 45792
48041 49079
48050 49077
48051 49126
48054 49072
48062 49081
48065 49087
48085 41446
48094 49166
48120 49189
48141 49145
48146 45917
48147 45918
48168 49187
48179 45993
48191 49200
48203 49214
48207 49269
48227 49241
48234 46061
48243 49230
48264 49257
48265 49258
48267 49307
48268 49308
48300 49400
48304 49363
48317 49382
48337 46134
48341 49314
48342 49315
48359 49338
48362 46366
48376 49418
48383 49403
48389 49364
48391 49366
48403 46339
48404 46311
48439 49447
48443 46370
48453 49457
48459 49423
48460 46415
48493 49395
48506 46462
48508 49502
48511 49503
48530 49528
48542 49548
48547 49511
48565 49563
48567 46496
48568 46497
48582 46534
48587 49538
48625 49477
48626 49478
48629 49540
48631 46387
48636 49530
48637 49529
48638 49584
48642 46399
48646 49560
48650 49618
48652 51651
48655 49604
48668 49638
48669 49608
48674 49570
48675 49571
48689 49656
48690 49657
48698 46550
48704 49607
48705 49601
48708 49694
48721 49625
48723 49687
48724 49688
48734 49631
48755 46656
48759 49724
48761 49671
48764 49673
48769 46735
48774 49674
48787 49743
48788 49693
48791 49753
48793 46777
48803 49708
48812 49647
48829 49730
48831 46659
48858 46747
48859 49742
48870 49766
48889 49859
48894 49795
48896 49787
48898 49775
48900 49841
48902 46900
48904 49846
48907 46940
48908 49852
48912 49860
48917 49814
48928 49857
48933 49881
48947 46910
48949 49897
48950 49898
48952 49896
48960 49906
48961 49907
48966 49915
48972 49808
48975 51869
48976 49924
48980 49878
48981 49879
48982 46984
48984 46944
48986 49823
48996 47052
49010 49975
49011 49926
49012 49913
49014 49983
49020 49934
49025 49928
49027 47083
49030 49922
49051 46946
49053 49948
49065 49914
49070 50007
49092 50008
49108 50053
49111 49997
49119 47215
49120 50054
49130 50097
49146 50042
49151 50067
49156 50112
49163 47103
49166 47174
49173 50023
49178 50142
49181 50118
49186 50051
49189 50026
49190 50107
49191 50108
49195 50134
49205 50130
49210 47362
49214 47145
49218 47363
49226 47378
49228 50125
49234 50192
49238 47181
49243 50208
49244 50209
49250 47302
49252 50111
49268 47253
49271 47368
49275 50128
49277 47417
49291 47286
49293 47287
49305 50158
49324 50243
49327 50183
49329 47444
49339 50171
49340 47385
49355 50195
49356 50196
49386 47455
49387 52116
49390 50268
49391 50269
49404 50254
49422 47433
49431 50248
49611 50526
49612 50527
49619 50518
49621 52288
49622 50558
49672 50648
49677 50601
49688 50627
49692 50617
49702 50642
49703 50643
49715 52350
49723 50657
49724 50697
49725 50669
49741 50694
49748 50696
49750 50681
49757 50714
49779 50743
49783 50749
49786 50751
49794 50747
49795 50770
49809 50791
49823 52431
49824 50767
49834 50829
49845 50816
49863 50828
49873 52440
49874 52441
49887 52463
49892 50853
49897 50839
49900 50865
49903 50862
49922 52497
49937 50878
49941 50905
49968 50945
50027 51027
50045 51011
50046 52588
50047 51037
50068 51049
50076 50973
50082 51042
50093 52581
50115 51103
50120 51059
50129 51119
50149 52633
50175 51152
50182 51121
50183 51122
50196 51169
50200 51143
50203 51165
50219 51179
50243 52707
50255 52753
50274 48864
50276 51216
50284 51202
50286 51227
50357 51305
50381 49082
50391 51335
50404 51380
50406 51354
50424 51357
50428 51407
50431 51369
50434 51383
50436 51420
50466 51454
50472 51402
50473 51403
50513 51469
50514 51470
50517 49294
50520 51471
50524 51496
50532 51478
50580 51523
50581 49403
50609 51535
50634 49457
50648 51610
50659 49452
50662 49395
50687 49528
50694 51645
50697 49511
50698 49520
50723 51623
50730 51644
50743 49584
50749 51680
50780 49677
50791 51697
50793 49634
50800 49632
50813 51751
50822 49710
50829 49611
50833 51727
50834 51728
50836 49736
50839 51779
50841 51797
50842 49626
50849 49750
50856 49752
50858 49636
50881 51757
50894 49733
50906 51756
50945 51838
50949 49857
50954 51858
50961 51840
50976 51894
50980 49883
50988 51906
50992 49938
50994 49902
50995 51883
50999 51879
51010 49922
51022 49963
51036 49914
51043 51911
51044 51912
51046 49917
51048 51919
51049 51920
51057 50008
51060 47007
51080 51978
51088 51968
51091 50074
51094 50042
51096 52022
51101 50070
51105 50069
51108 52038
51112 52052
51115 52011
51117 50109
51118 50110
51127 52061
51140 52060
51169 52014
51170 52046
51171 52050
51190 52039
51204 52048
51224 52065
51227 50238
51243 50255
51244 52068
51246 50257
51249 52068
51259 50272
51260 50273
51413 52276
51419 52284
51422 53511
51426 52296
51431 52290
51432 52260
51435 53520
51441 52319
51455 53516
51460 53536
51465 52333
51470 52338
51478 52342
51480 53544
51487 53553
51490 52354
51496 52369
51497 52365
51500 53557
51503 52370
51504 52379
51505 53565
51506 53566
51510 52381
51517 52351
51527 53574
51543 52426
51545 53602
51553 52406
51570 53618
51576 52432
51580 52442
51584 52444
51600 53660
51607 53635
51609 52425
51618 53658
51633 53666
51637 52472
51638 52475
51654 52508
51661 53687
51669 53695
51683 53702
51701 52543
51751 53770
51767 52647
51786 53786
51797 52665
51829 53806
51837 54511
51846 53800
51851 52717
51877 53825
51889 52745
51896 52747
51902 52761
51909 51231
51911 52787
51912 52788
51913 52786
51956 52824
51964 51332
51968 52840
51975 51399
51998 52876
52002 52878
52003 52879
52016 52890
52051 52940
52060 51487
52068 52948
52082 52936
52091 52957
52116 51604
52119 54002
52124 53018
52125 53019
52135 52996
52143 53007
52144 53008
52156 51632
52157 51633
52171 51642
52175 53034
52179 53036
52191 54000
52192 53046
52193 53051
52197 53049
52198 53050
52203 53062
52216 53058
52225 53069
52226 51681
52231 53030
52234 53095
52237 53068
52251 53127
52257 53091
52278 51760
52283 51803
52285 51748
52289 53129
52299 53172
52300 51707
52306 53139
52308 53150
52314 51778
52316 53161
52326 53193
52327 53165
52328 53188
52338 53163
52344 53241
52349 53204
52354 51852
52361 53209
52369 51880
52373 54129
52375 51905
52376 53263
52381 51893
52394 51935
52395 53215
52410 51908
52413 53278
52424 54180
52425 51933
52427 51992
52438 53287
52440 53298
52443 53306
52444 53274
52446 53276
52454 54210
52468 51984
52481 52027
52489 51989
52501 53318
52502 53319
52503 53322
52507 53373
52508 52062
52513 53346
52518 53352
52521 53368
52538 53380
52550 50226
52554 53377
52558 53402
52697 53503
52709 52309
52711 53514
52725 53530
52745 53580
52748 53567
52781 53588
52791 53599
52798 53624
52806 54413
52812 53645
52816 52462
52844 53682
52856 53683
52859 53686
52861 53692
52863 53689
52892 53710
52922 53761
52923 53762
52929 53771
52947 53788
52952 53794
52963 53799
53031 53864
53033 53872
53061 53882
53073 53905
53075 53918
53092 53913
53107 52909
53119 53960
53126 53940
53133 52942
53141 53943
53142 53944
53157 53965
53161 52952
53162 52953
53166 52978
53167 52979
53171 53977
53176 53980
53177 53981
53180 52977
53192 54006
53198 54017
53204 54020
53219 54025
53223 54044
53225 53058
53228 54054
53231 54035
53236 54062
53238 54040
53243 53075
53244 53076
53245 53115
53250 53083
53256 53145
53279 54058
53284 53162
53304 54108
53305 53192
53306 54079
53308 54101
53313 53208
53315 54119
53318 53220
53329 54117
53330 54118
53331 54104
53345 54149
53346 53246
53347 53247
53352 54157
53356 54146
53358 53260
53364 53223
53365 54161
53370 54176
53379 54177
53381 54162
53382 53264
53392 54192
53395 54184
53396 54185
53409 54217
53417 54218
53424 54245
53430 53397
53441 53355
53444 53407
53566 54346
53569 54348
53575 54826
53576 54828
53587 54837
53588 54835
53601 54848
53612 54407
53620 54417
53622 54424
53623 53623
53628 54430
53631 54872
53682 54507
53686 54494
53691 54497
53698 54513
53707 53813
53713 54526
53726 54539
53786 54594
53797 54611
53799 53965
53802 54991
53803 53973
53804 53972
53805 54633
53807 53980
53817 54626
53841 54654
53846 54646
53849 54648
53852 54043
53854 54663
53862 54064
53867 54072
53872 54674
53877 54685
53885 54696
53888 54707
53897 54705
53899 54135
53903 54717
53922 54159
53923 54162
53926 54736
53929 54728
53930 54727
53932 54720
53934 54740
53949 54244
53952 54216
53960 54254
53966 54241
53997 54251
54057 55097
54067 54832
54070 54834
54074 55117
54080 54841
54083 54846
54088 54856
54090 54863
54119 54883
54150 54919
54176 54948
54177 54949
54194 54964
54195 54955
54201 54971
54228 54997
54231 54647
54236 54994
54243 55003
54251 54655
54259 54660
54268 54683
54272 55010
54273 55019
54283 54701
54286 54697
54287 54698
54288 54706
54298 54723
54304 55047
54315 54737
54316 55054
54390 55104
54391 55106
54395 55114
54431 55160
54440 55366
54457 55182
54475 55192
54481 55199
54485 55203
54504 54973
54517 54985
54531 55258
54532 55262
54538 55016
54544 55274
54546 55017
54549 55271
54550 55272
54551 55011
54552 55012
54555 55267
54556 55428
54557 55027
54561 55030
54562 55031
54563 55285
54564 55286
54567 55045
54570 55284
54576 55295
54578 55055
54579 55300
54581 55307
54582 55303
54607 55467
54610 55468
54617 55470
54624 55476
54625 55343
54626 55345
54627 55477
54630 55351
54650 55370
54671 55395
54672 55396
54675 55394
54677 55400
54681 55209
54685 55405
54698 55230
54699 55231
54707 55423
54713 55266
54715 55433
54716 55431
54717 55432
54722 55436
54729 55295
54730 55445
54731 55441
54734 55447
54764 55474
54765 55475
54766 55477
54773 55482
54776 55492
54777 55500
54782 55508
54783 55513
54786 55514
54791 55519
54792 55590
54794 55520
54796 55521
54802 55410
54813 55540
54846 55573
54860 55581
54880 55528
54884 55610
54894 55623
54906 55630
54956 55613
54962 55624
54984 55685
54986 55690
54988 55692
54992 55698
55004 55718
55013 55708
55019 55719
55023 55720
55024 55721
55028 55713
55033 55728
55036 55730
55041 55734
