2832
107 2396
111 2010
132 31695
142 20590
175 2076
181 20937
241 2566
244 2159
262 2264
268 2163
304 20940
329 2457
375 20997
464 2473
541 3380
566 2800
598 2586
613 21203
631 3445
660 3489
776 21298
790 3199
801 21342
837 2541
892 3450
893 3451
909 2797
1013 3878
1016 21440
1096 3761
1099 21332
1103 21485
1133 21677
1168 3869
1180 21378
1192 3473
1198 21533
1203 21542
1209 3747
1235 21560
1237 3942
1238 3944
1239 3926
1250 4203
1271 3815
1276 3978
1277 21825
1283 4247
1289 4044
1303 3884
1317 3182
1348 21832
1354 21619
1390 3792
1403 21653
1474 4143
1477 4137
1490 3863
1530 21746
1541 4187
1596 21791
1597 4513
1598 4316
1616 3988
1628 4478
1631 4560
1637 21981
1639 22035
1669 4408
1670 4613
1691 21916
1699 21712
1711 4263
1719 4645
1764 4696
1830 4726
1874 21923
1875 4520
1975 21934
1990 22066
2035 4502
2037 22037
2045 22077
2050 4615
2134 22042
2201 5021
2211 22178
2238 22387
2239 22194
2249 7133
2262 4979
2325 5276
2345 4943
2356 4802
2377 5360
2380 22340
2418 5197
2444 22296
2445 22297
2472 19417
2520 22462
2566 5139
2808 5635
2809 5634
2821 5564
2861 6011
2863 22200
2887 5714
2991 5907
3015 22788
3084 5938
3117 6288
3149 6347
3163 6481
3190 6379
3200 6122
3216 22860
3217 22861
3230 6125
3231 6126
3244 6222
3265 22966
3283 6250
3307 6214
3331 6100
3346 6236
3403 23058
3535 6236
3541 6420
3632 7363
3769 6786
3814 7001
3830 23391
3912 7603
3916 7107
4002 7181
4067 7190
4077 6974
4143 7327
4144 7861
4177 7342
4188 6584
4264 7643
4321 23559
4329 7237
4336 23639
4337 7323
4414 6810
4480 6011
4548 23719
4687 7754
4725 7745
4784 8527
4785 8528
4796 23960
4797 23961
4823 8563
4835 23919
4836 7892
4874 23981
4969 8107
5118 9142
5136 24086
5267 7564
5268 7565
5298 9032
5326 9093
5347 24213
5348 24214
5467 24336
5577 8787
5578 8685
5594 23878
5631 24422
5650 8831
5653 24453
5747 8599
5764 8726
5828 9445
5829 24824
5888 9355
5894 24855
5911 9118
5983 9079
5996 9184
6008 9108
6028 24668
6048 9258
6069 9649
6084 9535
6115 9314
6136 9322
6148 9636
6175 9622
6237 9321
6238 9311
6241 9236
6247 9693
6255 24605
6278 25067
6313 25062
6330 9768
6393 25142
6409 24928
6412 9451
6425 9466
6429 25144
6456 9494
6457 9495
6515 9427
6676 9858
6719 10178
6722 9778
6734 24929
6749 10216
6766 10201
6812 9749
6825 10022
6871 10628
6933 9926
6949 10128
6952 10426
6962 25290
7033 10109
7080 24741
7116 9930
7159 9924
7170 10663
7171 10664
7193 10371
7229 10298
7290 10817
7291 10818
7303 10826
7497 11016
7555 11063
7575 25986
7617 10117
7626 25807
7636 11158
7637 11159
7661 26015
7672 25890
7748 25709
7792 11443
7804 25952
7805 25953
7861 10546
7910 25928
7926 26006
7949 11606
7993 11485
8108 11008
8125 11499
8156 11779
8183 11836
8184 11837
8195 26237
8215 11865
8381 11981
8456 12040
8513 12091
8536 11511
8567 11543
8568 11544
8571 11816
8572 11817
8614 12152
8632 11852
8752 11730
8753 11731
8773 11738
8788 12300
8871 11833
9084 12594
9167 12160
9195 12278
9196 12279
9228 12144
9460 12599
9607 12648
9671 12742
9710 12850
9744 13193
9848 12643
9860 956
9890 13022
10169 13118
10321 13031
10322 13045
10415 12583
10466 13156
10474 13563
10544 13863
10588 27239
10591 13673
10768 13750
10798 13783
10876 13630
10947 13932
11071 13785
11083 13872
11087 14094
11115 27596
11128 13960
11129 13961
11169 14145
11176 14405
11225 14073
11236 14245
11239 14250
11241 27519
11298 14153
11312 14625
11361 14247
11375 14192
11408 14241
11431 14273
11518 14331
11529 14070
11557 14510
11667 14668
11668 14669
11673 14630
11765 15031
11791 14721
11804 15275
11865 15310
11969 15235
11987 15311
11991 15424
12073 28204
12146 15214
12189 15131
12221 15149
12254 14794
12302 15225
12331 15296
12359 15259
12401 15681
12402 15683
12434 15938
12456 14367
12457 14368
12573 15707
12602 15460
12814 16232
12840 16064
12868 15360
12933 16305
12996 16100
12997 16101
13021 16442
13053 15841
13163 14336
13194 16220
13223 16355
13352 16138
13446 16685
13526 16491
13553 16316
13565 16441
13590 16351
13635 40940
13755 16676
13757 15588
13887 16187
13929 17477
13987 16719
13994 16382
14039 16331
14054 16149
14107 16201
14115 16288
14134 16796
14155 16243
14175 16861
14195 16284
14219 16205
14234 16939
14238 16349
14331 16994
14357 16516
14385 17647
14400 16599
14423 29049
14500 16557
14563 16716
14644 17221
14688 17016
14702 16887
14704 16866
14723 16845
14747 17611
14789 16944
14790 16945
14821 16975
14836 7908
14857 3479
14885 17601
14914 17073
14923 17069
14957 17986
14958 17987
14967 17664
15015 16948
15057 17161
15058 17162
15161 17329
15162 17292
15248 17437
15257 17437
15289 17799
15290 17800
15326 17284
15364 17972
15384 17528
15434 17989
15467 17665
15493 17603
15498 18063
15530 18086
15531 18087
15547 17687
15571 29694
15579 17729
15626 18257
15627 18258
15628 18263
15659 18285
15685 30136
15725 17169
15726 17170
15746 18456
15757 17712
15803 18489
15871 18028
15883 17839
15884 17840
15889 18714
15906 18077
15919 17276
15933 18438
16042 18525
16075 18198
16096 18567
16173 18078
16189 18106
16192 18673
16196 18994
16202 18627
16246 18898
16251 18174
16301 18451
16336 18982
16354 18478
16355 18479
16371 18539
16406 18848
16429 18629
16445 18612
16457 18663
16458 18664
16484 18692
16560 18207
16577 18702
16582 19192
16606 14273
16620 19030
16710 19123
16719 19129
16831 19196
16882 19254
17097 30524
17246 19404
17274 19314
17313 19358
17333 19300
17351 19310
17381 19339
17383 19404
17399 19390
17430 19380
17446 19386
17471 19400
17472 19417
17502 19439
17519 19471
17524 19431
17567 19417
17588 30648
17589 30649
17747 19273
17780 19301
17990 18548
19477 21027
19505 31662
19518 20612
19523 20616
19529 20878
19545 20636
19569 20666
19577 31538
19599 20714
19602 31787
19603 31731
19662 20759
19663 20750
19697 20835
19710 2772
19721 32004
19768 31665
19786 20995
19789 2325
19820 21444
19822 21271
19828 31907
19831 31962
19844 21420
19857 32111
19894 31985
19937 21036
19946 31920
19947 32052
19954 21186
19960 32039
20006 32066
20035 21320
20055 32123
20057 32049
20078 21666
20092 32124
20130 32046
20136 21426
20187 21252
20190 21479
20193 32259
20212 32437
20264 21706
20281 21330
20282 32465
20307 42575
20326 32328
20331 32213
20364 21820
20387 32558
20425 21955
20474 32494
20510 21996
20559 21995
20591 32631
20611 32594
20642 32697
20645 22181
20661 32619
20673 32585
20679 4723
20701 22201
20747 22162
20759 22312
20795 32766
20808 32840
20811 22376
20824 22408
20828 32784
20845 32794
20905 22465
20930 22404
20958 32862
21043 22663
21051 22485
21057 22681
21076 32856
21095 33014
21129 22895
21148 22654
21170 22807
21222 33078
21223 33079
21225 22963
21238 33260
21260 23126
21292 33145
21306 6457
21311 23224
21352 23048
21353 23049
21389 33225
21419 33256
21477 23138
21573 23586
21607 23307
21608 23308
21741 33433
21750 33577
21757 23377
21780 23733
21814 23488
21819 23108
21828 23515
21869 23541
21903 23627
21920 23624
21923 23642
21936 23580
21949 23676
21977 24039
21984 23609
22004 23617
22005 23618
22014 23643
22081 8367
22113 24174
22141 23739
22212 23914
22217 23793
22220 23914
22271 33647
22279 23899
22369 34013
22375 33967
22388 24073
22427 24110
22432 24328
22504 34033
22521 24232
22547 24224
22577 34142
22602 24396
22628 24242
22644 24261
22678 23856
22749 34146
22776 34271
22777 24571
22817 24547
22818 24548
22819 34216
22831 24639
22856 24882
22872 24683
22877 34440
22878 34441
22909 34196
22916 24954
22922 24480
22941 24740
22947 24661
22956 24688
22964 25005
22965 34387
22995 9094
23007 25030
23009 24815
23016 24754
23022 14952
23038 24833
23053 24784
23086 24792
23098 24942
23099 24943
23150 24889
23158 24866
23162 25189
23268 25043
23303 25016
23327 25113
23330 25131
23348 25135
23369 34665
23372 10671
23397 25439
23409 25552
23432 25301
23473 25535
23474 25534
23492 25342
23493 34727
23495 34670
23501 34421
23504 34764
23510 25213
23554 25627
23561 25182
23594 25322
23612 25685
23620 24702
23641 25378
23644 25717
23717 25817
23758 35070
23763 25218
23771 25839
23785 25601
23786 25861
23822 25651
23905 25386
23925 11506
23930 26003
23931 26004
23933 25922
23963 10390
23988 26024
23992 25972
23997 25459
24022 26163
24023 26164
24038 26132
24054 11701
24056 11702
24122 26222
24325 26419
24326 26420
24349 26421
24350 26422
24367 26446
24403 11595
24405 11852
24458 26449
24459 26450
24462 26543
24509 35591
24598 26309
24629 26744
24662 12243
24684 26780
24702 35065
24763 26385
24823 26696
24851 26785
24873 26764
24887 27018
24949 26880
25090 26981
25124 26855
25222 27054
25267 30001
25272 36060
25294 13072
25317 27214
25438 27296
25550 13862
25586 27698
25611 13687
25634 13807
25727 27539
25735 14046
25743 14313
25752 14262
25772 27696
25806 27630
25808 27723
25815 27908
25821 27883
25896 14328
25902 27507
25950 27561
26019 28109
26147 28052
26148 28226
26197 28366
26213 28056
26222 14785
26283 28181
26322 27733
26371 28491
26375 28309
26381 14312
26397 27795
26430 27727
26476 28716
26482 28373
26509 14647
26514 27846
26584 15628
26589 28314
26593 28454
26609 14745
26675 15453
26718 15662
26733 28800
26759 16489
26823 28173
26916 28879
26939 29011
26943 28830
26944 28831
27002 16642
27010 16000
27068 29207
27097 28777
27128 16512
27129 16508
27141 29000
27154 28862
27171 28996
27172 28997
27204 29033
27220 28702
27253 28774
27261 16067
27308 28822
27309 29171
27316 29131
27318 29339
27320 28976
27336 16221
27337 37259
27338 16803
27360 16318
27361 29182
27383 28872
27390 16545
27397 28893
27405 28896
27416 29234
27418 28928
27436 16928
27450 16726
27491 28991
27517 28994
27518 29045
27519 17040
27528 29015
27552 29039
27553 37363
27554 29048
27587 29083
27594 17197
27613 29427
27615 29103
27616 29104
27618 16761
27619 16762
27620 16776
27634 29232
27643 17178
27644 17179
27664 29426
27666 29466
27667 29467
27668 29149
27669 29150
27680 17216
27682 29140
27689 29410
27710 29188
27711 29189
27715 29187
27726 17376
27746 6305
27751 17416
27753 29233
27758 29218
27760 29240
27766 29249
27773 16921
27786 28682
27831 17837
27853 29132
27894 17161
27895 17162
27952 17324
27990 29490
28016 17737
28054 17806
28065 17930
28076 29834
28080 29823
28089 17455
28160 18081
28166 29649
28170 29655
28171 29637
28173 17637
28174 17638
28200 29936
28213 18152
28217 18167
28228 29564
28239 18346
28240 29696
28252 17542
28274 17773
28293 17812
28342 29699
28343 17699
28344 18317
28357 18512
28367 18342
28372 18358
28378 29752
28383 30080
28384 18368
28393 29762
28403 29893
28421 17838
28439 29897
28444 29939
28445 29940
28449 29822
28451 18463
28452 18464
28454 29892
28455 29601
28468 18488
28472 30147
28473 18500
28485 29924
28490 18032
28503 29964
28517 18265
28518 30290
28525 29970
28532 18754
28534 29985
28599 18335
28600 30072
28609 18886
28612 30087
28621 30106
28628 18923
28637 30307
28638 30135
28663 18557
28666 30324
28670 30021
28672 18794
28674 30418
28704 30206
28706 18892
28707 18893
28716 30260
28732 30150
28733 30151
28736 30362
28743 30239
28744 30241
28746 29819
28748 30204
28749 30173
28750 30174
28777 30271
28780 18944
28797 30287
28798 30288
28816 19268
28817 30314
28819 30332
28840 19044
28876 19114
28881 30487
28883 30320
28898 18938
28899 18939
28931 19208
28944 30495
28979 30223
28985 30113
29001 19079
29026 30473
29062 19159
29086 19088
29129 18791
29155 19161
29210 30586
29211 30587
29216 30360
29228 30605
29245 30570
29253 30590
29291 30622
29292 30623
29294 19446
29299 30404
29306 30648
29307 30649
29429 30387
29506 20106
29545 19066
29592 30139
29599 30150
30482 39072
30508 31728
30520 39090
30524 31424
30525 39091
30546 39199
30548 31530
30587 21035
30588 31623
30594 31590
30604 31614
30633 39310
30670 31721
30694 31922
30709 31978
30710 32089
30711 32090
30739 31982
30754 32166
30758 31753
30775 39428
30784 39478
30785 32026
30789 31795
30807 31798
30823 32075
30831 32170
30844 39558
30856 31846
30886 31870
30971 32274
31002 39595
31005 39585
31006 39612
31033 32358
31034 32359
31050 32486
31058 44646
31067 32386
31068 32387
31075 39646
31079 32490
31086 32459
31087 32460
31091 39685
31097 22078
31122 39725
31126 32428
31134 32523
31140 32528
31167 39741
31199 32531
31234 32577
31238 32567
31260 32610
31276 39834
31328 32676
31371 32703
31381 39928
31388 32680
31398 32798
31431 39953
31454 39974
31486 40031
31492 32803
31517 32942
31587 33055
31591 40107
31595 32959
31631 33011
31672 22779
31683 33031
31703 40183
31749 33284
31766 33114
31769 33187
31782 33170
31806 33240
31810 33205
31851 33263
31874 33373
31887 33240
31910 33321
31977 33545
32016 33431
32022 33406
32027 40380
32114 33505
32120 40254
32130 33544
32138 33524
32173 33601
32174 33602
32195 33598
32206 33630
32216 33558
32222 33886
32293 40564
32331 33787
32347 33785
32369 33893
32379 33867
32382 33829
32383 33830
32404 33857
32409 33843
32454 33913
32560 24275
32603 40847
32639 40804
32671 34166
32689 34333
32717 40816
32741 40940
32824 34282
32846 40963
32865 34348
32875 34322
32879 34283
32885 34284
32910 41015
32918 34429
32955 34396
32969 41133
32983 34334
32987 34618
33004 34450
33021 34490
33031 34467
33035 34532
33044 34659
33052 34551
33062 33356
33076 34527
33082 34540
33083 34560
33087 25464
33094 34725
33112 41128
33135 34549
33144 34664
33145 34665
33148 34770
33189 34701
33190 34702
33192 41267
33193 25098
33206 34221
33209 34721
33215 45815
33224 34723
33239 34867
33243 34601
33245 34616
33246 34735
33301 25644
33325 34949
33461 35075
33476 35188
33502 25064
33503 25065
33521 34760
33526 35130
33547 34784
33594 34993
33605 35057
33625 25998
33626 25999
33703 35364
33704 35175
33759 35340
33831 35162
33909 35280
33914 35475
33915 35476
33932 35556
34048 26542
34083 35433
34089 35446
34107 26375
34114 35565
34122 35467
34123 35571
34134 26555
34164 35585
34170 35613
34211 35826
34225 26687
34246 35867
34247 35868
34261 35891
34262 35892
34271 35819
34279 35899
34287 35696
34303 35760
34370 35908
34376 35919
34377 35792
34392 35800
34428 35905
34437 35869
34449 42062
34489 36098
34520 42061
34543 41920
34582 36108
34583 36109
34636 42089
34705 36311
34766 36233
34772 36239
34778 36167
34780 42212
34781 42213
34855 27728
34875 36439
34892 27623
34893 27736
34894 27737
34908 36329
34912 27640
34936 36383
34947 36527
34991 36382
34993 36594
34994 36595
35008 36483
35018 36645
35023 36502
35028 42288
35043 36321
35052 36598
35092 36577
35114 36616
35120 42582
35136 36583
35176 36788
35177 36789
35183 36692
35256 28036
35274 36761
35292 36733
35306 28456
35318 28114
35342 36481
35404 28574
35407 36498
35412 28198
35457 36849
35462 36591
35515 28447
35528 28475
35536 28477
35556 36907
35567 37152
35585 28391
35607 36977
35608 37013
35617 28503
35618 28504
35640 28947
35656 37218
35657 37219
35667 37332
35780 28832
35796 37350
35798 43514
35809 37241
35811 37223
35866 28932
35878 37366
35879 37367
35881 15955
35918 37311
35946 37341
35976 37365
35979 37443
35994 37387
35995 37388
36008 29091
36014 29090
36019 37413
36046 37226
36050 37259
36094 29213
36100 28678
36107 28945
36119 37288
36126 28898
36153 37303
36188 37335
36194 29322
36203 37348
36204 37349
36205 37368
36206 37369
36242 37378
36243 37379
36261 37415
36274 37624
36280 29418
36282 37842
36287 29420
36289 37497
36290 37498
36291 37422
36315 37447
36316 37448
36320 37606
36322 37462
36337 37643
36339 37691
36364 37499
36367 37495
36368 29263
36373 29266
36378 29277
36386 37553
36433 29056
36434 29057
36470 29105
36503 37561
36507 29747
36528 37850
36529 37658
36535 29772
36539 37860
36544 29491
36564 37863
36568 29396
36596 37736
36597 37737
36613 29570
36622 29852
36628 29876
36630 37918
36632 37919
36673 37475
36680 37935
36693 29690
36704 37779
36705 37780
36708 37587
36712 37799
36746 29623
36747 29883
36763 29786
36768 29912
36784 30078
36794 29740
36822 29800
36828 37960
36829 37961
36832 37873
36843 37849
36847 29793
36879 29724
36882 37986
36894 38018
36898 30195
36906 38254
36907 38031
36908 38032
36937 29723
36940 29917
36941 29918
36942 30050
36945 38228
36947 30336
36961 30217
36966 30256
36985 38312
36987 30289
36992 38031
37005 38082
37008 38147
37012 38155
37014 30326
37023 38337
37024 37913
37037 30186
37039 30350
37046 38175
37047 38176
37056 37997
37064 30447
37099 18180
37106 38060
37109 38435
37114 30412
37116 38443
37117 38444
37121 38265
37126 38357
37148 38373
37159 38450
37165 30468
37186 30320
37214 38301
37239 30439
37247 38340
37250 38375
37295 38393
37342 30249
37395 30316
37441 38523
37447 38494
37496 30622
37497 30623
38367 39074
38378 44371
38411 44369
38438 39356
38440 39147
38444 39140
38453 39310
38470 39193
38491 39240
38501 39157
38509 39370
38511 44400
38517 44472
38528 39169
38539 39431
38546 39407
38561 39478
38564 39441
38580 44526
38581 44511
38593 39398
38594 44527
38600 39391
38607 39317
38608 39289
38619 39500
38627 44578
38635 44574
38639 44580
38652 39521
38658 39649
38682 39368
38717 39595
38718 39596
38743 39627
38745 44652
38746 44653
38749 39635
38758 39619
38774 39676
38775 39646
38789 39685
38793 39663
38805 39724
38814 44765
38827 39721
38841 39762
38851 39741
38895 44715
38909 44607
38926 39827
38950 44852
38956 44800
38977 44810
38982 39885
38985 39887
39014 44865
39019 39882
39033 39909
39037 39917
39038 39918
39056 40084
39100 44910
39101 40135
39148 45120
39149 40107
39172 40123
39173 40124
39178 40125
39198 44980
39199 44981
39223 40266
39224 45011
39227 45019
39233 40087
39234 45012
39237 40179
39254 40221
39255 40211
39269 40227
39277 45138
39278 40228
39282 40299
39284 40242
39291 45062
39303 45079
39312 40280
39326 40277
39339 40318
39369 40338
39377 40466
39419 40401
39463 40460
39496 45250
39518 40467
39531 45228
39533 40514
39543 45267
39547 40533
39565 40612
39569 40511
39580 45316
39590 40559
39623 45351
39630 45323
39642 40630
39664 40636
39674 40599
39677 45370
39688 45377
39706 40483
39730 40735
39739 40710
39759 45409
39777 40756
39782 40707
39838 40833
39842 40824
39843 40825
39848 40819
39856 45458
39886 40856
39896 45556
39945 40975
39951 34481
39962 45619
39963 40895
39968 40971
39980 40927
39985 40949
39987 41038
39999 41107
40006 41015
40008 45656
40011 41024
40025 41039
40030 45677
40031 45678
40039 41005
40044 41136
40050 45765
40085 41071
40086 41106
40106 41140
40109 41125
40132 41155
40135 41128
40136 41143
40140 41134
40141 41135
40145 41167
40147 41168
40148 41169
40162 41157
40166 45857
40193 2709
40203 34723
40213 41077
40214 41078
40225 41082
40283 41300
40294 41391
40301 41400
40381 41502
40391 41481
40393 41517
40399 41493
40406 41510
40413 41248
40424 35170
40425 35171
40436 41339
40454 41420
40457 45934
40486 41587
40546 41554
40552 49396
40572 35134
40615 41605
40651 41815
40678 35298
40688 46298
40707 35383
40719 41609
40732 41699
40733 41700
40740 46313
40762 46208
40763 41746
40770 41729
40777 41770
40813 41932
40816 41820
40836 41717
40839 41915
40857 41823
40894 35614
40905 41925
40951 42037
40969 41980
40987 35862
41023 42070
41063 46410
41064 41919
41065 41920
41091 42033
41093 42108
41100 42022
41155 42157
41176 42273
41228 42213
41232 46607
41244 42211
41260 42233
41270 42246
41277 42296
41288 42391
41298 42407
41301 36294
41320 42292
41321 42293
41322 42294
41328 36329
41367 42450
41400 42505
41402 42400
41420 42523
41430 42425
41453 42554
41462 36577
41475 42582
41501 42502
41520 42428
41521 42627
41540 42651
41546 42551
41575 42698
41607 42610
41616 42618
41635 42649
41646 42654
41688 36786
41710 36524
41740 36917
41776 36951
41777 36952
41778 42759
41807 42749
41809 42481
41820 42777
41821 42778
41827 37008
41829 42822
41830 42823
41834 42933
41848 42986
41869 42857
41880 43011
41881 42515
41896 42537
41900 36697
41907 42996
41910 46971
41932 42936
41956 37174
41957 37175
41968 42965
41969 42964
41977 43008
41997 43153
42015 37194
42028 37198
42038 37101
42050 37274
42064 42978
42099 43214
42107 43137
42123 37297
42126 37304
42127 42978
42152 42978
42178 43003
42179 43004
42180 37392
42190 43056
42191 43013
42203 42914
42206 43108
42227 37020
42230 37468
42246 43066
42253 42952
42260 37288
42269 43209
42270 43092
42271 43093
42291 43120
42292 43121
42308 37308
42317 43141
42318 43014
42325 37812
42368 43178
42373 37268
42376 43303
42380 37268
42385 47211
42389 43196
42410 43201
42413 43421
42422 43213
42423 37519
42425 37743
42427 43224
42428 43225
42433 43219
42435 43352
42444 47306
42453 43379
42461 37925
42484 37803
42495 43293
42499 43392
42517 43319
42519 43322
42530 37828
42541 43344
42576 43527
42577 37785
42586 37945
42587 37946
42596 37781
42600 37974
42603 43407
42621 43359
42633 38002
42642 43415
42643 43416
42658 43403
42668 43448
42679 43400
42681 38173
42688 38092
42698 37848
42734 37964
42749 43013
42768 37806
42794 37983
42811 38156
42818 38356
42831 38287
42843 43501
42844 43546
42853 43611
42856 43676
42882 38187
42885 43610
42891 38412
42895 38443
42896 38444
42897 43626
42901 38357
42911 43627
42946 38498
42949 38301
42965 38442
42979 38390
42980 38463
42991 38395
42995 43782
43052 43756
43147 38434
43540 16286
43701 48025
43705 44264
43712 48133
43715 44438
43731 44479
43737 48188
43757 48074
43764 44412
43768 48164
43769 44315
43774 44349
43781 44444
43783 44332
43784 44333
43786 44331
43797 48185
43807 44353
43808 48242
43812 44440
43824 39399
43825 44377
43865 44484
43866 48244
43867 48245
43868 44407
43891 48167
43892 44420
43895 44602
43899 48296
43900 44551
43914 44552
43921 44557
43922 48293
43923 48317
43924 48349
43926 44575
43927 48358
43942 44592
43943 44593
43961 48320
43962 48321
43964 44605
43979 44614
43982 48233
44017 48414
44020 48404
44036 48388
44040 44534
44053 44694
44073 44749
44091 44763
44101 44791
44107 44785
44115 48461
44126 48470
44145 44813
44153 44840
44163 44881
44201 44839
44214 44839
44217 12329
44220 48531
44226 48545
44233 44901
44235 48543
44258 48588
44267 44946
44271 44949
44276 40081
44280 44958
44284 44970
44290 28504
44298 44998
44301 48638
44304 45007
44315 45021
44338 48655
44340 45056
44348 48662
44349 45046
44361 48686
44379 45089
44384 45110
44423 48743
44436 45179
44440 45192
44442 48774
44453 45194
44455 48767
44465 45258
44491 45250
44510 45265
44525 45300
44535 45284
44539 45279
44553 45721
44585 45338
44586 45327
44618 45367
44631 45366
44637 45356
44679 48939
44682 48940
44699 40731
44700 45448
44719 45470
44750 48994
44752 45505
44762 45534
44775 48985
44792 49024
44800 45552
44808 48984
44823 45581
44830 45568
44833 45602
44836 45597
44840 45606
44841 45607
44854 45625
44855 49150
44858 45600
44875 45592
44880 45643
44885 45681
44888 45653
44889 45654
44891 45663
44893 45658
44898 45648
44901 45631
44903 45648
44909 45673
44910 49145
44915 41036
44926 45689
44929 45733
44945 45685
44952 45719
44959 45829
44963 45730
44964 45731
44970 45822
44973 49146
44979 45753
44980 41090
45008 49147
45009 49148
45020 45755
45027 45803
45034 45868
45049 45821
45053 45825
45116 7133
45123 45859
45124 45861
45131 45694
45142 45965
45178 45798
45189 46025
45190 46026
45195 45932
45205 45953
45221 46033
45232 46059
45260 46135
45282 46157
45307 46167
45333 46106
45351 46105
45370 46265
45410 46150
45418 49476
45424 41838
45443 46285
45477 41903
45482 46241
45483 41728
45493 46226
45503 46327
45504 46328
45507 46292
45525 41807
45528 46224
45529 46225
45539 41829
45560 46299
45577 46376
45584 46367
45604 12348
45609 46404
45617 46436
45618 46317
45633 41905
45684 46491
45690 46461
45702 49713
45706 42115
45707 46504
45708 46472
45711 46443
45723 42182
45724 42137
45756 46569
45761 42200
45763 46572
45773 42226
45785 46547
45812 46545
45822 42373
45839 46567
45853 46596
45854 46628
45855 46629
45872 42343
45880 46623
45892 32212
45911 46754
45914 46697
45917 46660
45918 46661
45933 46680
45963 46713
45965 46798
45988 46693
45993 46747
46000 46821
46037 46863
46048 46793
46069 42789
46110 46862
46134 46805
46143 46792
46193 42673
46246 47041
46259 47022
46260 46934
46267 43084
46268 43085
46279 42908
46311 47039
46314 47057
46317 47042
46318 47043
46328 47055
46332 43016
46344 42917
46366 43179
46415 47163
46429 47130
46430 47131
46442 47081
46462 43162
46466 47183
46473 47005
46478 43033
46479 43045
46486 43078
46495 43130
46498 50191
46513 47132
46514 47112
46528 47146
46530 47147
46534 47247
46539 47170
46542 43182
46556 47258
46558 47176
46561 47185
46572 47204
46580 43191
46591 47218
46592 47219
46602 47196
46608 43356
46612 47314
46617 43372
46624 43238
46625 43239
46633 47254
46647 47260
46669 47248
46670 43430
46674 47381
46681 43439
46682 47305
46687 43461
46713 43326
46717 43325
46724 43499
46730 43503
46773 47370
46786 47505
46787 43445
46793 47414
46801 47417
46805 43477
46810 47525
46839 43500
46840 43534
46842 47415
46853 43436
46871 43689
46909 47536
46911 43700
46916 47566
46920 47426
46927 43724
46929 43566
46932 43651
46940 47670
46944 47560
46947 47567
46948 47568
46956 47687
46957 47688
46966 43746
46971 43755
46984 47663
47046 47657
47047 47658
47053 43790
47145 47641
47532 48113
47548 48064
47554 48070
47561 50905
47587 50918
47590 48180
47595 50927
47603 50962
47607 50937
47608 50924
47616 50934
47618 48225
47626 48252
47627 50970
47636 48157
47638 48168
47645 48319
47660 48297
47678 48316
47680 48341
47682 48331
47684 51015
47692 48210
47715 48248
47738 51036
47749 48457
47791 48445
47792 48468
47793 48495
47802 51094
47818 48491
47821 48464
47826 51108
47829 48499
47864 48509
47892 48567
47896 44935
47907 48578
47909 48591
47911 48653
47912 48654
47915 48596
47916 48597
47933 48648
47940 51219
47941 51220
47945 48668
47946 51221
47966 48694
47977 48732
47981 48712
47984 48729
48018 48757
48054 48800
48082 51292
48086 48899
48087 48900
48111 48819
48126 48835
48127 48865
48150 51314
48163 48894
48164 45317
48166 48887
48173 48896
48175 48880
48176 48915
48179 48858
48194 51365
48204 48956
48216 48947
48218 48904
48238 48977
48245 48986
48289 48930
48297 49031
48299 51398
48327 49019
48328 49020
48340 49065
48357 49087
48365 45647
48366 49058
48401 51472
48405 51499
48426 51479
48444 49186
48455 51501
48473 49241
48482 49214
48489 49301
48511 49243
48512 49244
48519 49255
48540 49280
48560 49362
48604 49298
48618 49282
48628 49423
48641 49400
48701 49477
48717 49497
48718 49498
48731 49405
48736 49551
48757 49568
48760 49548
48767 49581
48778 49503
48786 49567
48790 49602
48791 49465
48800 46199
48804 49522
48808 49634
48835 49538
48863 51758
48865 49622
48938 49618
48939 49686
48952 49718
48971 49736
48973 49725
48975 49697
48983 49705
48989 46507
49010 49798
49031 51854
49042 49781
49043 49787
49046 46586
49051 49799
49054 49760
49072 46545
49081 49793
49082 49794
49084 49830
49087 49806
49116 49888
49118 49862
49120 49863
49126 49911
49166 49951
49189 49987
49192 49923
49214 49936
49219 50022
49230 46738
49234 49975
49241 49972
49257 49953
49258 49954
49291 46838
49294 50027
49315 49995
49340 50069
49366 50048
49384 50046
49385 46934
49387 47031
49393 50089
49395 49947
49398 50066
49400 47122
49403 50122
49481 47067
49487 50295
49502 50246
49503 47186
49519 47300
49531 47210
49533 50192
49547 47227
49548 47228
49563 50279
49577 50240
49578 50232
49599 47203
49603 50307
49607 47199
49614 47074
49618 47293
49626 47129
49631 50278
49636 47140
49638 47325
49643 50284
49651 50342
49652 50349
49653 50350
49657 47349
49671 47270
49673 50305
49674 50304
49678 50318
49682 47335
49687 47379
49688 47380
49693 47301
49707 50344
49710 50393
49715 50407
49724 47435
49725 47447
49739 50433
49743 47465
49745 47469
49750 47477
49752 50452
49766 50416
49772 50331
49778 47540
49787 47455
49801 47427
49808 50371
49813 50514
49814 47478
49823 47387
49828 47599
49829 50470
49830 50471
49850 47537
49869 47598
49878 50495
49879 50496
49895 47624
49896 47625
49898 47632
49903 50545
49914 47498
49915 47647
49916 47480
49917 47481
49922 47585
49938 47685
49946 50535
50330 50890
50332 52624
50339 50933
50340 52596
50350 50944
50352 50912
50353 50855
50373 50927
50374 52641
50382 50937
50399 50895
50418 50979
50446 52684
50447 52685
50455 52740
50456 52741
50466 52709
50468 51066
50469 52725
50470 52720
50471 51020
50480 52731
50502 51073
50503 51074
50508 51064
50529 52764
50532 51088
50534 51101
50540 51098
50558 51143
50581 51142
50585 52800
50589 51115
50604 51163
50611 51162
50617 51164
50650 51189
50668 51212
50684 51233
50693 52860
50694 52861
50695 51232
50714 51248
50724 51262
50730 51271
50742 51286
50749 52899
50750 51302
50751 51303
50754 52855
50770 51316
50772 51312
50778 51314
50789 51352
50797 52915
50809 51365
50839 51373
50858 51390
50862 51413
50865 49030
50867 51423
50872 52929
50878 51396
50879 51397
50902 51460
50907 51492
50935 51479
50966 51502
51011 49267
51017 49351
51035 51634
51081 51695
51102 51704
51104 51719
51111 49532
51121 53174
51122 53175
51123 51747
51130 51675
51134 51709
51155 51793
51162 51684
51171 51797
51185 51763
51202 49569
51218 49686
51239 53282
51287 51871
51293 51873
51305 51888
51313 51893
51320 51880
51327 51897
51328 51898
51332 51900
51338 49866
51348 51932
51353 49862
51357 49841
51369 51930
51374 51948
51402 51951
51403 51952
51414 51967
51471 50002
51478 50030
51482 50040
51509 52060
51510 52061
51513 51973
51522 50049
51546 52051
51610 50208
51630 50234
51632 50244
51633 50245
51651 52158
51690 52214
51695 52210
51707 50231
51722 50373
51742 52202
51745 52250
51746 52184
51751 50407
51757 52243
51759 52277
51760 52278
51768 50429
51772 52270
51773 52321
51779 50440
51783 52307
51796 50460
51803 52341
51804 52342
51821 50499
51827 52281
51830 52355
51831 50479
51841 50517
51852 52353
51858 50531
51879 50524
51880 52394
51883 50533
51886 50462
51887 52398
51888 52380
51900 50535
51919 50562
52144 50830
52147 52581
52157 52663
52161 53835
52163 52654
52165 53823
52185 52620
52186 52617
52192 52631
52204 52643
52208 52689
52218 52694
52239 52710
52249 52745
52252 52748
52259 52742
52262 52746
52263 52752
52273 53862
52306 52794
52319 53939
52337 52831
52354 53967
52368 52863
52369 53993
52370 52858
52371 52859
52381 52881
52442 52931
52444 52935
52452 51437
52453 52962
52463 52990
52496 53033
52497 53034
52499 51533
52501 49218
52511 52992
52520 53025
52521 53008
52524 53031
52525 53032
52551 53042
52563 51612
52574 53083
52588 51637
52608 51648
52633 53161
52636 51705
52646 53230
52647 53231
52665 53239
52671 54212
52672 54213
52681 48279
52684 53210
52707 53208
52708 53209
52721 53228
52740 53270
52743 51788
52744 51744
52753 53272
52754 53266
52757 53273
52758 53274
52768 53281
52786 51850
52796 53312
52876 53379
52878 53368
52879 53369
52918 54392
52936 52028
52948 53437
52957 52048
52980 52126
53007 52168
53008 52169
53030 52088
53032 53467
53034 52192
53043 52208
53046 53511
53049 52216
53050 52217
53051 52220
53062 52230
53067 52188
53075 52197
53076 52198
53091 53518
53108 53560
53112 53570
53128 53537
53136 53502
53140 52288
53151 53567
53153 52313
53159 53587
53160 52284
53163 53531
53165 52268
53172 53606
53174 52297
53175 52298
53204 53600
53215 52301
53217 52316
53223 53585
53224 52369
53246 52373
53258 52382
53259 52383
53274 52364
53418 55568
53441 53842
53452 53861
53459 54640
53463 53860
53464 53876
53480 54653
53511 53915
53514 53916
53516 53888
53537 53963
53544 52844
53553 53988
53556 53990
53563 54700
53567 52869
53576 54013
53579 54714
53580 54725
53590 54721
53618 54046
53624 54052
53635 54044
53639 54066
53645 54743
53656 54069
53665 54089
53666 54090
53682 54092
53687 54104
53690 54109
53695 53020
53698 54117
53725 54168
53750 54195
53751 54196
53761 54207
53762 54208
53765 53121
53770 54215
53775 54222
53786 54241
53788 54248
53799 53256
53810 54242
53812 54233
53813 54234
53816 54861
53824 54256
53829 54276
53831 54272
53860 54310
53877 54305
53894 54336
53896 53367
53905 54347
53910 54369
53912 53360
53913 53361
53940 53394
53943 54381
53944 54382
53949 54388
53956 53418
53957 53419
53965 54413
53977 54418
53981 54420
53994 54426
53995 54427
54006 53489
54017 53490
54021 54439
54035 54429
54040 53496
54055 54451
54057 54482
54058 53493
54078 54454
54079 54455
54107 54503
54109 54506
54117 54512
54118 54513
54123 54520
54131 53625
54132 54531
54133 54532
54293 54638
54294 54637
54296 55097
54297 55098
54301 55107
54306 54640
54310 54643
54321 54650
54333 54663
54345 54675
54346 54676
54363 54695
54365 55438
54372 55140
54374 55142
54381 54700
54384 54711
54394 54721
54399 54730
54407 54733
54413 54742
54434 55183
54435 55184
54445 54768
54461 54789
54479 54194
54480 54809
54495 54842
54496 54814
54501 54821
54516 54861
54525 54851
54526 54269
54536 54854
54567 54896
54579 55277
54585 54921
54593 54935
54594 54368
54625 54967
54636 54439
54647 54978
54654 54472
54670 54993
54674 54481
54683 55015
54685 55019
54686 55020
54695 55023
54701 55031
54711 54522
54787 55096
54797 55398
54799 55109
54804 55118
54812 55404
54826 55423
54829 55425
54830 55146
54834 55428
54847 55171
54863 55177
54871 55174
54873 55188
54886 55208
54902 54825
54904 54812
54907 55483
54946 55265
54953 54905
54969 54925
54970 55288
54971 55291
54972 54938
54985 55295
54997 54959
55023 55346
55042 55347
55088 55396
55089 55601
55097 55606
55103 55426
55131 55457
55194 55258
55206 55509
55209 55511
55214 55512
55225 55670
55226 55671
55230 55529
55231 55530
55242 55543
55248 55546
55262 55334
55267 55554
55320 55714
55333 55604
55334 55605
55344 55613
55347 55623
55349 55457
55365 55640
55376 55645
55386 55488
55390 55766
55393 55503
55395 55657
55396 55658
55400 55661
55404 55667
55410 55671
55416 55524
55427 55554
55431 55685
55456 55704
55461 55709
55465 55823
55469 55726
55470 55725
55472 55729
55475 55732
55476 55735
55500 55752
55508 55757
55509 55758
55513 55651
55521 55667
55539 55679
55543 55687
55571 55898
55581 55756
55585 55758
55588 55859
55590 55857
55591 55858
55593 55860
55599 55780
55608 55869
55609 55870
55610 55791
55613 55879
55638 55935
55646 55906
55649 55913
55673 55928
55678 55936
55685 55916
55690 55945
55692 55920
55693 55949
55718 55970
55719 55980
55720 55975
