2825
46 2563
101 21492
108 21047
128 2418
130 21315
138 1530
143 2437
144 2438
153 2483
197 2085
198 21411
293 2634
332 21060
347 21512
361 21514
373 1873
380 21240
402 21038
420 2011
421 2012
442 32316
455 21554
464 2793
470 21552
471 21553
504 3387
521 21622
525 2011
526 2012
540 2862
571 2864
591 21646
666 21476
710 3033
732 21280
758 3102
781 21791
787 21306
807 21776
854 21927
877 3226
887 21849
909 3272
941 21861
942 21862
979 21441
1000 21890
1001 21891
1017 3535
1021 3545
1043 21913
1060 3488
1078 21954
1079 21955
1086 3474
1108 21931
1114 3664
1115 22050
1124 21976
1134 3554
1148 3511
1153 21996
1159 3566
1204 3581
1234 4100
1261 22080
1265 22052
1363 3772
1368 3848
1420 3188
1421 3189
1463 4459
1464 3939
1502 22218
1525 22184
1529 4032
1533 22240
1554 22210
1558 22193
1684 4092
1693 22339
1713 4560
1793 3844
1803 22408
1805 22409
1824 22175
1856 3920
1903 4791
1904 4302
1919 22462
2019 4653
2024 4806
2044 5126
2055 22582
2124 4903
2148 22629
2192 4840
2256 5081
2355 4462
2357 22221
2396 22746
2404 22876
2437 4774
2452 4510
2473 22479
2479 22799
2498 4409
2501 5229
2530 5425
2541 4220
2566 22836
2594 23183
2631 4761
2640 5402
2649 22925
2657 23050
2693 5611
2705 22727
2770 22488
2772 5056
2794 5157
2822 23095
2827 23175
2851 4569
2855 23143
2917 5728
2927 5689
2971 5856
2972 5857
2976 5014
3014 23129
3022 23416
3138 5962
3198 5436
3212 5870
3213 5871
3254 6091
3292 23291
3293 23292
3298 5593
3329 6216
3372 5322
3445 6514
3450 23505
3451 23506
3584 6326
3646 6025
3689 6085
3730 23634
3765 6570
3770 5905
3831 23818
3832 6822
3864 22356
3884 6545
3909 6907
3920 6516
3925 6728
3934 6935
3938 6593
3942 6587
3975 23852
4040 6844
4093 23854
4137 24001
4186 7307
4187 23917
4190 29052
4243 7089
4266 7147
4270 7125
4271 7095
4282 7168
4318 7367
4383 7535
4437 7049
4454 7509
4560 7598
4636 7536
4659 7530
4781 24366
4801 7577
4802 7578
4820 7739
4937 8171
4943 24415
4991 7887
5014 7541
5097 8036
5114 7715
5124 24525
5136 24504
5147 24540
5148 24541
5157 8130
5158 8131
5197 24568
5262 24611
5274 8149
5283 7322
5287 24446
5360 8441
5410 8166
5444 8200
5499 8406
5634 24825
5694 25019
5776 24918
5792 8687
5824 8774
5851 8763
5858 8777
5928 8769
5938 25031
5948 8859
5957 8799
5982 8933
6101 8918
6135 9048
6153 9081
6154 9082
6221 9183
6285 25374
6310 9240
6311 9241
6319 9382
6324 9259
6347 9325
6368 9278
6379 9358
6385 9315
6427 9285
6445 9375
6457 9417
6482 9444
6619 9590
6681 9644
6876 9718
6955 9881
6970 9950
7021 8964
7133 24504
7146 26001
7157 9420
7208 10211
7227 10219
7374 10696
7376 10337
7384 10682
7431 10762
7473 10306
7478 10415
7522 10850
7523 10348
7537 10896
7542 10503
7564 9611
7565 9612
7582 25938
7593 10975
7603 11007
7650 10429
7754 10660
7861 11275
7863 11303
7891 10827
7892 10740
7898 11319
7943 11351
7970 11389
8042 10999
8048 26046
8062 26217
8063 26094
8080 11035
8183 11117
8194 11187
8218 11126
8317 11230
8331 10916
8335 11263
8400 11374
8542 11587
8545 26499
8564 11508
8632 11677
8707 12317
8713 26585
8723 11673
8767 11798
8832 11753
8952 11954
8956 12188
8998 12011
9079 11860
9103 12084
9117 12132
9128 11932
9129 11933
9134 12142
9139 11719
9163 12474
9184 12211
9214 12234
9258 12304
9299 12201
9302 12352
9316 12686
9355 12734
9386 12787
9422 11657
9466 12303
9498 12895
9535 27296
9570 12995
9608 13008
9622 13029
9637 12470
9638 12471
9649 12972
9689 12517
9699 13124
9705 13132
9762 41894
9767 12825
9805 12083
9808 12076
9820 12893
9895 12634
9908 12741
9920 13329
9936 13308
9937 12093
10022 13107
10074 13487
10110 13180
10111 13126
10163 12663
10164 13106
10190 13230
10201 13626
10210 13219
10245 12880
10264 13317
10373 13394
10384 13792
10426 13840
10464 12537
10486 12700
10512 13902
10552 13959
10612 13857
10628 14325
10633 12867
10663 14042
10664 14043
10738 27989
10761 2592
10793 14166
10794 14167
10826 14211
10935 15282
11012 13868
11016 14386
11020 14377
11057 14119
11063 14435
11158 14559
11159 14560
11189 14580
11245 14450
11447 14870
11485 14888
11532 14597
11549 14868
11595 14265
11606 15103
11694 15202
11702 15196
11865 15418
11925 14527
12039 15574
12046 14267
12330 15343
12343 15934
12410 14737
12435 14772
12463 16086
12484 16134
12594 16194
12636 15982
12643 28688
12686 15754
12742 16000
12754 16088
12778 28541
12807 16223
12808 15123
12834 16334
12922 16411
12958 16012
12960 16394
12984 16394
13003 15679
13016 15522
13055 16012
13141 16192
13142 16193
13165 15961
13184 15890
13190 16455
13193 29396
13211 16265
13384 16412
13596 16721
13625 16633
13943 16572
13970 17418
13991 17877
14051 16741
14094 17104
14124 16817
14131 17529
14146 17302
14157 17553
14158 17554
14196 17575
14197 17576
14203 17587
14208 17659
14231 15283
14241 17221
14245 17224
14299 17281
14328 17103
14465 17896
14466 17897
14489 17542
14516 17222
14522 16505
14668 17750
14669 17751
14745 16877
14775 18248
14899 18452
14920 18412
15011 18065
15060 18561
15131 18188
15245 18082
15259 18436
15282 18532
15611 18579
15634 18727
15662 18495
15671 19032
15705 19060
15714 19139
15721 19071
15916 19447
15997 19392
16011 19588
16025 30689
16064 19311
16069 19575
16081 18564
16115 19356
16125 19561
16180 18817
16192 14655
16240 19122
16260 18983
16279 18890
16331 19042
16334 18700
16357 19026
16480 19902
16512 19351
16516 19109
16532 19740
16533 19741
16561 19092
16578 19108
16599 19239
16632 19217
16643 19189
16734 19263
16738 19273
16748 19421
16761 19381
16762 19382
16898 19443
16944 19562
16945 19563
17025 19919
17070 19692
17161 19500
17162 19501
17207 19811
17292 19875
17297 19633
17337 19919
17455 19735
17542 19621
17717 18685
18115 4330
19545 21109
19569 32205
19616 21392
19617 21393
19624 31919
19625 31920
19627 32253
19667 32240
19736 21550
19739 32284
19781 32339
19782 21568
19804 32373
19814 21759
19820 32381
19838 32362
19866 21522
19920 32432
19927 32440
19936 32458
19941 21764
19958 21831
19993 21829
20003 32493
20037 21728
20093 21733
20100 32608
20104 21788
20106 32535
20117 32700
20148 32467
20160 22115
20161 22116
20183 21873
20197 22112
20205 32631
20217 22272
20274 22167
20306 22242
20326 32748
20327 32749
20346 32760
20379 22029
20384 22322
20393 21807
20396 21970
20406 32805
20516 22472
20559 22902
20562 32859
20571 22792
20646 22316
20666 22254
20672 22648
20694 22280
20720 4424
20750 32771
20818 22388
20849 22417
20856 22513
20866 33223
20868 22776
20877 33166
20888 33168
20903 23153
20953 22381
20954 22382
20988 22568
21001 32908
21069 23124
21072 32942
21105 22776
21166 22800
21167 22985
21187 23488
21229 23307
21242 23358
21244 23383
21254 23264
21267 22838
21278 33291
21283 22855
21308 22909
21313 23144
21332 23149
21338 23045
21342 33537
21370 23507
21371 5659
21396 23507
21426 23268
21446 23565
21480 33455
21484 23711
21508 23664
21536 6448
21571 23659
21584 23901
21595 23844
21597 23751
21614 23857
21666 23931
21677 24004
21700 23954
21746 23893
21789 24008
21814 24015
21824 24090
21832 24143
21844 33951
21857 33903
21861 7368
21990 24153
22026 34061
22042 24165
22044 23994
22055 34129
22066 24220
22072 24287
22124 24108
22134 24222
22135 24223
22325 7715
22366 24557
22367 24558
22376 34331
22377 24607
22389 24587
22407 34346
22408 24602
22415 8223
22416 24619
22427 54560
22431 34355
22432 34356
22447 34357
22450 24655
22464 24634
22485 7856
22497 24600
22500 24698
22513 24678
22514 24633
22521 24595
22527 24639
22528 24640
22555 34398
22580 34439
22632 24829
22681 24880
22682 24881
22687 24802
22710 24925
22872 25042
22882 34658
22884 25105
22895 25207
22914 34647
22977 25170
22985 25220
23004 9282
23014 25259
23048 25295
23058 25303
23068 25264
23115 34836
23118 25367
23171 25411
23181 25442
23224 25654
23245 35051
23339 25667
23340 35143
23391 9926
23525 25751
23559 10220
23604 26096
23609 35189
23631 25895
23633 25858
23652 25919
23678 25912
23681 25947
23690 25952
23691 25916
23697 25935
23698 25936
23714 25866
23719 25948
23733 26234
23773 26267
23775 10507
23787 25884
23794 25954
23844 25767
23878 35152
23888 26384
23900 10801
23919 26182
23954 25860
23960 26245
23961 26246
23987 26257
23988 26258
24094 35444
24102 26242
24149 26350
24186 26415
24279 35697
24292 26491
24312 26572
24335 26454
24336 26596
24394 26461
24396 11786
24402 26482
24424 26611
24441 26687
24453 11894
24477 26672
24514 26755
24536 35769
24559 26797
24572 26655
24573 26740
24594 26830
24620 27015
24639 26872
24682 26893
24683 26894
24737 26958
24740 26947
24763 26943
24765 35950
24774 35916
24801 26868
24815 27013
24859 8142
24867 27027
24870 27001
24882 27299
24885 27091
24887 35991
24928 27124
24929 26988
25005 36267
25013 26943
25036 12772
25048 9420
25049 27406
25062 27416
25067 27444
25085 27125
25086 27126
25103 26795
25110 12902
25111 27496
25113 27155
25126 27538
25131 27188
25142 27556
25143 27557
25172 27132
25193 26939
25217 26943
25282 13069
25290 13206
25292 27371
25293 27372
25301 36316
25328 27464
25343 12590
25362 27546
25382 27761
25383 27762
25394 27048
25403 27566
25411 27508
25439 27829
25442 27826
25449 13490
25457 27663
25490 27374
25522 26943
25534 27915
25547 27673
25548 27682
25585 27949
25627 27977
25685 28019
25717 28048
25751 28085
25768 28255
25800 14397
25839 28183
25840 28184
25961 28316
25999 28195
26003 28352
26004 28353
26015 15104
26103 28530
26131 28207
26146 28129
26163 15310
26222 15361
26304 28285
26326 28738
26398 15627
26419 15660
26446 28835
26553 36589
26556 28711
26592 28959
26683 28489
26695 28396
26700 29008
26734 28802
26739 15750
26806 28871
26862 29068
26875 29227
26920 28810
26930 29236
27018 16554
27044 28790
27063 29117
27104 29322
27219 29329
27296 16614
27297 16615
27391 16499
27402 29254
27404 37757
27424 16561
27506 29367
27507 29368
27530 29393
27561 29424
27630 16961
27661 17633
27701 17310
27721 29969
27723 29809
27725 16316
27736 29995
27737 29996
27791 29838
27817 17969
27857 16678
27883 30144
27919 16704
27937 16824
27943 17791
27996 16956
28005 30039
28015 18253
28016 30240
28048 29971
28058 16993
28072 18410
28189 18500
28247 38368
28248 38369
28256 18285
28286 18680
28309 30283
28374 30595
28390 18251
28393 18930
28402 30636
28447 18551
28454 18550
28457 30687
28460 30725
28503 18487
28504 18488
28535 18746
28573 30546
28576 18764
28641 19220
28672 30624
28706 30669
28764 19114
28817 19475
28821 19664
28822 30603
28848 19535
28868 30642
28869 30643
28895 30658
28896 30659
28897 30712
28898 30507
28901 19025
28910 18700
28924 31160
28928 30708
28929 30743
28935 30753
28945 30733
28949 31186
28951 31191
28953 30754
28954 30755
28960 30727
28991 30781
28993 19065
28994 19066
28996 19330
28997 19331
29011 31222
29017 30823
29046 19413
29048 19150
29063 19168
29083 30853
29103 30851
29104 30852
29149 30903
29150 30904
29151 30911
29152 30912
29176 19034
29187 30917
29188 30945
29189 30946
29190 18675
29193 19400
29213 19723
29218 30943
29233 30987
29249 31008
29272 19827
29278 19873
29285 19639
29330 18989
29365 18911
29445 31192
29571 19808
29601 19362
29633 19826
29649 19893
29692 31154
29793 19939
30706 39398
30742 32063
30755 39587
30796 39492
30798 39607
30801 21518
30802 21519
30810 32275
30825 39668
30858 39561
30862 39692
30863 39693
30864 39706
30877 39689
30894 39717
30902 32357
30910 32105
30932 39752
30933 39753
30957 32413
30975 39757
30992 39850
30993 39773
30994 39774
30999 32420
31029 39794
31030 39795
31034 39826
31114 32594
31140 39928
31141 39929
31162 39939
31193 32660
31194 32639
31203 39973
31229 39848
31234 32485
31253 40014
31273 40027
31289 40015
31313 32430
31329 32754
31346 32762
31368 32778
31465 40140
31495 33128
31513 40246
31555 32937
31593 33141
31594 33142
31614 32808
31621 40258
31630 32746
31643 33105
31675 40453
31683 9667
31704 40477
31708 33262
31731 33217
31753 33019
31755 32958
31760 32888
31762 32985
31779 32906
31792 33164
31821 33100
31846 33112
31888 33456
31896 40483
31920 33263
31921 33442
31930 179
31945 33590
31968 33543
31978 40556
32025 40576
32026 40577
32052 33586
32066 40617
32076 33593
32137 40691
32143 33659
32156 40669
32157 40670
32160 40673
32189 40686
32228 33781
32251 40711
32258 33756
32259 33757
32273 33779
32291 23884
32310 40833
32311 40833
32327 40766
32358 40787
32359 40788
32373 33858
32386 40807
32387 40806
32397 33994
32415 33918
32473 40777
32486 34076
32494 34000
32504 33862
32531 40925
32542 40937
32585 40885
32599 41070
32615 41026
32619 34220
32641 34321
32654 34336
32680 40971
32697 34316
32699 34332
32798 41181
32832 34365
32833 40966
32839 34388
32877 34427
32952 34478
32987 41271
32992 34547
33014 34565
33015 34566
33028 34575
33033 24980
33055 34650
33078 34602
33079 34603
33081 34610
33113 41399
33128 34665
33136 41381
33139 34486
33184 34672
33187 34747
33225 34742
33237 34786
33263 34772
33284 34920
33290 34933
33302 34914
33323 34838
33346 34844
33403 34616
33422 8285
33426 34984
33427 34985
33457 34967
33458 34916
33473 35015
33481 25633
33492 35086
33505 34978
33518 35063
33536 41505
33544 41658
33566 35108
33567 35109
33572 35200
33574 35167
33598 35134
33601 35126
33602 35127
33604 35204
33628 35106
33785 41814
33868 35407
33873 35476
33876 35628
33888 35641
33893 35498
33913 35484
33943 35520
33944 35521
33946 35552
33950 35526
33994 41949
34027 35440
34044 35716
34050 35614
34084 35646
34089 35657
34142 35759
34159 35768
34165 35727
34187 35782
34193 42087
34220 35763
34260 35871
34265 35878
34267 35817
34271 35887
34282 35816
34283 35835
34284 35829
34302 35838
34305 35919
34306 35920
34314 35933
34315 35832
34330 35949
34340 35901
34372 36008
34387 36032
34418 26586
34429 36084
34437 36087
34440 36202
34441 36203
34449 26814
34450 36007
34470 36018
34488 36129
34496 27025
34502 36053
34503 36054
34532 42358
34537 35822
34540 27098
34546 36105
34551 36177
34598 27295
34606 35972
34618 36356
34645 35956
34659 36385
34661 35992
34671 36254
34680 36417
34720 27298
34723 36297
34725 36456
34727 27402
34735 36280
34760 36059
34761 36060
34764 36363
34770 36521
34784 36093
34802 36395
34809 36463
34815 27121
34841 36461
34884 36659
34911 36460
34915 36805
34920 36479
34925 36692
34949 36717
34989 42517
35001 36580
35003 28095
35038 36798
35070 36824
35139 28266
35162 27848
35170 36856
35171 36857
35180 36640
35198 36730
35199 36731
35217 28377
35244 36980
35275 36901
35286 37061
35292 36940
35293 36941
35310 28532
35336 36991
35340 37015
35359 42804
35370 36977
35475 37151
35476 37152
35490 28756
35565 28592
35566 28593
35574 28722
35586 37170
35623 37192
35625 37193
35745 29171
35775 37086
35797 37490
35798 37491
35808 29209
35811 37103
35819 37449
35834 37365
35862 37391
35867 29275
35868 29276
35869 37398
35881 29062
35883 37302
35898 37178
35899 29306
35900 29307
35905 29070
35955 29117
35964 37477
36062 43357
36076 37645
36098 37748
36108 37712
36169 37633
36257 37636
36266 37792
36328 29440
36356 37889
36357 37682
36370 29763
36382 29558
36437 29799
36507 43707
36508 37555
36518 38034
36544 30086
36572 37986
36598 37971
36606 37969
36625 38000
36640 30007
36644 38158
36665 37946
36667 38006
36691 38025
36697 37704
36702 30284
36703 29972
36705 38119
36761 38091
36786 38048
36793 38413
36797 38202
36821 38394
36886 38432
36899 30294
36953 30601
36983 30654
37002 30446
37012 30373
37048 38252
37070 30441
37097 38447
37109 30496
37121 38721
37152 38673
37153 38565
37162 30498
37175 30766
37207 30556
37208 38495
37218 30979
37219 30980
37226 30608
37234 38827
37244 31015
37253 30793
37254 30794
37260 38844
37269 30827
37274 30897
37303 38571
37338 38615
37339 38616
37341 30922
37355 38603
37360 30914
37363 30810
37365 30952
37378 30808
37379 30809
37392 38767
37399 38647
37404 38880
37407 30678
37415 38693
37416 30860
37451 38728
37463 38736
37466 31074
37468 31089
37497 38805
37498 38806
37588 38574
37655 38912
37706 31123
37728 38895
37729 38896
38028 12511
38593 32145
38595 39678
38607 44686
38615 44697
38623 39607
38635 44642
38636 44643
38637 44903
38638 44800
38642 39493
38646 44724
38648 39654
38653 44819
38665 44740
38670 44689
38675 44884
38676 44885
38692 39724
38700 39761
38703 44833
38734 44877
38737 39640
38750 44792
38753 39557
38754 39558
38766 44929
38768 44915
38769 39670
38772 39583
38781 39817
38792 44908
38809 39629
38816 44994
38836 39918
38897 39944
38919 45027
38941 40012
38943 45054
38963 45059
38981 44991
38996 45002
39014 40059
39028 40113
39032 40069
39062 40077
39082 45232
39104 40260
39108 45233
39109 45205
39111 40191
39124 40247
39140 40043
39153 45265
39159 45285
39164 40137
39193 40145
39199 40320
39207 45330
39246 45411
39253 45183
39261 45323
39264 40211
39279 40529
39289 40175
39299 45295
39310 45404
39319 40282
39321 40280
39323 45387
39328 40494
39333 40492
39335 40359
39414 40466
39440 40603
39441 45479
39500 45532
39501 45533
39506 45518
39520 40649
39545 40705
39547 45573
39558 45608
39564 40742
39591 40815
39595 45595
39608 40762
39627 40789
39636 40860
39637 40861
39643 40839
39646 45635
39656 40866
39665 45581
39700 40852
39709 40758
39727 45668
39760 45700
39768 40986
39770 40961
39789 40858
39821 41070
39834 41026
39837 45847
39842 41048
39887 41103
39914 41130
39917 41013
39927 45907
39928 45867
39962 45886
39970 45890
39989 40966
39999 45874
40000 45911
40007 41197
40031 41263
40034 41239
40036 41144
40039 41264
40045 41182
40062 41334
40079 41306
40081 41297
40102 41328
40123 46015
40124 46016
40137 41373
40154 41379
40167 41367
40175 41390
40191 46058
40192 46036
40197 41381
40221 41453
40228 41425
40250 41853
40280 41487
40285 46109
40353 41551
40370 41543
40380 41582
40405 41584
40414 41607
40415 41608
40444 46210
40467 41630
40468 41631
40474 41618
40475 46223
40481 41648
40511 46268
40523 46291
40530 41695
40562 35172
40564 41752
40567 41881
40597 41734
40600 41766
40636 41832
40644 41853
40655 46387
40691 49749
40695 46357
40699 41907
40700 41913
40701 41914
40707 41844
40743 41904
40745 41905
40751 41900
40757 41813
40758 41911
40759 41949
40784 42018
40804 42027
40825 35696
40833 42089
40846 42092
40849 35746
40856 42061
40882 42066
40887 42073
40917 42119
40927 42139
40939 42191
40940 42192
40949 42137
40960 42205
40975 42215
40985 42229
41005 42208
41023 42210
41024 42211
41035 42219
41036 46594
41039 42223
41049 42256
41076 42259
41089 42285
41107 42437
41115 42357
41116 42358
41125 42317
41133 42472
41136 42473
41140 42397
41143 42352
41190 42377
41191 42378
41224 42492
41225 42494
41269 42526
41271 42547
41295 42389
41339 42436
41340 42768
41341 42769
41350 42443
41389 42616
41390 42617
41391 42723
41411 36580
41436 46979
41493 42754
41510 42806
41518 42955
41522 42866
41548 42892
41554 42725
41555 42912
41569 42732
41586 42838
41592 36879
41601 42943
41646 42992
41657 37157
41675 43019
41691 42893
41729 36927
41747 42966
41786 42921
41799 42915
41811 42844
41820 37096
41838 43178
41865 43211
41874 43248
41908 43255
41909 43256
41934 42970
41994 37321
42019 37479
42037 37500
42070 43303
42082 47380
42088 37473
42108 43287
42109 43288
42131 43357
42134 47436
42175 43263
42255 37772
42266 43449
42268 47495
42275 43372
42289 43391
42307 37862
42327 47568
42348 37710
42379 38001
42390 37790
42401 43578
42420 43511
42428 43532
42451 38074
42489 43636
42493 43696
42515 43427
42522 37913
42523 43809
42537 43445
42554 43855
42555 43780
42572 38246
42590 43699
42610 38104
42627 43882
42649 38125
42653 38133
42654 38134
42655 38135
42667 38149
42668 38150
42671 38136
42684 38177
42685 38178
42691 38194
42697 38199
42698 43933
42713 38217
42716 38223
42727 38234
42735 38241
42736 38242
42737 38243
42738 43772
42742 43801
42743 43802
42745 38251
42751 38271
42760 38267
42761 38269
42779 38287
42781 38296
42789 43987
42801 38307
42804 38304
42805 38305
42806 38306
42814 43988
42823 38329
42824 38327
42833 38353
42834 38354
42835 38355
42906 38382
42908 43950
42917 43875
42918 30557
42924 38291
42930 38480
42931 43910
42933 44072
42939 38481
42964 38506
42965 38507
42986 38720
42989 38725
42996 38718
43011 38758
43016 38633
43021 38837
43045 43963
43050 47954
43053 38687
43056 44022
43077 44006
43078 44034
43084 31183
43085 31184
43142 44096
43167 43920
43169 38780
43182 44114
43196 44143
43198 38671
43201 38771
43209 38875
43213 44113
43234 44240
43239 44185
43309 38815
43340 44218
43368 44195
43393 44138
43708 49419
43856 44820
43866 44773
43899 44815
43905 48373
43906 48375
43908 48434
43913 44808
43955 48466
43970 48524
43975 44849
43982 48566
43990 48548
44028 44978
44030 48588
44038 48653
44046 44953
44047 48535
44060 39782
44061 48586
44097 44985
44142 44988
44240 45061
44252 45131
44257 45009
44258 48795
44269 45135
44273 45030
44276 48788
44277 48779
44282 45095
44286 45231
44301 45240
44302 45115
44315 45141
44332 45154
44339 45301
44370 48899
44373 45329
44407 45251
44420 40283
44444 48930
44468 48947
44471 45512
44477 45460
44499 43439
44505 45341
44511 49007
44526 45492
44527 45489
44538 45501
44548 49076
44549 45505
44552 45514
44553 45484
44555 45398
44557 49032
44580 49052
44605 49078
44627 45575
44652 49132
44653 49133
44657 45659
44665 45676
44666 45677
44677 49152
44684 45581
44686 45733
44702 45631
44726 45605
44748 45706
44763 45757
44765 45821
44786 45780
44791 45800
44816 45880
44820 45827
44821 45828
44827 16405
44834 45759
44865 45878
44886 49302
44901 45882
44909 45932
44910 45933
44928 45922
44947 49356
44955 49284
44971 45998
44980 45991
44981 45992
44984 46026
44998 46035
45006 46044
45012 46027
45015 46047
45019 46054
45055 46088
45059 46068
45062 46078
45066 46074
45079 46116
45089 46118
45091 41476
45093 46121
45094 46122
45110 46133
45113 46181
45153 49540
45169 46193
45248 41592
45250 46233
45252 41638
45260 46153
45265 49562
45267 46220
45268 46221
45279 49574
45280 46280
45300 46297
45304 46275
45312 46286
45316 46318
45323 46307
45329 41740
45356 46345
45366 46370
45370 46380
45377 46386
45415 46407
45474 46457
45485 46395
45489 46497
45516 46513
45519 46482
45534 46541
45546 46506
45552 46525
45568 46557
45582 46551
45592 46550
45597 46575
45602 42165
45606 46573
45619 42236
45625 46588
45638 46638
45643 46614
45648 46640
45654 46620
45658 46621
45659 46653
45660 46654
45675 46733
45677 42309
45678 42310
45681 46667
45689 46642
45708 46757
45718 46669
45719 46670
45743 46679
45754 46737
45765 46826
45781 46767
45789 42316
45791 46860
45807 46881
45808 46746
45813 46879
45829 46891
45830 46892
45836 46821
45851 42520
45858 46865
45860 50056
45865 46825
45868 46931
45910 46802
45932 46926
45934 46793
45953 42583
45965 47007
45977 46872
45999 50124
46020 47051
46053 47083
46062 50233
46089 47112
46096 46956
46105 42766
46113 47120
46126 46979
46135 47185
46161 47168
46167 47194
46169 42885
46185 47225
46203 47118
46213 47101
46224 42813
46225 42814
46227 43079
46241 47153
46252 43158
46260 42888
46266 47290
46285 47229
46313 47325
46317 47142
46327 47299
46345 47391
46371 47385
46378 47433
46419 43361
46424 47314
46437 47307
46443 47368
46472 43339
46484 47430
46485 47431
46491 47443
46494 47499
46546 47541
46552 47417
46553 47418
46567 43379
46573 47575
46585 43365
46615 47581
46627 43452
46629 43524
46650 47602
46651 47603
46660 47558
46680 43522
46693 43504
46730 47631
46738 47618
46747 47682
46754 43787
46756 43422
46758 47686
46759 43793
46775 47712
46787 47796
46790 43722
46821 47821
46827 43764
46828 43765
46862 43785
46863 43918
46864 43919
46868 43796
46889 43834
46940 43877
46942 50864
46944 43894
46954 5390
46971 43876
47011 43888
47015 43932
47022 44005
47042 43995
47051 44110
47057 44056
47066 50893
47067 43940
47074 50718
47075 50719
47079 43967
47087 44059
47089 47798
47105 44016
47108 44184
47110 47816
47130 44099
47131 44100
47132 44050
47135 47760
47138 47934
47140 47842
47146 47935
47147 47936
47150 38722
47169 44083
47170 47977
47173 44101
47176 47965
47183 44161
47186 48029
47197 48046
47198 48047
47211 44147
47218 48018
47219 48019
47243 47904
47254 48070
47260 48073
47265 44169
47302 44237
47361 48024
47362 48025
47387 48041
47426 48051
47723 48421
47724 51210
47728 44785
47742 51226
47746 51241
47762 51247
47776 48542
47783 48517
47787 48519
47789 51258
47791 51280
47797 48625
47804 51270
47812 48525
47820 48543
47827 48554
47842 51288
47843 51289
47850 48502
47854 48628
47855 48629
47857 48560
47860 48595
47861 51269
47864 48575
47865 51317
47866 48591
47873 48658
47885 48626
47886 48627
47889 51296
47890 48624
47892 48602
47894 48619
47916 51374
47950 48690
47951 48691
47963 48596
47978 48709
47979 51408
47998 51381
48025 48705
48049 48777
48053 48796
48063 48738
48064 48695
48071 48818
48072 48744
48090 48804
48091 48684
48113 48793
48116 48763
48122 51517
48127 51492
48147 48922
48148 48923
48152 51453
48157 48762
48162 48808
48168 48813
48173 51558
48185 48933
48192 51583
48210 48867
48211 48868
48216 48829
48221 48963
48225 49003
48242 49048
48244 49001
48245 49000
48252 49008
48255 49023
48265 48887
48283 49031
48288 51654
48302 45414
48317 49075
48321 49085
48327 49056
48328 49057
48341 49101
48351 49080
48392 49206
48393 49207
48396 51689
48406 49163
48407 49164
48414 49230
48415 49231
48416 51727
48425 49187
48445 51741
48448 49165
48457 51773
48461 51753
48490 51766
48491 45809
48520 49274
48531 49265
48538 45824
48547 51808
48591 49344
48596 49346
48626 49390
48650 46051
48655 49417
48686 49440
48712 49445
48724 49488
48725 49489
48729 49460
48743 46145
48745 49473
48748 49479
48762 51917
48774 49530
48784 49529
48800 49547
48816 49597
48822 49586
48830 49618
48835 51967
48840 49607
48887 49653
48892 49658
48900 52042
48918 46412
48940 49719
48959 46461
48970 52038
48986 46510
49008 49774
49019 49795
49020 49796
49024 49820
49031 49811
49032 49807
49044 49809
49058 49841
49063 49858
49065 52103
49088 49880
49092 49870
49103 49793
49111 49873
49113 49882
49114 49883
49117 49949
49124 49912
49132 49924
49144 49896
49150 46779
49155 49948
49185 49987
49188 46675
49189 50049
49208 50054
49212 50013
49216 50015
49230 50018
49233 50025
49234 50069
49241 50044
49243 50035
49244 50036
49249 50029
49258 52201
49298 50019
49329 52208
49394 52322
49400 50197
49405 50113
49421 50210
49468 50280
49486 47224
49498 47144
49508 47162
49513 47222
49541 50237
49547 47290
49551 50397
49552 50398
49559 50206
49571 50399
49581 50426
49590 50320
49594 50287
49615 50350
49616 50351
49622 47252
49632 50311
49633 50442
49653 50338
49672 50400
49673 50391
49696 47403
49697 50423
49698 50420
49700 50430
49704 50387
49705 50388
49715 47355
49717 50465
49718 47384
49720 50357
49726 50488
49728 43026
49840 50538
49841 47515
49862 50628
49866 50686
49878 47596
49883 50692
49888 47718
49904 50726
49911 47743
49918 47688
49937 50697
49940 50762
49953 47695
49967 50793
49972 47736
49983 52602
49984 50723
49995 47713
50002 47770
50010 50710
50018 50715
50026 47785
50030 47793
50031 50765
50046 50767
50075 50884
50089 47846
50106 50821
50129 50722
50161 47891
50164 47926
50192 50865
50246 48030
50256 50940
50263 47932
50265 48018
50266 48019
50272 48069
50278 50966
50279 48088
50283 50961
50351 50979
50371 48023
50591 52902
50600 52907
50601 51241
50605 51240
50616 52951
50619 51243
50620 52952
50627 52956
50634 52979
50635 52980
50644 51265
50650 52973
50651 51281
50659 51273
50660 51274
50664 52981
50665 51284
50667 51320
50671 51288
50672 51289
50675 51314
50678 51306
50682 52988
50688 52993
50694 51333
50698 51271
50702 51278
50715 53005
50716 51337
50727 51374
50728 53030
50746 53036
50768 51408
50772 51417
50773 51346
50774 51347
50776 53070
50777 51380
50783 53043
50790 51439
50791 51442
50795 53081
50796 53082
50799 51396
50801 53087
50802 53088
50815 53092
50818 48671
50819 51455
50833 53099
50834 53100
50838 51445
50845 51508
50849 51447
50850 53097
50855 51419
50864 53148
50868 51469
50890 53158
50894 53161
50912 53171
50918 51577
50921 51583
50927 51586
50934 53191
50944 51637
50967 51588
50970 51654
50977 53250
50988 51684
51002 51653
51018 51696
51020 53284
51064 51695
51066 51730
51074 53305
51079 51758
51081 51701
51084 49240
51094 51749
51095 51750
51108 53348
51120 51742
51134 51781
51145 51784
51146 51785
51155 51809
51162 53386
51163 51820
51204 51863
51219 51872
51220 51873
51232 51880
51233 53423
51241 51881
51248 51904
51262 51903
51269 49510
51274 51928
51286 51933
51291 51940
51295 51944
51302 53474
51303 53475
51349 51969
51351 52024
51358 52018
51390 53526
51394 52076
51396 52052
51398 52059
51400 52071
51401 52072
51418 53542
51427 49807
51432 53550
51445 52103
51491 52181
51507 52184
51550 52227
51574 50120
51613 50182
51637 52293
51648 52309
51704 52375
51708 52312
51714 50236
51719 52410
51738 52360
51758 52373
51762 52384
51763 52385
51776 52398
51777 52399
51787 50442
51794 52352
51814 52463
51822 50420
51825 50536
51842 50476
51854 52449
51871 52497
51878 52465
51879 52466
51882 50496
51908 52493
51915 52538
51919 50581
51932 52540
51951 50602
51952 50603
51974 50684
51983 52517
51998 52602
52010 52626
52028 52617
52029 50837
52052 52649
52061 50823
52067 52640
52126 52697
52154 50912
52159 52635
52169 52736
52170 52717
52171 52718
52174 50994
52187 52740
52188 52741
52191 50975
52192 50974
52197 52725
52198 52726
52202 50858
52210 50933
52451 52962
52456 54210
52458 54216
52463 54220
52464 52983
52470 52968
52471 52976
52474 52942
52482 52998
52494 54232
52497 54230
52499 54239
52502 53011
52504 53010
52510 54246
52521 53012
52522 53013
52524 54256
52527 51334
52528 54263
52540 53029
52545 55080
52546 55081
52595 53077
52596 53063
52598 55103
52601 53144
52613 53101
52614 53102
52618 54351
52620 53111
52621 53112
52622 53090
52638 53170
52642 53127
52645 54364
52671 53219
52684 53181
52685 53182
52702 53270
52705 53293
52720 53286
52724 53288
52731 53296
52740 54439
52741 54440
52743 53274
52746 53279
52749 53303
52754 53315
52755 54438
52764 53334
52766 53302
52785 53347
52800 53365
52811 53378
52829 53392
52861 53430
52863 53438
52893 53460
52899 51961
52934 54599
52935 53522
52969 53538
52984 53555
52990 52159
53003 53610
53008 53571
53020 53575
53025 52152
53028 52181
53031 53580
53032 53581
53033 53633
53034 53632
53048 53599
53053 53666
53058 54648
53063 53646
53070 53655
53092 55316
53107 53642
53121 53662
53123 53647
53126 53690
53127 53661
53131 53670
53140 53682
53141 52292
53144 52262
53145 53684
53146 53685
53150 53698
53161 53713
53170 53771
53174 52286
53175 52287
53190 52380
53207 53735
53211 53794
53221 53757
53235 53772
53239 53810
53252 52400
53256 52438
53257 53831
53273 53836
53279 53817
53281 53845
53282 52452
53287 53860
53288 53861
53331 53898
53337 53910
53353 53948
53360 53901
53361 53902
53365 53926
53369 52564
53418 53975
53443 53960
53467 54019
53469 52711
53484 54032
53489 52746
53493 54004
53494 52735
53496 52708
53547 54047
53678 54207
53680 55039
53681 55040
53686 52985
53691 54233
53693 54228
53698 54231
53704 55053
53728 53027
53741 54265
53753 55085
53757 55090
53758 55092
53776 55108
53783 54321
53795 55120
53833 54381
53846 54378
53875 54400
53886 54414
53905 54441
53915 54453
53916 55177
53917 54432
53921 54459
53927 55181
53938 54451
53939 54471
53951 55195
53953 54493
53967 54495
53983 55215
53989 54512
53990 53434
53993 54517
53999 54518
54008 54531
54017 54537
54029 54558
54030 54554
54037 54568
54046 54592
54047 54588
54053 54555
54090 54629
54091 53579
54092 54624
54117 54652
54120 54669
54122 54657
54127 53625
54165 54732
54201 53736
54207 54749
54208 54750
54213 54728
54214 53711
54215 53773
54221 54763
54222 54764
54239 54767
54241 53809
54242 54757
54244 54771
54245 54762
54248 53835
54252 54760
54260 53855
54263 53792
54269 54777
54276 54793
54285 53847
54317 54823
54318 53879
54322 54829
54343 54846
54344 54847
54356 54875
54368 54883
54371 53942
54372 54894
54374 53961
54381 53945
54392 54911
54403 54012
54413 54933
54426 54039
54429 54940
54439 54057
54441 54033
54446 54025
54451 54054
54454 54943
54462 54941
54463 54942
54556 55027
54574 55532
54581 55065
54592 55084
54606 55105
54608 55120
54610 55088
54611 55089
54619 55122
54624 55570
54635 54378
54642 55143
54643 55141
54671 55177
54677 55619
54679 55181
54698 55215
54703 55227
54706 55231
54721 55242
54723 55244
54725 55265
54733 55258
54743 55271
54757 54627
54768 55294
54821 54738
54822 54734
54851 55357
54906 55412
54917 55429
54921 54894
54925 55433
54926 54919
54938 54938
54959 54932
55064 55530
55070 55534
55074 55545
55087 55562
55088 55858
55096 55572
55097 55573
55104 55580
55109 55590
55119 55596
55120 55598
55121 55890
55125 55606
55126 55607
55139 55625
55148 55633
55174 55649
55177 55663
55183 55666
55184 55667
55188 55670
55192 55304
55200 55312
55211 55319
55212 55320
55260 55751
55270 55762
55278 55760
55281 55766
55282 55767
55288 55771
55357 55843
55377 56057
55378 56058
55385 55872
55396 55883
55399 55881
55404 55891
55423 55902
55426 56079
55429 56083
55435 55911
55438 55918
55449 55922
55455 55928
55459 55931
55476 55704
55491 55751
55503 55754
55504 55982
55507 55979
55512 55983
55513 55984
55521 55770
55524 55764
55585 56045
55586 56046
55589 56156
55594 56161
55595 56061
55601 56069
55606 56173
55611 56182
55615 56093
55621 56097
55623 56099
55633 56200
55671 55990
55698 56160
55704 56249
55705 56164
55706 56165
55708 56163
55709 56251
55720 56175
55726 56181
55727 56180
55730 56183
55732 56184
55735 56264
55742 56202
55751 56206
55752 56205
55758 56117
55771 56124
55806 56302
55808 56247
55809 56248
55816 56170
55827 56262
55831 56266
55832 56267
55836 56271
55838 56197
55839 56197
55850 56283
55855 56288
55856 56289
55859 56291
55860 56223
55889 56303
55891 56309
55893 56313
55894 56252
55897 56362
55901 56324
55921 56292
55928 56361
55930 56389
55932 56366
55933 56367
55935 56369
55936 56368
55954 56405
55956 56390
55961 56379
55968 56406
55969 56408
55970 56410
55973 56419
55980 56417
55981 56418
55988 56430
