1194
298 30156
479 18512
488 18792
850 16935
990 18578
1173 18595
1277 18193
1279 17354
1452 17931
1692 17869
1705 17713
1798 17973
1867 17578
1868 17577
2181 17296
2192 29297
2267 17415
2335 17105
2509 16032
2596 28507
2619 28995
2664 16787
2727 29093
2793 16671
3348 16552
3416 16552
3425 16178
3434 16178
3455 17568
3459 16172
3470 9031
3716 14799
3808 13447
3984 14958
4013 14931
4094 14822
4103 28180
4129 14779
4159 15260
4388 14852
4412 27662
4413 27661
4772 14677
4983 27168
5064 14275
5069 27100
5217 27335
5221 13223
5275 13886
5461 13693
5494 13689
5583 26599
5628 26860
5724 13516
6021 13371
6283 12968
6323 12759
6438 11982
6461 13261
6542 13210
6543 13209
6671 12425
6752 25829
6936 11989
7064 26189
7065 26188
7148 25710
7194 25684
7216 25977
7233 11598
7247 12807
7256 26101
7330 25579
7331 25578
7508 11625
7529 25773
7540 25938
7552 25774
7655 25615
7708 25666
7765 12133
7929 11694
7953 10507
7961 25212
8000 25380
8002 11129
8007 10735
8016 12133
8107 10947
8167 25271
8211 25247
8270 10232
8314 25178
8388 25498
8407 25098
8408 25097
8488 25087
8523 10033
8693 9864
8752 25209
8760 10559
8820 25164
8849 25021
8874 24806
8883 24761
8885 10416
8919 34152
8992 24670
9134 8741
9170 9229
9283 24357
9289 24509
9611 24219
9614 24926
9665 24591
9666 24592
9725 10264
9778 9797
9827 33590
10245 9747
11718 23322
11755 22674
11758 23461
11833 6536
11983 8034
12072 6973
12087 7074
12120 18394
12190 23041
12603 7280
12762 22603
12765 22184
12933 6365
13111 6201
13266 32471
13438 5987
13439 5988
13560 4901
13578 6499
13636 6385
13688 4783
13689 4782
13728 5504
14133 21854
14172 5030
14295 4050
14419 21731
14505 21109
14538 21633
14577 20876
14759 21495
14783 3095
14840 4370
15102 2468
15135 21861
15176 20406
15201 2498
15212 2391
15298 2611
15412 20210
15645 10340
15743 21240
15898 30938
16018 30938
16062 1480
16202 20499
16388 2287
16597 10810
17245 2505
17698 864
18681 3514
18853 547
19711 29921
19871 29701
19908 14524
19930 30157
19951 37729
20038 37463
20048 18695
20170 37739
20172 37738
20176 37658
20202 18314
20228 18275
20296 37532
20304 18177
20333 37721
20401 29695
20508 29708
20566 37311
20576 29259
20597 29469
20611 29463
20615 29459
20628 29532
20640 29412
20653 37359
20657 29413
20676 37375
20762 37158
20809 17216
20815 29248
21047 16958
21167 16600
21168 16599
21181 28843
21313 16509
21324 16329
21354 16299
21387 16392
21411 28703
21438 36773
21492 36736
21613 16944
21666 36502
21689 15588
21728 36363
21760 28124
21789 15383
21868 36304
21908 36340
21939 28015
21940 28014
22051 14917
22076 36015
22090 27878
22095 27814
22102 35959
22159 27148
22166 35970
22252 35782
22355 35916
22379 20265
22528 14095
22905 35317
22957 26995
22964 26200
22992 13334
23216 26440
23217 26441
23275 34885
23350 34841
23395 27576
23411 26363
23412 25840
23413 25839
23451 35253
23460 35096
23462 12268
23467 35029
23482 27524
23486 34986
23488 34985
23509 26530
23514 12820
23523 12418
23524 12417
23540 34721
23565 26059
23569 34930
23603 25996
23626 25580
23630 34632
23635 26030
23636 26029
23640 12133
23652 25802
23653 25527
23687 25943
23704 34836
23712 34732
23717 12111
23742 34707
23763 25874
23800 34662
23819 26199
23837 34623
23931 34529
23962 34496
23963 34482
23979 34460
24013 34655
24014 34446
24015 34447
24034 34427
24058 34410
24136 34349
24151 34402
24185 25098
24186 25097
24316 24982
24336 34279
24424 25002
24467 11136
24475 40584
24484 34003
24503 25505
24510 33788
24571 33813
24583 33888
24599 25434
24624 33932
24637 24675
24677 33912
24678 33857
24781 33642
24867 33643
24885 10407
24897 33987
24917 33691
24918 33692
24944 24939
24982 24498
25231 24527
25602 24489
25619 33064
25734 32983
25757 23788
25937 23475
25938 38518
25954 24081
26110 32748
26229 23391
26230 23390
26363 23077
26364 23076
26379 23044
26380 23043
26407 23016
26408 23015
26415 32486
26530 22838
26588 22307
26607 22819
26806 23350
26823 32693
26920 7106
27027 6843
27037 6818
27048 22377
27184 21431
27462 21275
27542 32266
27704 32098
27763 6534
27791 21469
28111 31363
28123 31334
28259 20177
28831 4237
29131 20445
29148 20402
29459 30589
29671 19102
29997 3368
30176 27179
30178 825
30336 19553
30690 43007
30822 42753
30845 37635
30847 30031
30883 37882
30894 29978
31199 37243
31231 37214
31294 42458
31324 29532
31327 37416
31626 37056
31670 28941
31877 36795
31894 28710
31939 42231
31948 28538
31959 36710
31975 28582
32096 42105
32260 36329
32269 36492
32321 41828
32325 41935
32452 27850
32462 41842
32493 36280
32518 35960
32522 36263
32527 41695
32641 36161
32729 45660
32733 41574
32737 36082
32756 27476
32783 41509
32803 27387
32892 41621
32895 35691
32911 27229
32928 35661
32937 35647
33014 35388
33126 41443
33226 34945
33333 25792
33338 45237
33361 41294
33375 41296
33376 41295
33390 41251
33417 41036
33441 35225
33446 41045
33462 41311
33484 41161
33500 41137
33508 34678
33535 35172
33553 41029
33554 41028
33568 40986
33587 34917
33610 34723
33615 34811
33666 34909
33688 35050
33689 34997
33697 34588
33701 26263
33702 26264
33729 41053
33757 34937
33793 34696
33802 34679
33821 40858
33847 34880
33885 34842
33902 45017
33958 40921
33998 40726
34008 34207
34042 25629
34097 40689
34103 40719
34119 40622
34141 44908
34149 34288
34156 40643
34158 40594
34226 34298
34301 40552
34311 40514
34356 40457
34357 40456
34385 25512
34426 44770
34480 34448
34481 40349
34485 40517
34490 33893
34521 44706
34525 33859
34562 11543
34615 25218
34621 25195
34631 34166
34813 40127
34816 33687
34830 34005
34855 29075
34892 10340
34905 44604
34940 33714
35112 33678
35205 33531
35236 24434
35249 33463
35339 33213
35357 33360
35359 33174
35360 33173
35380 22508
35444 32965
35600 39478
35605 23584
35631 32583
35640 39549
35736 39402
35792 23350
35840 44011
35939 32616
35988 32789
36058 31977
36150 22645
36181 22619
36200 32327
36273 31924
36276 39378
36293 38964
36329 39324
36369 31805
36439 31515
36461 31707
36476 38941
36536 31623
36569 31222
36608 31222
36663 51880
36681 38746
36725 31096
36749 38675
36957 32113
36958 32112
37083 31061
37307 21392
37368 19742
37983 30680
38038 30501
38056 30607
38126 31519
38436 46715
38510 42959
38567 42995
38568 42994
38602 42838
38623 46524
38629 42909
38649 42741
38669 42813
38674 42853
38733 42664
38743 42653
38871 37601
38880 46314
38901 42680
38907 42435
38931 42408
38969 46298
39020 37231
39021 37232
39027 46209
39084 42482
39094 37185
39095 37184
39104 46206
39171 42309
39175 46101
39189 42426
39190 42425
39300 46153
39317 36871
39324 36812
39387 46013
39397 36894
39505 36555
39510 42028
39511 42027
39513 36532
39622 36315
39658 45799
39712 41878
39722 48635
39740 45776
39762 25069
39797 41707
39827 45622
39924 41470
39994 45595
40009 35710
40039 41451
40066 41418
40156 41388
40172 45294
40217 45422
40218 45397
40222 41218
40224 41284
40236 45406
40238 45195
40239 45193
40243 35310
40259 41352
40268 41249
40288 41331
40290 45186
40312 41171
40313 41170
40341 45125
40348 41139
40360 45105
40367 45211
40378 35151
40413 48258
40414 45133
40434 45135
40435 45119
40446 41142
40447 48234
40454 34966
40462 41248
40494 41022
40495 41013
40501 45054
40543 44968
40550 45009
40559 40754
40612 44959
40633 40757
40670 40689
40682 44920
40685 40799
40703 40788
40706 40991
40721 34596
40722 34597
40723 34591
40730 44898
40731 44897
40755 34745
40756 40720
40784 44868
40797 44843
40817 34489
40818 34488
40826 44846
40833 44936
40908 37938
40914 40675
40916 40677
40992 44678
41000 40360
41045 34327
41111 47834
41194 44517
41224 33954
41299 39832
41310 40196
41323 44376
41347 44327
41348 40181
41425 24429
41453 40077
41464 40060
41502 40191
41517 33393
41529 44350
41531 44260
41568 47583
41668 39549
41692 44180
41791 39701
41795 39739
41897 32420
41903 32789
41940 44101
41976 43887
41985 39444
42036 39395
42044 32730
42047 39382
42056 39157
42065 39353
42129 39269
42216 32536
42276 38886
42326 38731
42384 32497
42407 32483
42452 38507
42509 32291
42521 32338
42849 38082
42879 38053
42940 31906
43036 38169
43037 38168
43212 31597
43653 46571
43711 49305
43713 42962
43731 46643
43732 46495
43769 46587
43797 49147
43835 46521
43839 42819
43852 46505
43896 46328
43904 46444
43911 42663
43914 46420
43922 46429
43954 46403
43965 49022
43971 46392
43987 49014
44000 49042
44028 42538
44032 42538
44097 42442
44132 42401
44135 42390
44162 42360
44192 48946
44193 46154
44225 48915
44270 42159
44271 42158
44283 48889
44284 48888
44303 48838
44359 45941
44365 48829
44432 41972
44436 41950
44439 41951
44444 45924
44470 50746
44493 45887
44494 45888
44499 45877
44533 45764
44534 45765
44541 48604
44542 48603
44578 45721
44608 35603
44623 45795
44657 48528
44692 45555
44699 45534
44710 48546
44721 45472
44752 45574
44755 48474
44851 48306
44855 48443
44863 48435
44871 48400
44877 48418
44893 45416
44900 45464
44911 48245
44932 45498
44992 41342
44993 41341
45007 48205
45016 48201
45017 48187
45030 48300
45042 45357
45047 48181
45050 45315
45063 45365
45071 45073
45082 45209
45122 45256
45145 48221
45178 48210
45202 41081
45203 48054
45211 48186
45216 48119
45217 48120
45226 48175
45237 45169
45249 48064
45256 50796
45271 45037
45277 45076
45283 48038
45369 50234
45413 44996
45439 44985
45446 40914
45447 40915
45451 34448
45472 40812
45487 40881
45491 34407
45492 34408
45499 47907
45512 44878
45551 34332
45703 44673
45717 44631
45743 44766
45744 47742
45749 40448
45775 40452
45782 40535
45837 47652
45860 40373
45861 47608
45865 40229
45867 47606
45870 44526
45900 51289
45956 47604
46010 44553
46075 44311
46115 44814
46158 43949
46174 44129
46294 47240
46314 44135
46327 47392
46359 47267
46375 43805
46418 43742
46476 43619
46523 43526
46562 43955
46599 44069
46616 43838
46622 43547
46726 46992
46884 43443
47101 43748
47111 43725
47112 43724
47347 51243
47402 51238
47410 51232
47524 49226
47565 49236
47580 49176
47585 49200
47607 46467
47619 49145
47628 49136
47634 46464
47642 49166
47665 49101
47726 50922
47772 48990
47773 48989
47776 46159
47791 46247
47799 46236
47809 46228
47822 42157
47845 46182
47895 46068
47930 50863
47933 48851
47971 48770
47972 6830
47990 45935
47994 48640
48005 48695
48032 45898
48035 45883
48042 48752
48053 45859
48067 50719
48068 50718
48103 48576
48114 48677
48123 48545
48127 48668
48132 48607
48141 52151
48151 50622
48152 48539
48178 48493
48181 45694
48198 50602
48223 48444
48249 48582
48259 48494
48267 48489
48289 48450
48300 48459
48307 48426
48344 50517
48385 48417
48406 48401
48407 48336
48421 45392
48442 50416
48451 45327
48452 45326
48454 50391
48461 45347
48471 50374
48511 50410
48514 48278
48518 48230
48519 50325
48538 50302
48544 50304
48545 50303
48564 50305
48597 45132
48637 48085
48647 50243
48649 50218
48663 48107
48676 50208
48708 50195
48709 50196
48718 50188
48726 48059
48727 48058
48731 48056
48790 50136
48819 44977
48873 48055
48887 47975
48894 51737
49101 44649
49165 44560
49200 49805
49210 44489
49239 47462
49266 47290
49314 47226
49316 44365
49331 39838
49472 47388
49480 47048
49489 47374
49623 43961
49889 46884
49913 38949
49918 46859
49938 43714
50097 51220
50135 52557
50137 52521
50149 51230
50185 52514
50204 51076
50262 52423
50264 52482
50281 52382
50282 52381
50284 51073
50291 51043
50326 51013
50377 52317
50436 52282
50444 48906
50459 52304
50467 50862
50482 52296
50506 48835
50525 52259
50531 50781
50538 50765
50547 50833
50552 50838
50555 50738
50572 52216
50593 52233
50602 52194
50624 48697
50625 50662
50627 50702
50629 48677
50634 50633
50638 50645
50639 50735
50640 50734
50644 48666
50647 52190
50650 50622
50664 48621
50690 50686
50711 48581
50712 48582
50754 52041
50763 48411
50769 52033
50776 50549
50779 50533
50795 51999
50815 50514
50824 51968
50835 50480
50842 50469
50844 50477
50879 51949
50883 50495
50888 51942
50891 51910
50895 50411
50939 51902
50949 50462
50954 50337
50964 51878
50985 51861
50995 50240
50996 51858
50999 51841
51014 51846
51032 51856
51044 50236
51048 51831
51050 51828
51057 51826
51059 51824
51060 51823
51068 50264
51077 48040
51122 51737
51179 47996
51202 50150
51211 51784
51230 51694
51255 47738
51281 51622
51284 49976
51321 51703
51361 50012
51374 49999
51394 25368
51408 51535
51526 49796
51562 49579
51563 49578
51569 49552
51570 49551
51607 49545
51621 51353
51640 51356
51641 51355
51645 49490
51655 49480
51656 49481
51668 51335
51676 47410
51875 47187
51989 52569
52008 52556
52021 52551
52030 53416
52082 52472
52083 53421
52085 51126
52086 51103
52104 51069
52106 51068
52141 51035
52143 52396
52179 50996
52190 50979
52261 53274
52265 53276
52283 53250
52286 52270
52310 52206
52317 52227
52318 52226
52324 52194
52383 52203
52385 52192
52437 52082
52452 53139
52468 52058
52489 52076
52495 52003
52520 50485
52528 52009
52531 51920
52553 51931
52561 53023
52572 51905
52587 51907
52588 51906
52590 52983
52602 52975
52603 52976
52608 52973
52611 51886
52612 51885
52631 52964
52662 50137
52756 52834
52776 53632
52809 52807
52843 49967
52916 51609
52946 51391
52967 51384
52973 51363
52993 51345
52994 51346
52997 51369
53024 51339
53025 51338
53043 49844
53080 49788
53177 51499
53200 51474
53239 54063
53266 54042
53267 54043
53278 53440
53312 54005
53328 54009
53406 53365
53414 53349
53418 53335
53426 53331
53436 53929
53474 53878
53495 53217
53496 53216
53504 53207
53507 52245
53564 53143
53574 53133
53577 53796
53600 53127
53602 53099
53603 53756
53606 53124
53635 53076
53647 53739
53649 53086
53661 51962
53690 53019
53691 53018
53736 51871
53795 51791
53848 52774
53861 52769
53926 51595
53941 51615
53944 53523
54088 54407
54093 54047
54130 54390
54169 53969
54221 53870
54234 53854
54247 53850
54256 53873
54287 53839
54298 53795
54300 54268
54344 54261
54358 54228
54382 54220
54388 53707
54402 53697
54408 53687
54485 54149
54515 53573
54555 53538
54556 53539
54572 52825
54574 52811
54575 53521
54577 53522
54581 52802
54583 53501
54592 53489
54597 52782
54684 54598
54688 54000
54710 53985
54728 54332
54729 54331
54736 54322
54759 53846
54797 53789
54800 54527
54859 54484
54924 54170
54996 54725
55005 54600
55016 54717
55026 54715
55029 54714
55079 54544
55219 54830
55254 54544
55306 54760
55373 54824
55379 54817
55386 54702
55394 54802
55397 54888
55398 54800
55404 54875
55470 54818
55472 54815
55481 54798
55509 54938
55543 54906
55606 55027
55625 55037
