1186
523 24117
661 79
1675 25542
1723 30087
1798 18470
1854 9924
1909 18568
2072 18333
2192 18815
2303 18376
2382 48761
2907 17598
2964 17476
3016 29459
3041 18270
3042 18269
3098 17439
3246 17504
3425 17338
3434 17338
3459 17324
3515 17918
3619 17962
3805 16801
3892 17511
4151 17467
4196 16442
4201 38053
4413 16853
4706 16319
4846 16196
4930 16035
5039 16205
5217 15866
5264 22112
5312 15743
5397 28340
5430 28237
5472 15628
5541 15406
5583 14883
5665 15511
5732 15123
5745 30441
5818 28222
6489 14932
6542 14656
6637 14345
6671 14768
6829 27824
6936 14104
6992 27431
7065 14463
7095 14415
7134 27136
7148 26950
7208 14171
7218 26903
7343 11759
7344 13770
7512 13542
7525 26769
7529 27128
7532 13639
7551 13526
7552 13525
7620 13859
7717 13727
7785 13415
8107 13345
8283 26579
8323 26541
8559 13295
8630 12873
8644 12854
8661 12834
8662 12833
8673 26367
8744 40204
8752 12797
8883 26178
9080 26058
9140 26114
9170 25970
9218 11869
9289 25916
9351 25586
9855 11415
10342 38489
10894 12407
11214 9347
11369 10269
11718 9876
11769 24877
11840 24833
11929 33757
11983 9709
12211 9838
12214 9159
12239 24476
12243 9119
12254 9735
12283 9701
12522 7796
12666 25542
12680 24548
13148 23469
13154 24371
13155 24370
13439 8615
13626 23860
13646 8610
13688 7086
13728 23812
13729 7060
13844 23367
13884 23329
13896 23000
14059 6389
14095 33051
14414 6026
14419 23451
14521 5381
14707 22896
14759 33140
14855 23481
14965 6029
15053 4731
15054 4730
15065 5656
15176 4480
15193 3045
15211 4468
15409 23003
15538 21773
15572 21842
15573 21841
15621 32160
15743 22776
15744 22775
15789 6094
15898 21505
15909 3703
16018 21505
16094 21374
16148 21331
16202 22094
16388 21852
16597 23804
17142 20575
17245 4047
17383 5193
17744 1680
17979 1649
18299 19830
18300 19829
18301 19804
18387 19778
18500 21060
18504 20144
18658 20546
18833 27981
18863 20750
18870 20478
19129 20614
19153 21113
19165 433
19304 20478
19331 39
19410 30915
19831 31378
19862 19133
19942 38501
20163 30210
20333 30143
20400 18702
20427 18962
20508 29966
20571 18422
20574 18413
20597 18698
20611 18558
20615 30082
20620 18655
20628 18421
20742 29841
20743 29840
20817 29901
20880 18190
21070 17645
21167 17782
21168 17781
21312 17367
21387 17192
21402 29554
21411 29283
21478 29491
21487 17077
21488 17076
21578 16873
21627 16800
21642 16762
21667 29256
21678 37472
21728 37436
21761 37403
21908 28964
22001 16397
22046 37050
22072 16241
22073 16240
22144 28425
22252 36948
22304 15947
22514 28301
22546 28354
22585 28136
22657 15093
22786 15181
22878 15132
22894 14786
22957 14820
22991 14794
22992 14793
23019 14754
23235 27874
23238 14737
23307 27605
23375 27429
23382 14051
23396 27714
23407 14473
23412 27173
23413 27172
23459 27668
23478 14155
23514 13902
23525 36196
23569 35961
23636 27510
23645 27330
23653 26758
23701 13462
23704 27113
23706 27116
23717 13794
23752 35634
23767 13878
23836 36026
23837 35704
23842 13652
23848 35821
23932 35617
23935 35458
23962 35594
24014 35550
24020 27107
24034 35533
24084 26620
24210 26906
24211 26905
24336 35407
24371 26732
24525 35157
24583 35075
24615 26488
24624 35113
24637 26010
24733 26390
24769 34800
24830 26059
24842 34923
24934 26362
24944 11954
25182 34658
25271 26041
25477 34410
25579 34283
25724 10592
25943 10319
26246 25071
26363 24920
26364 24919
26365 24930
26409 24874
26502 24786
26503 24785
26530 24749
26606 24680
26692 34110
26842 24506
26853 24466
27000 33125
27168 24179
27287 23274
27511 23030
27520 33338
27521 33339
27535 7686
27542 33358
27625 32837
27704 33200
27801 32842
27935 22663
28172 32251
28173 32250
28195 22101
28199 23051
28220 22909
28381 39623
28455 32838
28624 39513
29096 31358
29242 31366
29598 31572
29631 31640
29671 20207
29706 31090
29780 30951
29793 31668
29813 30701
29817 30949
29893 30951
29964 30820
30003 30974
30050 30713
30119 31441
30121 30577
30130 30556
30144 30690
30181 30484
30191 38478
30241 30795
30318 12747
30333 31098
31199 38045
31276 29937
31324 18421
31340 29883
31357 18323
31498 29645
31564 17888
31597 29624
31702 29494
31715 37769
31730 29425
31770 29262
31868 37381
31894 29167
31898 29455
31909 17077
31910 17076
31929 37333
31939 37719
31986 37411
31994 29026
32000 37556
32065 42876
32305 37266
32325 37202
32327 28842
32328 37193
32481 28657
32556 42531
32563 28637
32582 36920
32593 36899
32641 36888
32698 36841
32783 42360
32866 28038
32894 36661
32895 36662
32938 36588
32949 28154
33014 36449
33108 28083
33164 27835
33172 36525
33186 42126
33230 42083
33347 27584
33439 36177
33484 41878
33500 35947
33501 27394
33502 27395
33504 27564
33535 36042
33536 36156
33568 41677
33592 27306
33689 35899
33702 27149
33704 35990
33757 35838
33762 35828
33801 35812
33802 35811
33807 35799
33821 35518
33853 35800
33870 35463
33871 35462
33877 41534
33884 35778
33901 41526
33902 41525
33959 41466
33960 41465
33980 35700
34119 41391
34301 41315
34311 41285
34320 41268
34500 41131
34507 26370
34602 26015
34631 35091
34698 41009
34700 25893
34723 25855
34782 41102
34829 34920
34874 40871
34881 41049
34940 34865
35117 24383
35163 34546
35281 34413
35345 34470
35360 25040
35367 34452
35368 34451
35369 34448
35376 40440
35416 10015
35444 34201
35512 45127
35513 45126
35774 33961
35988 33864
36150 24030
36166 33698
36187 40259
36188 40260
36203 52689
36273 32992
36277 40175
36286 32971
36307 32939
36323 32547
36334 33539
36369 32869
36402 32656
36403 32655
36431 39858
36461 32769
36569 32230
36608 32230
36633 23471
36678 32892
36681 39478
36682 33029
36683 33028
36684 39430
36694 39421
36702 32153
36703 32152
36728 39424
36749 39398
36783 23150
36795 39338
36806 29283
36832 39309
36956 39509
37083 39384
37105 32353
37146 32740
37333 38953
37426 38882
37457 31997
37471 31305
37485 31286
37518 38965
37763 38656
37835 31094
37842 30984
37875 31062
37888 30884
37910 38526
37932 38471
37997 30566
38002 38843
38038 38762
38039 38427
38056 31312
38120 38403
38145 30745
38290 38523
38871 37904
38873 43149
38880 43162
38940 37822
38985 37949
39011 37792
39021 37907
39044 37736
39071 37795
39079 37648
39097 43173
39208 37487
39258 43018
39288 42937
39289 37464
39297 37461
39319 37324
39323 37304
39351 37434
39511 37291
39537 46654
39554 37091
39653 36980
39691 42558
39722 46541
39757 36940
39913 46399
39922 36582
39969 36442
39993 42322
40000 42329
40055 42134
40070 46214
40135 42171
40157 41897
40170 42130
40187 46286
40210 41951
40219 46164
40242 42071
40243 36108
40255 46123
40268 42047
40288 41952
40325 36048
40388 46136
40390 27213
40414 45979
40441 41812
40501 45884
40550 45809
40559 41521
40594 41720
40611 45753
40612 45752
40633 45812
40635 35569
40651 41651
40682 45723
40756 41549
40776 45613
40797 45661
40817 35374
40818 35373
40852 35310
40914 41463
40929 35293
41045 35121
41055 45431
41066 41263
41111 48634
41125 41240
41202 40833
41222 45304
41453 40926
41457 40857
41458 40856
41480 40841
41489 45371
41517 40808
41529 45196
41572 44983
41722 40691
41729 44829
41777 40648
41787 40203
41788 40573
41903 33864
41927 45000
41940 44914
41976 44661
41982 44997
41989 44880
42028 44703
42038 44695
42039 44652
42044 33687
42047 44833
42072 39771
42109 32971
42110 32970
42129 44762
42160 44738
42161 39910
42167 40253
42234 44682
42257 44327
42283 44354
42311 23471
42326 39487
42389 39981
42390 44607
42407 33063
42436 44110
42452 39309
42592 44251
42593 44250
42729 39759
42788 43866
42831 44075
42876 39545
42879 43745
42906 38735
43036 43793
43037 43792
43101 38532
43193 43485
43194 43486
43199 43721
43200 43720
43232 43777
43315 43435
43321 38403
43389 43527
43412 43651
43415 43652
43434 38636
43749 47077
43832 37959
43839 43201
43857 46989
43868 43165
43892 43137
43906 43113
43954 46966
43965 49741
43971 47046
43987 46877
44097 42912
44128 46893
44129 46899
44132 42868
44162 42812
44183 49684
44192 46802
44193 46807
44320 49594
44348 46614
44360 42740
44361 46682
44365 46672
44373 46689
44408 42621
44430 42595
44432 42590
44439 42573
44453 46584
44493 42511
44499 42507
44512 46500
44515 42487
44533 42447
44590 49368
44607 42363
44623 46421
44626 49363
44699 46355
44721 46317
44756 46314
44757 42234
44802 5533
44855 46318
44871 49193
44877 49253
44903 49161
44906 46260
44912 46138
44932 42039
44992 41934
44993 41933
45024 41911
45062 48949
45068 45949
45071 45872
45082 46090
45103 41777
45104 45833
45106 46026
45135 45795
45139 46016
45164 46018
45178 49067
45210 48939
45225 45999
45249 48888
45277 45946
45330 45832
45352 45820
45367 48814
45394 41433
45429 48770
45439 45756
45449 48760
45478 41344
45479 41345
45485 41337
45629 45519
45645 45605
45703 45565
45739 45254
45743 45475
45749 41042
45770 45482
45782 41015
45843 45418
45849 45346
45867 48335
45870 45382
45885 45371
46075 45183
46115 41356
46123 44969
46153 48131
46158 44719
46174 48309
46200 44973
46203 48286
46228 40439
46229 44616
46236 48102
46274 40394
46327 48158
46359 44570
46360 44569
46414 47988
46416 44854
46418 44508
46429 39548
46432 44836
46459 47813
46460 48060
46497 40157
46498 40156
46542 44662
46549 44629
46608 44322
46622 47841
46726 50326
46733 43957
46765 39780
46814 44183
46832 47475
46865 47503
46935 47398
47014 47328
47034 47314
47038 47385
47068 43569
47091 47301
47092 47302
47096 47352
47130 47211
47215 50165
47216 43374
47338 40010
47491 47040
47526 47004
47539 46996
47561 46972
47562 49823
47565 46967
47570 47031
47577 46973
47579 46955
47585 49815
47607 46946
47610 46921
47618 43098
47629 32782
47634 46891
47639 46963
47642 46878
47643 46942
47653 43050
47665 49774
47695 49821
47708 46751
47747 46776
47776 49721
47788 51703
47791 46719
47799 46718
47815 49686
47822 49677
47823 49665
47851 49644
47898 46683
47899 49519
47913 49587
47920 42683
47924 49571
47930 51601
47933 18573
47965 49596
47966 49595
47973 8556
47990 49493
47999 49479
48018 46567
48019 46537
48033 51514
48034 51513
48035 46533
48042 46529
48043 46528
48123 49349
48132 49362
48153 49314
48178 49293
48181 46383
48197 51392
48223 49246
48248 46312
48249 46313
48267 46349
48276 49222
48307 49258
48320 46227
48339 49236
48347 49225
48350 46197
48379 49046
48410 49137
48416 49135
48433 49869
48511 51234
48518 49093
48538 51137
48544 51135
48545 51136
48643 51051
48649 51044
48662 41505
48663 48963
48664 48962
48676 51035
48709 51019
48714 48921
48726 48910
48727 48909
48731 48907
48819 45637
48887 48700
48929 45463
49006 50719
49038 45303
49083 48245
49184 48316
49231 50556
49242 48301
49287 48230
49296 48148
49328 48279
49433 52153
49488 50347
49507 50498
49576 50267
49577 50266
49680 50184
49713 50308
49722 50099
49762 50093
49836 51915
49849 50051
49850 50052
49852 47356
49854 50058
49889 50150
49899 47305
49948 50154
49959 49971
49964 50140
50218 47004
50240 49834
50246 46992
50252 46974
50256 49818
50262 53068
50281 53026
50282 53025
50288 49726
50297 51787
50317 46885
50326 51740
50337 49673
50353 51726
50356 49689
50357 49688
50363 49638
50388 51703
50406 51689
50413 52948
50458 51669
50459 51621
50482 51609
50506 49514
50513 51566
50518 52931
50525 52916
50552 51531
50571 52881
50593 51499
50596 51470
50602 51476
50609 52871
50624 49371
50627 51464
50634 52845
50640 49370
50644 49339
50645 51428
50647 52840
50657 49317
50664 49323
50669 52813
50710 52779
50714 51340
50744 49198
50763 49248
50767 51297
50769 52712
50776 51358
50795 52698
50815 49179
50817 51262
50819 51284
50824 51176
50836 51299
50842 51281
50844 51283
50862 51248
50875 51269
50888 51169
50895 51235
50901 49038
50927 48994
50936 51193
50954 51183
50963 52606
50985 52578
50987 48914
50996 52571
50999 52539
51014 52559
51050 52533
51057 52535
51060 52524
51067 51037
51081 52496
51082 48746
51109 51000
51120 50992
51121 50993
51133 52552
51134 50978
51135 50977
51145 50967
51169 50942
51179 48657
51224 52379
51310 50810
51321 50797
51361 50791
51362 50790
51374 50777
51377 52301
51386 52380
51407 52260
51408 52259
51410 52248
51485 50398
51487 50478
51490 52150
51507 50464
51530 53321
51562 52113
51563 52112
51565 50325
51575 50546
51607 52082
51608 50520
51611 50287
51633 52059
51635 52050
51640 52043
51641 52042
51650 52031
51659 52103
51668 52021
51677 50443
51725 52001
51799 50058
51838 51873
51846 51889
51854 51959
51866 49992
51867 49993
51874 47677
51881 51892
51884 51848
51896 51884
51903 51853
51906 51928
52032 51805
52054 51779
52083 53078
52084 53077
52085 51741
52086 51753
52094 51729
52104 51745
52105 51744
52128 51695
52130 53059
52141 51684
52143 53051
52179 51643
52190 51627
52197 53027
52214 53013
52220 53006
52262 52944
52265 52939
52292 51509
52295 52902
52310 52890
52314 51491
52317 52885
52319 52884
52324 51476
52354 52842
52385 51411
52437 52765
52452 52776
52454 51325
52455 51324
52461 51319
52475 52722
52489 52729
52517 51257
52519 51231
52528 52695
52531 52647
52553 52675
52561 53619
52588 51140
52590 53597
52602 53583
52603 53584
52608 53581
52611 52615
52612 52614
52631 52516
52674 52542
52682 52520
52720 52489
52755 53453
52773 53437
52776 50763
52783 53480
52798 52434
52807 52415
52808 52414
52868 53439
52903 52229
52936 53315
52937 53314
52947 50570
52965 52091
52967 52036
52968 52035
52982 52075
52985 52069
52993 52055
52994 52056
53004 53259
53024 52036
53025 52035
53047 52015
53103 53188
53122 53189
53202 50273
53214 53172
53330 53067
53338 53058
53389 53017
53404 53932
53405 53931
53406 53940
53407 53941
53414 53928
53426 52986
53438 53857
53447 53878
53461 53847
53465 53848
53495 53802
53496 53801
53504 53794
53529 52826
53540 53766
53585 53718
53614 53648
53626 53697
53635 53688
53636 53698
53658 52665
53690 53629
53691 53628
53808 54238
53848 53388
53861 53383
53927 54103
53940 53382
53944 54092
54018 54047
54155 53942
54162 53907
54213 53848
54221 54463
54234 54448
54246 54444
54247 54432
54256 54435
54274 54413
54287 53748
54333 54760
54382 54735
54556 54120
54564 54111
54572 53376
54582 54087
54583 54086
54649 54886
54696 53951
54697 53950
54715 54861
54728 54484
54759 54416
54775 55036
54797 54387
54820 55005
54850 54312
54920 54933
54924 54653
54927 54937
55006 54868
55012 54865
55016 55071
55025 55067
55026 55066
55050 54827
55162 55119
55172 55111
55193 55098
55233 55055
55254 55030
55373 55329
55379 55212
55392 55196
55398 55193
55433 55350
55470 55315
55481 55306
55594 55475
55607 55498
