2605
93 1531
106 1544
144 19942
156 1926
163 745
193 1723
250 19933
272 20221
273 20222
305 19975
309 20118
346 1123
358 30478
381 20094
382 2100
484 1105
510 1265
517 1950
537 1373
540 20149
547 1355
553 2200
560 20381
594 1464
597 20404
601 2166
611 2061
624 20255
629 2530
740 20569
743 2209
758 20355
759 20251
769 1954
770 1955
778 2678
830 2315
845 20406
861 2489
886 2321
908 2457
911 2863
921 2134
960 20652
990 2464
991 2465
1090 3425
1098 20753
1120 20334
1157 2584
1165 2576
1227 20245
1262 20178
1264 20869
1278 2018
1312 20209
1381 3284
1452 20532
1528 3459
1535 2968
1542 3358
1593 21016
1626 3260
1637 2681
1691 20890
1692 20891
1748 3225
1788 20762
1812 3854
1815 20981
1836 20854
1862 20832
1868 3888
1878 21230
1907 21092
1908 21093
1922 21270
1939 21078
1966 4007
1977 21314
1993 4032
2042 21347
2072 3863
2118 3659
2130 3525
2143 21190
2201 20734
2229 21460
2238 21424
2246 4461
2265 21206
2309 4119
2313 20979
2335 3815
2350 4072
2356 4147
2357 4148
2399 4378
2574 4423
2585 4226
2714 4203
2727 21665
2802 4347
2841 4203
2849 21733
2934 4546
2937 4385
2957 5154
2958 5155
3033 4685
3046 4920
3094 22208
3098 21867
3206 4203
3207 21979
3229 21775
3246 5389
3265 5191
3277 5186
3309 4900
3381 5316
3387 5673
3402 21953
3404 21837
3425 5482
3434 5482
3453 5148
3465 5084
3499 22424
3507 22279
3547 22386
3553 5468
3566 21951
3606 5707
3642 5576
3716 4463
3746 5692
3805 5764
3872 5944
3873 5945
3888 6588
3907 22333
3911 5742
3926 22534
3973 5853
4013 5587
4103 22767
4151 22789
4154 6058
4196 6109
4200 6112
4258 5880
4330 6999
4428 6419
4466 23194
4511 6969
4590 22999
4628 6831
4656 6615
4681 23123
4682 6744
4698 7178
4766 23136
4798 7654
4947 7205
4951 7803
4983 22863
4992 23270
5064 7945
5069 22903
5109 23298
5115 7351
5120 7362
5162 8035
5287 7565
5288 8126
5289 8127
5339 23425
5377 7188
5408 23135
5440 7355
5442 7755
5451 23182
5538 7487
5647 7552
5661 8710
5728 23481
5744 7452
5765 8167
5791 23704
5832 8140
5990 7661
6090 10434
6136 8105
6266 8684
6267 8685
6300 8580
6451 24165
6628 9007
6671 9108
6675 9046
6737 24355
6738 24356
6848 9523
6891 9289
6893 9338
7048 24122
7137 9494
7138 9495
7174 9577
7208 10005
7216 8985
7262 9075
7344 9192
7392 9857
7399 8618
7427 9797
7428 9798
7486 9764
7501 9269
7505 9772
7512 9270
7529 9278
7530 8940
7543 10368
7551 9304
7552 9305
7553 9174
7554 9175
7581 9822
7599 10385
7690 9418
7699 10140
7708 9341
7709 9326
7750 10089
7793 10120
7794 23393
7798 24875
7812 10125
7830 9442
7885 10228
7899 10519
7953 9550
7954 9551
7955 10306
7987 9603
7988 9604
8006 9825
8018 9908
8029 9700
8047 10428
8049 10419
8064 9741
8065 9742
8068 10848
8075 9155
8076 9156
8103 9767
8104 9768
8113 10878
8119 10896
8144 10371
8167 9795
8178 10411
8184 10527
8211 9836
8224 10981
8283 24693
8302 10945
8304 10042
8305 10043
8314 9954
8323 9898
8348 10648
8430 10141
8481 10098
8503 10692
8583 9621
8614 10936
8644 10939
8647 11361
8664 32060
8686 25317
8713 10323
8718 22296
8742 10378
8753 10830
8784 10858
8877 11580
8883 10394
8941 11626
8942 11627
8992 10470
9088 11751
9095 11398
9218 11032
9259 11935
9262 11544
9267 11926
9268 11927
9324 11225
9363 12052
9397 10568
9443 12108
9507 11753
9524 10971
9625 12367
9648 11131
9666 11620
9806 11380
9826 11347
9827 11348
9862 12088
9891 12572
9892 11834
9933 11869
9959 12225
9976 12618
10044 12126
10126 26881
10166 12427
10167 12428
10170 26881
10190 12398
10191 12399
10209 25683
10225 12456
10293 12514
10331 11851
10473 26125
10517 13134
10534 12851
10649 12927
10754 13338
10773 14978
10811 13071
11109 13331
11126 13316
11191 13355
11299 13415
11340 26166
11341 26167
11429 13519
11434 13528
11550 13845
11560 12736
11620 13916
11629 12809
11672 13748
11684 13941
11685 13942
11693 13769
11824 13917
11859 13913
11860 13914
11895 14374
11933 13971
12013 14027
12049 14056
12067 14074
12079 27106
12132 14279
12189 14827
12210 14834
12244 14588
12254 14530
12293 14788
12385 14850
12386 14851
12387 15069
12395 14876
12414 15100
12425 14890
12430 14898
12761 15312
12849 15491
12879 15148
12880 14480
12887 15389
12888 15390
12913 15177
12929 15842
12934 28476
12938 15218
12976 15232
13018 46351
13081 14774
13154 15664
13155 15665
13178 14760
13273 15842
13438 15942
13560 15013
13594 15354
13636 16163
13680 15092
13686 27529
13722 15117
13753 15254
13878 27630
13888 15751
14005 15667
14038 15117
14186 16047
14284 14219
14388 16092
14398 16507
14485 15534
14622 16823
14767 16171
14855 16843
15053 15975
15054 15976
15111 16505
15118 17031
15137 16652
15151 17046
15175 15975
15176 15976
15201 15836
15202 15997
15298 16102
15311 16688
15316 17369
15342 17259
15370 16729
15440 17071
15537 17413
15577 17354
15598 41705
15680 17236
15743 17626
15754 17674
15827 16776
15933 16868
15972 17524
16004 17664
16014 17605
16089 17114
16092 17005
16235 17878
16281 18191
16285 17310
16320 17873
16390 18002
16507 18060
16576 18173
16597 40606
16741 18473
16759 18246
16766 18307
17005 18017
17245 18656
17246 18657
17263 17945
17264 17946
17382 5897
17466 18868
17479 18478
17756 18872
19586 30381
19588 30566
19597 20133
19612 30593
19621 30535
19638 19961
19652 19876
19653 19877
19661 20073
19701 30653
19725 20081
19737 19681
19738 19682
19744 20126
19751 30711
19766 30730
19772 30339
19793 20182
19794 19963
19797 30778
19802 30755
19804 20181
19805 450
19811 30253
19828 20384
19845 20113
19914 30678
19930 30672
19981 30508
20118 31029
20141 31047
20158 31076
20170 30737
20189 30786
20206 30680
20221 30781
20231 20495
20255 20527
20295 20393
20304 20585
20333 31079
20360 33970
20415 20907
20461 21085
20496 20957
20525 31220
20560 20948
20574 20975
20588 30883
20597 3961
20615 31373
20629 21142
20630 21143
20653 31236
20659 31427
20671 21141
20683 4083
20761 21111
20779 21107
20809 21487
20814 38491
20817 21475
20888 21259
20913 21091
20929 31718
20940 20946
20959 31455
20990 31690
21047 21627
21061 21472
21096 31860
21102 31864
21167 21989
21168 21990
21262 31734
21342 22110
21351 31925
21387 22098
21411 22204
21419 22373
21438 32097
21440 31797
21466 21983
21478 21996
21492 32161
21493 22232
21560 22637
21591 32095
21611 22295
21647 22398
21666 32032
21667 32033
21668 22277
21711 32082
21719 22277
21728 22291
21730 22485
21773 32328
21789 32504
21794 22571
21806 22406
21811 22996
21814 32445
21823 32167
21829 22869
21832 22609
21854 22786
21868 22443
21908 32244
21915 32514
21931 32366
21939 22945
21940 22946
21955 22657
21970 22676
21987 22703
21994 32512
22029 22898
22040 32752
22043 23031
22068 32359
22083 23083
22088 22825
22093 32586
22137 23129
22158 22508
22202 32921
22226 23201
22287 32723
22320 23613
22362 23355
22363 23356
22394 23410
22406 23138
22413 23714
22414 23715
22426 32676
22432 23726
22451 23447
22452 23744
22460 23485
22463 23227
22468 32895
22483 32907
22520 32742
22556 23587
22570 32798
22590 32808
22605 32782
22633 23646
22656 23688
22677 23322
22697 23582
22698 23583
22748 33070
22771 23637
22825 23585
22885 23878
22934 23977
22957 33292
22966 23954
23022 24088
23117 24116
23140 24181
23141 24182
23246 24274
23324 24386
23329 24344
23342 24365
23376 24396
23382 24387
23393 33608
23394 33609
23396 33701
23411 24371
23414 24134
23424 24172
23427 24153
23450 24414
23451 24415
23459 24570
23462 24418
23463 24490
23471 24607
23498 9569
23500 24178
23501 24179
23523 24551
23524 24552
23537 24494
23540 23871
23541 23872
23556 33232
23562 24454
23569 24256
23579 24613
23614 24641
23615 24642
23652 24321
23674 24729
23706 24370
23712 9212
23718 24977
23741 24329
23757 24426
23775 24081
23791 24452
23800 24379
23815 24804
23818 33963
23829 24775
23836 24872
23837 24398
23848 24604
23853 25043
23859 24802
23861 24899
23877 24853
23878 24854
23914 24216
23931 24513
23945 24926
23946 24927
23962 24582
23963 24573
23971 34105
23972 24687
24002 25055
24013 24938
24057 24702
24079 25081
24084 9858
24089 25178
24116 25118
24123 24735
24139 25068
24146 25167
24151 24820
24154 25146
24193 25280
24210 25241
24220 24486
24232 24892
24245 25277
24247 34023
24262 25282
24299 25470
24344 24952
24401 25609
24417 10613
24491 25479
24495 25436
24606 25295
24615 25584
24616 25585
24620 25186
24622 25588
24637 25196
24675 25840
24677 25281
24726 11617
24769 25100
24794 25944
24808 25772
24830 25605
24833 25776
24841 7747
24847 12367
24867 25356
24905 25246
24918 25476
24924 25677
24944 12270
24982 11775
24983 25731
24988 25533
25020 12111
25023 12396
25024 25941
25037 26034
25069 25982
25077 25986
25085 26218
25134 12682
25158 12321
25206 26060
25217 26291
25245 26100
25353 12332
25363 25821
25428 12766
25496 26490
25539 26363
25579 34835
25602 26420
25781 26535
25784 13683
26059 13634
26068 26750
26155 14435
26170 13835
26175 13832
26220 14607
26226 14607
26229 14374
26236 27162
26245 14607
26251 26929
26269 27040
26276 14222
26309 14262
26361 27142
26364 14781
26379 27422
26411 27448
26412 27449
26463 27397
26464 27505
26465 27506
26470 27391
26481 27408
26483 27409
26489 27421
26502 27505
26503 27506
26530 27550
26533 27464
26537 14897
26544 15113
26559 14943
26800 15561
26801 15562
26816 27806
26817 27807
26826 27781
26862 27047
26873 14682
26890 27058
26941 15806
26965 27174
26985 16041
26988 14736
27011 27382
27058 27833
27066 27899
27086 36108
27130 15286
27150 27482
27168 15924
27184 27415
27266 27623
27267 27624
27382 27602
27383 27603
27423 16334
27520 28214
27532 27706
27537 27835
27542 28247
27639 16238
27640 16239
27705 28362
27766 16747
27801 28149
27823 17025
27830 28191
27832 16998
27859 17073
27929 28240
28035 16956
28054 16886
28060 28847
28077 28743
28079 28622
28080 17188
28090 28765
28111 28211
28124 28222
28221 17489
28264 28932
28282 28441
28292 17404
28341 17600
28372 17697
28406 17495
28420 17487
28508 17939
28509 17940
28510 17004
28516 17837
28588 18086
28619 28799
28687 29116
28702 18018
28713 18010
28763 18098
28765 29250
28772 29275
28802 18182
28831 18229
28850 29328
28852 18264
28854 29344
28858 18265
28859 18266
28860 18267
28867 18291
28879 18259
28884 29354
28885 29355
28925 18398
28936 29420
28999 29450
29051 18542
29060 29484
29064 18705
29076 18803
29099 18840
29266 29440
29267 18589
29329 29325
29432 29548
29459 18719
29460 18720
29872 18940
30087 29692
30537 30471
30554 30585
30569 1924
30589 30515
30592 30629
30594 30634
30650 30542
30666 30758
30692 30766
30702 30236
30724 37994
30725 20397
30747 30309
30748 30310
30751 37928
30753 30639
30784 30472
30824 30783
30845 30486
30846 30538
30853 30947
30882 30768
30883 30769
30895 38124
30979 37918
30983 38062
31010 30864
31012 30921
31051 30720
31054 31166
31083 38192
31089 38200
31092 37984
31093 37985
31147 30880
31161 38150
31171 31193
31176 38254
31209 31295
31220 38223
31224 31099
31228 31235
31231 30811
31290 31143
31292 30874
31294 30838
31299 38345
31300 31277
31324 31307
31340 31327
31368 31469
31384 38313
31405 31494
31412 31583
31448 30999
31454 31542
31477 31231
31490 38554
31492 31457
31498 38459
31520 31708
31552 31543
31556 38489
31558 31607
31560 31522
31567 31701
31612 31627
31626 38714
31670 31862
31715 31689
31748 38686
31834 32114
31846 38674
31868 31936
31921 31944
31929 38851
31939 38960
31943 38753
31967 38741
31991 32233
32037 38930
32049 32134
32055 32134
32068 32145
32069 32146
32072 32026
32074 31996
32113 38886
32147 38733
32160 38988
32164 38942
32179 32252
32191 39205
32199 32463
32209 38954
32231 39106
32236 32557
32263 32449
32307 32487
32321 32242
32327 39333
32328 32254
32362 39056
32370 32517
32373 32727
32394 23013
32406 39263
32426 32794
32433 32593
32482 32647
32524 32683
32559 32477
32563 39313
32607 32735
32618 32813
32641 39363
32672 32807
32703 32903
32737 32889
32755 39291
32783 39286
32784 9911
32786 32681
32811 32881
32814 39531
32822 32896
32839 33023
32850 39569
32853 32744
32862 33058
32910 33095
32919 33093
32937 32905
32939 23731
32979 32788
33028 39458
33031 33218
33116 33090
33124 33088
33126 33113
33135 33101
33165 33380
33206 33504
33295 39935
33323 33595
33338 33006
33341 33670
33353 33646
33363 33648
33385 33663
33392 33219
33417 23732
33436 33507
33441 39948
33448 24554
33463 33729
33467 33775
33471 33704
33484 33516
33500 33520
33501 33771
33502 33772
33508 33247
33524 33866
33535 33764
33540 33816
33568 33337
33586 33597
33592 40061
33607 33577
33627 33606
33632 39939
33651 34044
33652 33424
33671 34034
33680 33440
33689 40130
33712 33986
33749 34275
33751 34075
33756 33763
33757 34093
33786 40025
33787 40026
33794 34069
33801 34085
33802 34086
33806 24311
33821 33833
33822 33834
33847 34198
33858 24380
33859 24381
33871 33920
33873 34215
33877 33895
33893 34253
33901 40097
33902 40098
33947 34001
33948 34002
33958 34316
33980 34367
34036 34053
34042 34359
34097 34131
34119 34115
34140 34127
34148 25651
34150 34190
34156 34196
34197 34158
34213 34507
34214 34508
34237 34221
34263 34231
34264 40484
34291 34683
34301 34292
34311 34266
34320 34262
34323 34310
34326 34711
34345 25871
34376 34355
34386 25344
34390 25704
34435 34255
34480 34890
34485 34624
34489 34740
34490 34626
34513 34743
34523 34755
34529 34881
34548 26157
34601 34830
34608 34946
34621 34993
34625 34843
34626 34945
34631 34848
34637 26196
34700 34913
34720 34640
34782 34901
34784 34819
34840 34754
34867 34759
34873 34779
34939 35201
34940 35202
34950 26530
34997 40943
35029 26632
35040 35297
35051 35222
35052 35199
35119 35248
35131 35263
35137 35271
35145 26616
35146 26137
35150 35274
35155 35277
35187 35310
35192 34956
35215 35328
35222 34996
35226 35364
35232 26712
35281 35375
35312 35584
35313 35585
35330 35415
35339 35625
35341 35613
35342 35614
35345 35615
35359 35634
35360 35635
35369 35637
35395 27153
35397 35456
35419 35549
35420 35550
35440 27064
35485 35602
35503 35560
35511 27211
35512 35628
35513 35629
35550 41140
35556 35449
35604 35283
35606 27301
35644 35830
35741 27342
35754 35777
35756 35476
35846 41243
35939 36154
35970 36090
36011 28095
36012 28096
36015 15924
36111 16160
36144 35886
36158 35891
36166 36293
36173 27612
36250 36119
36256 35990
36293 36012
36334 28452
36369 36217
36397 27872
36431 36257
36461 36291
36469 36394
36505 28559
36535 36348
36536 36349
36608 36212
36609 36213
36642 28664
36725 36407
36771 41883
36777 36436
36803 36705
36804 36706
36821 29051
36867 36508
36873 42139
36875 28963
36907 36801
36956 29109
36995 29117
37006 29180
37052 29198
37055 29221
37083 29258
37109 36962
37115 36770
37200 29393
37201 29394
37225 37062
37253 37071
37312 29481
37412 37151
37440 29588
37559 29676
37669 37192
37673 29578
37767 37220
37819 37266
38394 37828
38395 37829
38396 37779
38401 42752
38404 37804
38405 37805
38412 37890
38413 37891
38417 37818
38419 42625
38425 37770
38450 42714
38456 42853
38481 42955
38484 37898
38497 37950
38498 37951
38509 42795
38532 42906
38538 42902
38587 43024
38588 43022
38594 42830
38607 38107
38623 37814
38625 37936
38629 43040
38634 37882
38640 38147
38667 38028
38669 37918
38674 42930
38746 37907
38747 37908
38781 38220
38823 38125
38852 43148
38880 42967
38907 38043
38917 38430
38918 38431
38927 43096
38959 43319
38962 38393
38966 38400
38975 43330
38984 38495
39001 38458
39004 43353
39017 43285
39025 38457
39031 38295
39037 38572
39043 43280
39045 43340
39061 38335
39071 38605
39084 43452
39113 43436
39149 38573
39179 38813
39188 38712
39189 38698
39190 38699
39191 38773
39200 38686
39216 38717
39217 38718
39226 38736
39227 38737
39259 38674
39275 43540
39296 38823
39300 43504
39307 43598
39350 39012
39365 38921
39374 38930
39378 43613
39387 43568
39396 38886
39397 38957
39431 39096
39434 43691
39481 38979
39510 43801
39511 43802
39512 39083
39513 39164
39514 39273
39527 39183
39550 39065
39554 39353
39557 16949
39562 43686
39578 43845
39587 39241
39590 39264
39597 43855
39602 39258
39614 39288
39622 39275
39625 39427
39658 39114
39691 39208
39704 39186
39717 39328
39722 43813
39723 39335
39732 43957
39738 39360
39776 39399
39830 39510
39845 43902
39887 39595
39904 32825
39922 39641
39968 39524
39973 39685
40009 39730
40027 39495
40037 44195
40039 44214
40048 39796
40111 44371
40129 39908
40140 39935
40161 44322
40163 39961
40164 39953
40169 39931
40183 39567
40207 39947
40210 39814
40217 39971
40218 39949
40243 39990
40255 44270
40259 44380
40265 39845
40288 40032
40290 39779
40312 40085
40313 40086
40326 40115
40341 39804
40344 40077
40347 44474
40349 39791
40360 39798
40363 40152
40365 40158
40367 39977
40382 40113
40414 39980
40425 40147
40434 39998
40435 39993
40440 39853
40446 40177
40465 39960
40469 40025
40470 40026
40472 40264
40478 40030
40494 40292
40501 40072
40521 40260
40560 40306
40570 40127
40573 40094
40585 40327
40590 40328
40622 44509
40633 34150
40651 40391
40656 40335
40682 40205
40692 40428
40702 40434
40703 40435
40705 40228
40721 40453
40722 40454
40723 40455
40736 40457
40750 40565
40756 40480
40784 40298
40806 40623
40817 40520
40818 40521
40823 40637
40847 40552
40897 40595
40898 40596
40914 34868
40918 40583
40961 40734
40978 40686
41001 40502
41003 40780
41057 40852
41078 34821
41111 40621
41201 34816
41202 34817
41222 40706
41224 40891
41232 40713
41260 40945
41275 40981
41318 40953
41347 40715
41395 41073
41430 35412
41434 41078
41435 35363
41449 40846
41454 41234
41463 35584
41464 35585
41481 41133
41489 41265
41491 35427
41502 41143
41525 41162
41529 41168
41531 40959
41552 35566
41565 40957
41633 35772
41661 41175
41662 41176
41663 41172
41736 41165
41773 41354
41790 41226
41791 41570
41798 35991
41858 36169
41874 41572
41927 41721
41940 41634
41989 41674
42036 41693
42047 41708
42056 41577
42063 36186
42065 41725
42088 41751
42095 35993
42108 41590
42126 41749
42134 41666
42156 45608
42171 36381
42208 41689
42232 36483
42269 36538
42276 41830
42280 41900
42341 45624
42343 41922
42406 36622
42407 36623
42429 41890
42451 42023
42465 41906
42494 36756
42495 36757
42560 36860
42592 36927
42593 36928
42608 36939
42670 36742
42672 37009
42673 37010
42696 37033
42697 37034
42700 37029
42747 37102
42751 42289
42761 36915
42763 42292
42793 37155
42798 37233
42802 42377
42811 37246
42812 37247
42819 37005
42820 37006
42828 37182
43011 42279
43036 37240
43096 42391
43533 42822
43536 42809
43542 46345
43543 42607
43555 46284
43566 42888
43577 42802
43578 42803
43594 42927
43603 42937
43606 37849
43609 46359
43611 46361
43619 46415
43635 46385
43636 46386
43637 37782
43641 42877
43643 42890
43664 42892
43665 42893
43667 42775
43682 42936
43685 43053
43699 46475
43711 46449
43718 46482
43725 42972
43731 42966
43744 43020
43747 43121
43769 43001
43770 43002
43775 46569
43797 46454
43821 46548
43828 42990
43831 43105
43835 43069
43836 46667
43840 43166
43861 46537
43885 46542
43896 46511
43904 46617
43920 43303
43922 43299
43933 43308
43948 43150
43953 46758
43971 46754
43972 43355
43987 43062
43997 43329
44000 43154
44019 46813
44027 43187
44038 43141
44056 43403
44080 43426
44097 43446
44100 46858
44115 46817
44120 46932
44123 43481
44129 46832
44132 43486
44142 43497
44162 43524
44173 46977
44175 43491
44183 46850
44192 43473
44193 43508
44214 43727
44220 43589
44270 43774
44284 47032
44298 43571
44301 47043
44303 43608
44324 43610
44325 43611
44333 43768
44343 46983
44359 43636
44360 43791
44368 43799
44371 43804
44387 43837
44388 43838
44395 43690
44407 43828
44408 43829
44412 30225
44416 43831
44417 43832
44430 43847
44432 43846
44439 43864
44445 47205
44449 47073
44454 43787
44465 43926
44487 47174
44493 43940
44494 43941
44499 43945
44512 43975
44519 43862
44522 39415
44528 43994
44533 43891
44534 43892
44541 43867
44542 43866
44558 44022
44624 47274
44628 44079
44643 39435
44664 47231
44693 47321
44699 43992
44701 44149
44727 47355
44745 44200
44755 44033
44772 47311
44826 47292
44847 44321
44855 44309
44860 44305
44862 44301
44877 44332
44880 44325
44881 44352
44890 39952
44892 44369
44893 44353
44894 44347
44900 44331
44906 44382
44907 47382
44908 47383
44910 44363
44934 44481
44937 44397
44952 44218
44955 44410
44959 40031
44969 44417
44992 40202
44993 40203
45004 44441
45030 44482
45032 44486
45050 44466
45053 44495
45054 44487
45063 44494
45082 44543
45091 44603
45093 44522
45103 44529
45104 44354
45106 44531
45138 44559
45139 44560
45142 44542
45157 44574
45166 40336
45176 44586
45178 47636
45204 44692
45205 44693
45206 44635
45221 44707
45225 44712
45227 44496
45237 44641
45238 44644
45241 44611
45248 44525
45268 40433
45271 44698
45277 44767
45283 44548
45299 40551
45336 44786
45346 44723
45369 47644
45370 44753
45380 44619
45383 40561
45394 40566
45412 44861
45413 44833
45426 44588
45434 40619
45437 40719
45439 44848
45442 47691
45465 44697
45475 44701
45487 40754
45499 44713
45501 44915
45502 44916
45511 44910
45531 44880
45536 44741
45544 40730
45546 40834
45570 40678
45579 40870
45595 44859
45660 45053
45671 49247
45703 41002
45713 45031
45714 45093
45744 44925
45750 45054
45762 45077
45801 45098
45803 41037
45834 45213
45841 41079
45847 41094
45858 45245
45859 44997
45860 45135
45865 41101
45867 44958
45870 45263
45876 45156
45955 41258
45963 45254
46006 45416
46010 45358
46022 45221
46075 41554
46152 45545
46158 45348
46182 45356
46192 45363
46196 45584
46201 45381
46203 41630
46212 45417
46215 45415
46236 41497
46257 45665
46314 45654
46327 45652
46340 41654
46342 45634
46359 45565
46360 45566
46409 45698
46418 45627
46432 41945
46433 41946
46441 45714
46442 45513
46454 41625
46506 45731
46507 45732
46521 41979
46523 41794
46570 45863
46596 41908
46603 42073
46622 42109
46635 42140
46636 42141
46687 42173
46694 42158
46733 45859
46749 42251
46759 42223
46771 42261
46788 42239
46819 46054
46897 46001
47300 48846
47313 46295
47314 48849
47321 46436
47333 46447
47347 48864
47350 46417
47357 48949
47358 46433
47359 46373
47360 42939
47362 42849
47372 46485
47375 48934
47377 46358
47399 48996
47401 48901
47408 48960
47410 48938
47417 46405
47419 46481
47421 46438
47426 46474
47440 46491
47454 46498
47455 46443
47482 49044
47484 46463
47501 46492
47515 49116
47518 46613
47524 49102
47542 49009
47549 46607
47572 46636
47580 46602
47585 46670
47607 46688
47609 49054
47615 46730
47618 49139
47619 49161
47627 46759
47628 49165
47634 46686
47639 46760
47642 46689
47645 49143
47653 46741
47657 46786
47667 46743
47687 46629
47695 43338
47709 46810
47736 49226
47761 46830
47764 46837
47797 49227
47799 46913
47800 49247
47815 43528
47821 46897
47822 43510
47824 49239
47834 49246
47838 46943
47860 46935
47874 46980
47886 47041
47887 47042
47890 47006
47892 47084
47893 49381
47895 49389
47898 47040
47921 46911
47928 47003
47930 49324
47937 47013
47962 47098
47975 47021
47981 49419
47987 47125
48033 47065
48034 47066
48035 47175
48042 47188
48043 47189
48053 47198
48058 49463
48061 47134
48063 49426
48091 47158
48103 47166
48108 49509
48112 47289
48118 47173
48125 47253
48132 47229
48134 49502
48135 47179
48136 47180
48155 49535
48175 47220
48176 47221
48178 47230
48181 47348
48197 47235
48230 47398
48248 49591
48249 49592
48254 49594
48267 47438
48289 47454
48299 47476
48300 47477
48302 47483
48307 47472
48311 49629
48321 44345
48333 47498
48339 3902
48350 47503
48367 47400
48387 47530
48406 47544
48407 47560
48412 49623
48422 49742
48441 47456
48447 49719
48454 47505
48471 47520
48472 47548
48476 49745
48498 47569
48510 47568
48514 47631
48515 25481
48516 44597
48518 47696
48558 47585
48559 47586
48564 47587
48575 47697
48578 47572
48597 47704
48625 47718
48632 47732
48637 47740
48649 49772
48663 47814
48664 47815
48672 47753
48676 47671
48686 47669
48687 47670
48691 47771
48718 47692
48726 47866
48727 47867
48730 47756
48731 47872
48740 47878
48765 47853
48767 47793
48790 47762
48820 45032
48884 47949
48929 45105
48947 47888
48961 48020
48988 45260
48995 45187
49004 45287
49017 45182
49019 45266
49026 48083
49027 45198
49082 45148
49084 48042
49122 48206
49128 48219
49135 48240
49190 45564
49192 48310
49207 48288
49225 48205
49228 45541
49240 48305
49242 45563
49253 45621
49266 48222
49278 48372
49287 45639
49331 45655
49341 48302
49347 48306
49360 45709
49377 45719
49404 45741
49405 45742
49445 48396
49457 1305
49468 45822
49521 11811
49522 48534
49526 45848
49539 48551
49576 48460
49577 48461
49579 48480
49602 48516
49611 48598
49627 48644
49670 46008
49768 46028
49787 48702
49788 48703
50058 48841
50066 50679
50077 48857
50079 48928
50080 48858
50081 48872
50092 50659
50093 50660
50095 48925
50097 48873
50106 48882
50110 50677
50111 50654
50114 48987
50130 48958
50136 50671
50137 50649
50167 48950
50173 50750
50175 50787
50178 48939
50185 48962
50219 50804
50252 49083
50278 50814
50283 49173
50284 50852
50290 49188
50298 49198
50307 50894
50308 49203
50309 49204
50311 50865
50333 49226
50345 49193
50351 49241
50352 49242
50357 46895
50363 49232
50434 49272
50453 50959
50459 49278
50462 49293
50467 49283
50477 49353
50479 50975
50482 49310
50485 49312
50492 49319
50503 49335
50506 49438
50509 51009
50516 49347
50538 51007
50539 51002
50547 49446
50552 51053
50555 51027
50570 51020
50571 51021
50582 51083
50593 51056
50594 49407
50598 47158
50608 49423
50609 49453
50620 47170
50624 49509
50627 49466
50638 47187
50639 49515
50640 49516
50643 49502
50644 49530
50647 51095
50650 49468
50652 49473
50653 49537
50667 49474
50690 49582
50711 49591
50712 49592
50713 49596
50719 49602
50752 49632
50757 49618
50758 49619
50760 51227
50763 49648
50776 49659
50792 49672
50797 51249
50806 51220
50813 49692
50815 49702
50824 49590
50830 49664
50833 49665
50839 49624
50840 49719
50841 49711
50842 49727
50843 49728
50854 51300
50869 51304
50873 51329
50877 49755
50879 49693
50888 49705
50891 51233
50893 49769
50895 49777
50900 49782
50913 49819
50923 49706
50924 49799
50931 49804
50935 49810
50939 51309
50964 49761
50965 49834
50985 49798
50990 49866
50998 49892
50999 49791
51026 49927
51047 49846
51048 49847
51050 49848
51057 49855
51081 49889
51120 50023
51145 50041
51152 48031
51166 50022
51181 50028
51201 50039
51202 50040
51222 49992
51224 49972
51225 49979
51226 49980
51238 50128
51245 50136
51250 50143
51255 48184
51264 50135
51321 50208
51336 50218
51346 50219
51347 50220
51354 51540
51356 48296
51361 50212
51375 48312
51394 41705
51424 48372
51440 50221
51468 48443
51476 48259
51477 48260
51487 48355
51490 48289
51499 45742
51526 50351
51532 50370
51561 50358
51563 50288
51568 50297
51570 48409
51582 50376
51596 48518
51605 50379
51607 50318
51620 50342
51621 50343
51635 50347
51640 50360
51645 50374
51651 48608
51655 50382
51656 50383
51668 50389
51673 48631
51677 48640
51683 48579
51694 50439
51724 50483
51725 50484
51732 48656
51952 50662
51953 50663
51956 50672
51957 50673
51966 50704
51967 50705
51979 50626
51989 50731
51994 50693
51995 50694
52007 50748
52008 50747
52014 50758
52015 50759
52020 50699
52021 50722
52035 51941
52048 50808
52061 50785
52064 50789
52068 50824
52075 50761
52076 50762
52084 50844
52086 50830
52087 50838
52100 50856
52101 50826
52104 49183
52105 49184
52107 50866
52109 52022
52120 50886
52121 50887
52141 50895
52143 50874
52155 50829
52168 50928
52175 52066
52179 50931
52190 50942
52195 50921
52205 50938
52220 52104
52228 50961
52231 52078
52240 51011
52243 50989
52265 52107
52286 51054
52297 51074
52298 51075
52314 51092
52315 51094
52318 51060
52319 51061
52354 52204
52370 51087
52371 51089
52376 51151
52383 51167
52385 51157
52409 51188
52410 51189
52430 51206
52442 51234
52447 51225
52449 51160
52450 51237
52454 51242
52455 51243
52461 51244
52464 51258
52469 51173
52486 51190
52488 51286
52489 51277
52495 51245
52508 51215
52518 51312
52519 51313
52525 51281
52528 51326
52531 51282
52533 51332
52542 51361
52545 51340
52548 51337
52549 51346
52554 51357
52557 51308
52588 49901
52590 51344
52592 51347
52594 51417
52611 49956
52612 49957
52631 51390
52636 52412
52643 51465
52662 50027
52682 51473
52702 49965
52718 51520
52776 52512
52791 51523
52802 51540
52807 50232
52808 50233
52857 51627
52858 51628
52885 50271
52903 51650
52916 50329
52919 51692
52923 51699
52936 51652
52937 51653
52946 51669
52965 51687
52967 50309
52968 50310
52976 51733
52982 51702
52985 50332
52993 51716
52994 51717
52997 50338
53016 51771
53017 50431
53024 50309
53025 50310
53027 51768
53031 51778
53035 51767
53043 50465
53057 51785
53059 50455
53071 50486
53080 50477
53094 51780
53239 52707
53250 52733
53264 52739
53266 52730
53268 51913
53269 51901
53271 51936
53279 52757
53281 52743
53307 51975
53312 52761
53315 52773
53316 52774
53331 51982
53343 51988
53350 50831
53359 52831
53380 51991
53381 51992
53396 52065
53399 52051
53406 52081
53407 52082
53414 52046
53415 52041
53425 52077
53426 52043
53427 52854
53441 52115
53442 52116
53449 52086
53454 52098
53455 52133
53474 52121
53482 52885
53507 52183
53512 52187
53530 52213
53557 52243
53559 52251
53562 52250
53564 52264
53572 52261
53573 52263
53577 52273
53580 52224
53589 52280
53600 52288
53602 52305
53603 52270
53606 52303
53623 52320
53631 52326
53635 52336
53636 52352
53641 52345
53649 52350
53658 52386
53668 52337
53684 52384
53711 52425
53736 52444
53794 52511
53829 52551
53917 51725
53919 51734
53922 52638
53925 51742
53927 52600
53932 51759
53944 52619
54084 53236
54093 52719
54095 52755
54097 53255
54098 53256
54106 53253
54121 52779
54130 52764
54131 52763
54133 53277
54137 53272
54141 53283
54144 53288
54160 53292
54161 52821
54177 52845
54180 52850
54203 53327
54205 52886
54213 52894
54220 52124
54222 52900
54234 52892
54256 53346
54287 52953
54296 52942
54298 52968
54304 52970
54307 52977
54332 52335
54334 52976
54338 53006
54352 53421
54353 52381
54363 52989
54387 53040
54392 53027
54395 53048
54400 53038
54401 53039
54402 53055
54450 53106
54471 53121
54485 53100
54510 52581
54548 53151
54555 53155
54564 53162
54569 53180
54572 52635
54575 52610
54582 52626
54587 52654
54588 53194
54660 53248
54663 53242
54684 53263
54687 53282
54689 53296
54692 53606
54693 53605
54694 53608
54700 53285
54708 53601
54715 52837
54728 53315
54729 53316
54756 53357
54759 53363
54762 53347
54779 53384
54796 53665
54797 53393
54800 53388
54801 53414
54810 53670
54825 53432
54835 53044
54853 53440
54899 53144
54915 52588
54924 53505
54935 53513
54938 53185
54974 53770
54981 53785
54994 53582
54995 53584
55004 53599
55008 53601
55016 53802
55025 53618
55026 53619
55028 53622
55038 53640
55041 53641
55064 53652
55079 53672
55080 53666
55083 53673
55090 53662
55093 53404
55100 53426
55122 53697
55124 53715
55129 53699
55155 53732
55162 53731
55215 53904
55218 53912
55223 53913
55233 53932
55235 53817
55254 53672
55264 53845
55272 53850
55292 53855
55306 53857
55333 53736
55334 53742
55360 53911
55361 54017
55362 54014
55364 54013
55366 54015
55372 53921
55373 53920
55374 53808
55379 53930
55386 53937
55390 53941
55392 54035
55394 54036
55398 53949
55403 53844
55404 53956
55410 53966
55413 53974
55420 53980
55456 54064
55458 54010
55460 54065
55463 54071
55470 54023
55472 54026
55476 54030
55484 53951
55488 54040
55497 53965
55509 54049
55541 54070
55554 54094
55573 54123
55585 54136
55604 54155
55621 54168
55623 54171
55626 54172
55628 54165
55634 54182
