1289
277 49665
362 37663
450 12061
488 19219
850 29873
1018 18570
1045 18543
1046 18542
1135 17651
1204 18347
1276 18859
1308 17391
1355 29158
1911 28905
1954 29059
1998 17274
2018 16443
2077 28594
2143 17243
2262 17091
2263 17089
2277 17092
2280 17890
2590 10665
2838 16329
2850 17036
3036 28032
3278 16101
3279 16100
3398 27885
3477 28220
3478 28219
3542 15654
3546 14897
3813 27985
3857 15777
3863 16090
3888 15788
4299 15443
4454 14615
4457 15588
4507 14577
4597 14746
4802 14837
4924 14153
4972 14106
4996 14071
5080 13566
5081 13567
5096 13364
5206 26891
5221 27213
5482 14275
5650 26596
5651 12608
5805 13316
5824 13343
5827 13261
5929 26470
6007 26431
6008 26430
6075 3075
6096 13012
6115 13121
6129 12922
6155 13059
6181 13592
6356 12738
6487 26179
6585 35072
6587 13212
6621 25940
6812 26248
6821 26460
6825 12318
6938 42999
7017 26127
7069 26087
7163 25561
7178 11864
7201 9725
7211 12112
7228 11817
7373 11504
7377 11428
7378 11427
7386 25924
7387 25923
7429 34595
7525 11333
7694 34412
7727 11946
7734 11946
7738 25230
7803 11367
7893 10964
7897 11229
7945 11248
8149 24890
8395 10454
8448 10183
8743 24547
8760 24528
8805 8886
8883 25092
8899 24969
8926 9972
9001 24894
9108 24958
9212 24446
9270 24631
9304 24618
9305 24617
9326 24381
9340 24496
9341 24495
9386 24192
9464 8430
9536 24222
9604 24199
9683 9062
9700 8350
9702 8357
9791 8280
9799 24506
9800 24054
9849 24073
9898 33392
9945 24439
9983 23923
10021 9739
10058 23870
10144 9275
10173 23749
10186 9610
10193 23777
10323 23712
10329 8603
10330 23441
10331 23440
10394 23587
10546 44312
10699 23546
10700 23547
10733 23317
10798 29151
10878 9439
10887 23371
10938 6535
10991 23300
11260 23487
11347 22981
11348 22980
11380 23018
11413 8559
11473 22887
11607 7526
11619 23244
11620 23245
11848 23125
11849 23124
11914 22332
12225 7492
12379 32187
12428 7348
12885 4759
13122 22471
13123 22470
13338 5314
13567 3893
13571 21554
13703 5030
13758 3354
13790 21225
13946 21465
14411 4594
14412 4593
14468 21727
14488 5075
14607 21727
14608 21726
14827 3945
14977 3209
15013 2529
15160 3761
15254 2353
15256 1582
15737 1843
15806 3489
15836 771
15837 770
15848 5355
15975 818
15976 817
15996 771
15997 770
16094 697
16095 696
16107 2948
16108 2947
16376 20327
16476 19468
16477 19467
16480 3558
16487 3558
16679 19468
16680 19467
16718 714
16788 632
16865 9951
17083 978
17125 3800
17382 46131
17387 19618
17389 19362
17411 3324
17886 18509
17927 19391
18280 2293
18656 604
19081 29902
19385 30033
19470 30134
19471 30133
19771 29603
19881 42943
19958 37611
19961 29455
19963 37407
19992 18067
20043 29383
20118 18001
20159 17731
20170 29543
20295 36919
20366 47067
20531 28540
20752 28358
20890 16079
20999 28391
21003 16056
21006 27898
21226 15463
21272 16015
21317 28049
21318 28050
21347 15387
21464 27318
21472 27780
21487 15356
21491 15615
21569 36385
21732 36009
21738 27665
21768 27340
21879 36120
21937 36081
21951 26975
21982 36006
21989 14634
22000 27455
22204 14305
22217 27643
22544 26215
22551 13991
22582 35230
22605 26654
22658 35464
22721 26647
22769 27130
22781 35115
22789 26580
22903 34944
22996 13115
23027 34850
23044 26360
23095 12811
23120 35104
23134 25670
23167 26253
23254 12582
23294 12347
23311 26396
23357 26372
23358 26371
23471 34879
23499 12181
23558 12178
23613 34892
23637 25642
23872 34018
23879 34432
23974 24678
24026 11590
24254 34151
24265 34082
24274 24883
24299 33747
24306 33731
24343 34033
24370 33899
24379 33723
24398 33692
24414 25096
24415 25095
24481 24706
24512 24908
24513 33588
24551 25251
24552 10097
24571 33883
24582 33552
24587 10067
24619 33854
24632 24094
24696 33474
24698 23999
24765 9857
24804 9702
24808 23858
24820 33421
24828 24341
24830 33298
24854 9591
24894 33246
24895 33185
24944 24108
24945 24107
24958 33008
25033 33062
25034 33061
25055 24109
25091 33064
25234 24518
25241 7715
25311 32903
25346 39879
25354 32807
25356 32739
25611 23275
25622 32882
25628 23521
25704 8059
25706 32477
25726 22448
25781 23524
25821 32373
25871 23458
25905 23768
25935 22611
25969 7508
26053 7949
26076 22291
26087 23611
26144 23586
26243 32226
26287 22241
26420 23272
26536 23083
26655 22253
26673 7228
26756 22768
26757 22767
26835 22094
26897 6996
26925 22614
26995 21130
27058 20971
27072 21841
27153 21948
27378 3930
27379 3974
27415 20561
27438 2453
27479 21492
27499 3768
27506 21472
27533 21463
27534 21445
27550 3695
27555 21445
27837 21189
27885 20212
27911 30805
27917 21179
27941 20276
27946 30618
28001 20301
28069 5079
28091 5052
28387 30494
28417 30479
28421 30430
28652 21348
28962 21156
29118 30276
29543 3054
29899 43028
29951 37656
29969 37996
29976 43011
30010 37950
30120 37974
30236 42796
30250 37472
30253 37329
30316 42825
30326 37262
30327 37261
30381 29796
30475 29597
30486 42689
30562 42683
30575 42599
30634 29292
30680 37065
30708 42569
30720 42544
30731 17437
30737 42634
30743 42636
30744 42635
30759 42624
30766 29130
30772 37008
30811 36822
30840 42496
30841 37190
30937 28902
30952 28949
31011 36747
31079 37119
31093 42309
31099 36790
31160 28680
31168 28515
31190 36750
31373 36720
31457 28357
31483 42110
31620 36386
31827 41939
31838 41731
31864 36156
31869 36125
31926 14497
31960 36007
32033 35671
32060 25856
32082 41653
32097 35798
32142 35697
32233 35892
32242 41404
32244 35527
32250 41544
32255 41451
32293 41567
32296 41561
32327 35539
32347 41336
32369 35786
32378 26972
32379 26973
32451 41390
32548 26717
32550 45389
32553 35266
32557 13031
32561 35296
32591 41326
32648 41255
32657 35160
32680 35167
32681 41090
32742 34975
32743 41013
32744 41012
32750 35000
32801 35290
32807 26365
32808 34945
32839 35363
32884 26292
32895 26262
32976 12349
33006 40762
33108 34616
33139 25830
33212 34018
33239 40877
33270 34509
33271 40860
33292 25794
33337 40572
33411 40485
33452 34264
33468 40529
33546 34077
33547 34076
33572 34146
33578 34488
33606 40459
33608 34317
33616 40636
33694 34006
33701 34005
33740 40365
33764 34211
33830 33567
33832 40304
33833 40293
33834 40292
33867 33790
33895 40237
33941 40235
33964 25054
33975 33785
34001 40198
34002 40197
34003 40184
34013 40164
34014 40163
34028 34057
34076 33971
34093 33948
34131 40106
34137 40037
34150 33271
34168 40317
34187 33548
34262 39964
34310 39971
34315 33407
34353 33865
34354 33866
34381 39863
34586 33756
34600 32852
34601 32851
34611 23991
34626 32829
34639 32457
34702 39805
34741 33316
34754 39553
34764 32758
34777 8339
34865 7949
34890 23936
34913 23591
34971 32725
34993 7823
35285 32657
35318 32614
35346 32835
35375 32542
35613 32018
35685 20853
35705 32166
35895 32030
35958 32132
35980 21879
35990 30961
36090 21079
36108 21070
36129 30904
36174 30936
36204 30447
36293 21639
36296 30966
36330 31988
36349 20018
36397 32083
36483 31398
36576 31283
36583 21437
37029 20885
37180 30415
37452 46724
37480 42946
37622 46588
37659 43039
37660 46646
37664 46693
37692 42800
37707 42994
37744 42728
37745 37658
37813 46444
37814 46443
37821 37474
37828 42948
37834 42881
37839 42683
37928 37431
37965 37331
38043 42345
38071 37185
38086 42721
38251 46245
38260 42371
38300 46110
38348 36935
38393 42490
38459 36814
38481 42254
38515 36163
38562 42182
38602 42119
38605 42200
38609 36205
38614 36205
38644 42187
38667 36129
38701 41732
38702 41731
38741 41762
38807 36220
38873 41579
38884 45743
38886 45700
38900 36205
38942 41649
38960 45764
39025 45565
39039 45538
39041 41567
39052 35874
39140 35766
39164 41740
39279 48450
39301 45447
39332 41133
39342 41475
39345 35403
39372 35479
39395 45323
39412 41046
39488 40916
39515 41174
39564 45132
39567 45121
39580 35100
39592 41274
39607 45278
39622 45167
39626 35097
39641 34984
39661 40730
39672 40948
39724 40877
39751 45066
39795 40819
39796 40814
39803 40559
39804 44970
39814 40738
39848 45088
39852 44905
39853 44898
39877 44878
39900 40702
39908 45120
39931 40661
39957 45046
39971 45026
39980 44872
39986 34754
39998 40415
40025 40313
40026 40312
40030 44833
40032 40792
40042 44983
40051 40525
40061 34290
40072 44809
40081 44713
40085 44945
40086 44944
40098 44768
40130 40633
40138 40211
40154 34057
40177 40583
40203 40786
40205 44662
40232 40286
40260 40490
40338 44551
40358 40231
40426 44519
40435 44653
40455 33571
40456 44496
40555 44419
40571 40052
40579 44337
40580 44336
40671 40012
40686 33263
40728 33514
40795 39901
40846 44153
40852 33349
40891 40009
40905 39410
40921 39392
40922 39391
40959 44117
40999 39935
41076 39733
41078 32828
41090 39954
41092 43917
41101 39672
41139 43899
41141 39658
41168 39133
41169 38799
41186 38883
41209 39516
41253 39312
41361 43896
41483 32030
41547 32408
41554 39014
41600 38294
41616 38271
41678 32223
41689 30912
41693 38698
41708 38680
41767 38616
41860 43406
41895 38245
41913 38775
42048 38507
42053 38916
42497 49525
42515 49433
42516 46866
42526 49459
42653 46795
42654 46794
42660 46795
42661 46794
42680 46786
42689 46840
42696 46630
42700 43199
42725 43067
42750 46576
42751 46716
42755 46592
42762 46636
42770 49261
42776 25790
42794 46739
42809 42983
42829 46640
42835 46422
42846 46464
42918 46524
42930 46431
42933 49121
42939 49300
42940 46506
42941 46507
42990 49124
43001 46399
43024 42681
43028 6894
43062 49002
43111 46256
43112 46255
43154 48989
43199 46233
43240 42299
43269 46277
43291 46146
43296 42400
43299 49007
43301 42320
43424 42057
43446 42211
43464 42193
43465 36366
43473 48828
43481 42170
43486 42164
43508 48826
43543 48706
43577 41973
43608 48672
43610 45654
43690 48608
43774 35794
43775 35793
43784 45635
43788 48596
43789 45820
43791 45683
43802 41525
43813 48507
43816 48590
43829 41559
43846 41535
43855 41521
43864 41516
43876 41625
43945 45583
43946 45584
43956 48356
43957 45592
43966 41229
43970 48388
43990 48335
44031 45397
44033 48338
44057 45206
44071 45298
44164 45227
44205 48165
44214 45175
44230 48090
44244 45162
44245 45163
44256 40784
44266 48057
44309 48183
44321 45136
44322 45072
44332 48159
44341 48029
44342 48028
44360 48042
44363 45183
44382 48148
44386 40950
44397 48127
44399 44964
44403 40920
44410 44973
44445 40716
44466 45041
44489 44918
44494 40736
44496 50331
44509 44710
44514 45084
44525 47889
44526 47890
44542 44969
44553 45084
44557 45084
44559 44981
44560 44980
44561 44826
44571 44842
44604 45084
44641 40403
44647 47716
44655 47771
44659 47788
44698 44668
44701 47756
44767 44676
44768 44675
44811 47621
44812 47622
44848 40016
44958 47497
44974 47523
45014 47582
45054 39965
45063 44097
45150 44423
45348 43787
45363 43760
45376 39429
45452 47194
45538 49650
45554 47044
45565 47140
45575 43398
45706 44145
45714 43609
45761 39259
46129 49442
46170 19017
46181 51341
46276 49534
46281 51281
46295 49394
46323 46832
46325 49400
46329 49333
46342 49478
46354 49460
46372 46665
46380 49388
46388 51180
46405 51184
46429 46712
46438 51185
46454 49144
46455 46564
46460 46553
46511 49068
46588 51009
46595 49143
46602 49091
46635 49035
46670 49142
46728 51013
46739 46198
46741 46236
46754 48981
46759 46163
46760 49014
46777 48977
46792 46088
46797 46094
46816 48937
46850 48830
46905 45996
46917 48904
46936 50881
46957 48734
47015 48648
47017 45853
47043 48674
47047 50816
47086 45608
47112 45640
47137 50727
47156 50699
47166 48422
47173 48411
47174 45619
47175 45588
47188 48613
47195 48388
47198 45564
47224 48619
47229 48453
47230 48331
47253 45372
47266 45506
47292 50563
47348 45408
47371 48133
47399 50487
47418 48401
47430 50516
47438 48232
47454 50513
47466 50493
47469 48262
47472 50499
47484 50491
47505 50397
47509 50461
47531 48109
47539 48201
47552 45108
47572 51864
47585 50333
47586 50332
47587 50325
47602 50315
47608 50290
47636 47939
47644 50278
47652 50302
47663 48061
47676 50254
47677 50253
47704 44856
47740 47829
47754 50255
47774 50119
47845 47853
47866 47791
47867 47790
47940 44279
48007 44313
48222 47193
48238 44113
48241 49943
48289 49675
48344 47562
48391 47008
48448 47372
48611 43954
48640 47294
48691 47136
48777 52584
48815 51344
48824 52600
48841 52556
48846 51278
48847 51281
48858 51231
48872 51251
48874 49495
48882 52522
48883 49470
48916 52485
48938 52510
48940 52465
48941 52505
48955 52453
48962 52471
48980 52499
49041 52440
49072 51162
49123 49118
49173 49003
49183 51036
49184 51034
49237 52273
49244 50914
49253 48912
49286 48854
49293 52240
49306 50828
49324 50823
49351 52178
49357 50737
49358 50736
49372 48715
49389 48723
49397 48663
49400 48709
49416 52138
49430 50670
49446 50759
49475 50782
49478 50681
49501 52107
49502 52108
49509 48562
49515 50695
49516 50694
49530 48535
49535 48496
49552 50530
49557 48558
49589 52016
49590 51950
49591 48415
49602 50548
49615 48322
49639 50606
49648 50491
49659 50471
49689 50441
49693 51889
49702 50433
49704 51880
49705 51881
49706 51867
49708 51872
49715 51866
49724 51928
49749 50468
49761 51834
49772 50274
49778 50302
49785 48094
49798 51811
49818 51785
49822 52932
49826 51840
49827 51760
49844 50213
49848 51757
49855 51747
49901 50262
49927 47970
49972 51662
49978 50086
49994 51658
50026 50081
50027 50080
50039 50178
50040 50177
50213 47509
50216 47630
50287 49620
50306 49591
50319 49842
50331 47398
50477 47283
50565 52648
50574 53431
50594 52592
50595 52589
50626 52515
50645 52582
50649 52498
50651 52598
50661 51273
50672 52559
50673 52558
50712 53374
50731 52507
50738 52508
50747 52494
50750 51183
50767 53372
50830 52446
50848 52365
50852 51064
50865 51052
50867 52377
50895 51037
50915 52313
50931 52356
50941 52282
50942 52345
50963 50951
50975 52217
50984 52270
50996 52186
51007 52158
51018 52144
51054 52188
51056 52142
51063 53115
51076 50769
51082 52192
51087 53118
51102 52099
51110 53126
51111 53098
51136 53095
51144 50679
51151 52111
51156 52097
51160 51986
51167 52106
51188 52019
51189 52020
51198 53025
51199 53026
51200 51937
51237 50585
51242 50580
51243 50579
51245 53028
51246 53043
51247 53001
51265 51941
51277 52005
51280 51923
51282 51868
51298 50482
51304 50443
51313 51964
51315 51971
51319 52968
51326 51943
51344 52943
51349 51847
51362 51844
51368 52931
51372 52928
51390 52921
51428 52864
51459 52841
51473 50198
51494 52804
51523 51586
51572 51510
51587 51501
51650 51472
51725 49902
51734 51609
51857 53484
51858 53483
51868 53470
51869 53469
51871 52629
51881 53463
51901 53896
51941 53378
52043 53252
52052 53242
52056 53798
52059 53283
52099 53212
52115 53788
52123 53210
52124 53168
52135 53158
52148 52114
52149 52113
52161 52205
52204 53152
52213 53133
52225 53688
52226 53687
52235 52083
52245 53112
52250 52054
52251 53705
52259 53099
52264 53052
52268 53049
52270 53669
52288 53057
52291 51995
52302 53660
52305 53011
52324 52984
52346 52972
52441 53568
52447 53575
52508 53562
52707 54268
52743 54242
52764 54224
52773 53879
52774 53878
52776 54212
52793 54200
52885 53767
52900 53186
52938 53697
52953 53734
52968 54095
52970 53074
52976 54381
53041 53629
53047 54348
53099 53979
53100 53978
53139 50844
53167 52852
53168 52810
53169 52809
53226 54485
53263 54467
53272 54214
53296 54199
53315 54163
53316 54162
53323 54427
53346 54139
53363 53744
53376 54104
53378 54397
53388 54383
53393 53700
53461 54335
53599 54608
53601 54458
53606 54201
53622 54594
53623 54595
53639 54434
53640 54433
53650 54563
53652 54425
53659 54398
53665 54558
53697 54526
53817 54585
53841 54562
53842 54561
53845 54666
53856 54655
53865 54538
53930 54711
53932 54589
53937 54578
53949 54569
54026 54705
54035 54693
54069 54810
54077 54792
54100 54886
54122 54904
54123 54907
54155 54927
