3120
58 1363
59 1364
89 961
100 19031
118 19576
144 1444
149 281
153 823
154 824
157 1749
158 1750
204 888
224 19649
228 19652
258 19224
294 19007
306 19582
333 19598
336 1397
344 1600
368 1689
386 19301
404 2172
405 2173
431 2112
453 1732
498 19734
513 1878
536 19374
545 19566
546 1928
565 1641
569 19672
570 19673
613 2079
653 2015
676 2359
683 2071
684 19833
692 2294
699 2194
718 2469
725 2316
729 2495
732 2212
738 19541
739 19542
754 2217
757 1555
774 19308
775 19309
841 19810
850 19630
881 2417
919 1699
923 2609
957 19445
963 2357
995 1665
1045 2247
1149 2900
1155 2393
1197 2034
1203 20105
1215 2480
1308 2096
1321 4083
1383 2190
1414 2399
1415 2400
1433 19990
1503 3230
1510 19879
1531 20118
1672 20058
1686 20381
1723 3202
1750 3474
1755 3530
1797 20065
1809 3265
1818 3296
1820 3300
1828 3567
1885 1452
1911 20087
1938 20386
1950 20271
2036 2866
2077 20097
2136 3615
2142 3578
2162 3613
2225 20587
2239 3805
2262 20568
2263 20569
2264 20570
2289 3871
2299 3799
2355 3885
2385 20480
2394 20508
2396 20580
2420 17875
2493 20495
2494 20496
2538 3965
2539 4402
2547 4567
2550 4103
2555 4041
2688 3852
2711 4632
2735 4457
2843 4765
2872 4051
2898 4826
2923 4447
2932 4693
2945 20574
2946 20575
2977 4484
3022 4205
3060 4747
3104 4888
3184 4546
3214 5175
3223 21357
3225 4801
3231 21367
3246 4840
3262 5059
3306 5105
3321 5127
3386 4394
3389 21192
3398 4408
3425 5927
3499 5313
3542 5070
3543 5019
3559 19429
3574 5243
3587 5231
3601 21472
3665 5364
3709 6224
3715 10319
3720 5403
3778 5454
3799 21454
3806 5065
3807 5391
3813 21466
3849 21493
3850 5440
3863 21534
3888 5811
3905 5405
3912 5164
3915 5820
4020 5711
4022 21633
4024 5715
4028 5628
4032 5990
4033 5991
4038 5097
4059 5633
4075 5986
4076 5987
4078 5747
4204 5952
4205 5953
4314 6069
4327 6320
4346 5957
4366 6393
4393 21982
4423 6218
4463 6164
4507 6118
4509 6138
4534 6225
4548 22089
4563 6260
4599 6288
4704 6713
4768 6405
4800 5893
4873 6569
4972 6587
5017 6656
5020 6647
5029 6974
5042 6665
5080 6734
5081 6735
5105 22529
5112 22378
5131 21902
5152 22183
5392 7191
5403 7196
5417 7207
5423 7111
5436 7096
5450 7243
5468 7262
5474 22400
5482 7421
5512 7437
5594 7368
5643 22744
5650 7331
5696 7410
5710 7386
5720 7711
5761 22548
5823 8311
5827 8161
5926 7616
5969 7743
5972 8371
6007 7685
6041 8380
6068 8034
6090 14806
6174 8513
6186 7856
6236 22965
6343 22992
6356 8746
6358 8170
6394 22918
6424 8817
6456 7954
6483 8373
6502 17249
6588 9106
6621 8267
6651 8663
6663 8684
6670 8801
6710 8736
6757 8800
6766 9178
6782 9193
6787 23333
6803 9224
6804 9225
6825 9242
6831 8835
6854 23395
6862 8561
6875 8893
6887 9323
6888 9324
6897 8586
6898 8587
6906 8927
6907 8928
6914 9308
7033 9380
7080 8764
7154 9494
7163 8769
7170 9212
7176 9540
7178 9531
7202 8950
7228 9594
7229 9596
7258 9264
7270 9275
7302 9707
7312 9753
7316 9310
7369 9374
7377 9118
7378 9119
7386 9123
7387 9124
7394 9398
7453 9067
7477 9826
7505 9525
7506 9526
7520 9076
7525 9272
7529 9993
7532 9268
7598 7706
7599 9584
7694 9339
7695 9340
7738 9388
7746 9746
7755 9820
7794 9439
7804 10454
7885 9796
7922 9673
7923 9643
7945 10637
7950 9971
7952 10532
7953 10533
7972 9995
8022 10708
8025 9912
8026 9913
8035 10729
8056 9946
8081 9812
8085 10071
8102 10150
8140 10133
8184 10885
8262 9385
8370 10417
8379 10474
8391 10460
8395 10576
8448 10178
8497 10530
8551 10603
8600 10640
8684 10762
8685 10763
8711 10415
8734 10817
8832 10888
8901 10276
8916 11064
8917 11065
8940 10320
8989 11319
9000 10743
9012 10424
9016 11382
9043 10282
9048 41519
9053 11163
9091 11407
9108 11424
9174 10820
9175 10821
9176 10822
9179 11471
9191 10981
9204 11359
9257 11342
9264 11561
9269 10996
9270 10997
9278 10998
9304 11043
9305 11044
9422 11738
9442 11129
9472 11783
9479 11184
9494 11646
9495 11647
9535 11306
9536 11200
9590 11046
9597 11262
9684 11338
9698 11425
9700 11379
9701 11374
9702 11375
9724 11839
9741 11409
9742 11410
9909 11599
9912 12192
9913 12193
9960 11652
10021 12121
10042 11781
10043 11782
10058 11750
10081 12343
10117 12205
10118 12206
10141 11888
10159 11793
10194 12248
10195 12249
10210 11866
10217 12491
10231 11889
10306 12395
10310 12805
10329 12628
10330 11688
10331 11689
10370 12858
10394 12017
10410 25253
10411 12417
10419 12504
10481 12761
10515 12850
10567 13101
10573 12607
10574 12608
10615 12692
10641 12344
10683 12387
10717 12419
10798 13047
10878 13267
10927 12627
10936 13122
10938 12484
10948 12755
10992 12328
10999 13238
11000 13239
11026 12704
11033 12368
11049 13495
11285 13392
11347 12898
11348 12899
11352 13430
11357 13551
11361 6626
11472 13006
11473 13007
11620 25976
11621 13161
11623 13786
11676 12920
11850 13337
11935 14077
11995 13835
12083 13918
12088 13881
12102 13916
12142 13936
12229 13974
12230 13975
12287 14328
12310 14314
12359 14115
12456 14160
12508 7107
12584 14613
12585 14614
12817 14613
12818 14614
12885 14517
12886 14518
12963 14614
13117 14677
13195 14762
13287 15015
13331 15078
13369 14925
13398 14935
13414 15262
13423 15278
13477 15056
13499 15317
13512 15078
13547 14725
13550 15260
13567 14750
13613 15195
13634 15108
13635 15109
13683 15540
13690 15191
13793 14986
13832 15294
13917 15512
13946 15640
13957 15370
13971 15387
13987 15406
14032 15440
14056 15463
14137 15601
14141 15302
14216 15377
14252 27071
14253 27072
14276 27182
14341 15930
14349 15475
14362 15969
14363 15970
14434 15888
14435 16319
14488 15935
14498 15841
14541 15940
14598 16261
14655 15990
14734 16552
14735 16553
14742 16141
14906 16444
14934 16736
15013 16083
15026 15936
15093 16158
15147 16504
15148 16627
15200 16992
15221 14614
15286 16266
15366 16357
15423 16256
15524 17150
15724 17143
15737 16730
15778 16774
15781 17145
15807 16591
15834 17469
15851 3835
15913 17520
15925 17538
15939 17011
15976 16538
15984 3835
16029 17457
16032 16616
16052 17000
16094 16468
16095 16469
16098 17056
16186 17185
16286 17071
16365 17888
16476 17295
16477 17296
16481 17159
16486 17143
16515 17447
16522 17240
16578 17527
16579 17528
16623 17377
16679 17295
16680 17296
16688 17365
16707 17876
16729 17442
16804 17514
16840 17762
16949 28625
16976 17832
16981 17817
16989 17729
17004 17601
17031 18179
17139 17828
17234 18237
17276 18391
17355 18001
17404 18421
17722 18244
19097 18905
19100 19317
19115 19264
19131 29466
19132 29467
19134 29277
19219 19413
19220 19414
19228 29538
19231 29556
19246 29341
19304 29385
19305 19266
19316 29692
19335 19221
19341 19622
19346 19391
19362 19551
19385 19424
19386 29524
19413 29562
19414 29563
19416 29473
19424 19467
19427 29769
19449 29591
19451 2242
19459 2167
19467 29788
19470 2077
19471 2078
19477 19763
19478 19764
19493 29613
19501 19786
19502 19787
19503 19588
19526 19460
19547 19832
19568 29674
19569 29749
19570 29750
19672 20079
19674 29993
19681 19641
19682 19642
19743 20145
19771 29945
19903 20201
19909 20302
19923 9866
19942 30049
19961 30060
19994 29840
20010 30236
20049 20349
20050 30264
20058 20481
20059 20482
20061 30133
20081 20288
20111 30157
20118 3455
20153 20147
20157 30197
20175 20345
20182 30227
20222 20717
20245 20249
20248 20549
20251 20513
20263 20422
20281 30250
20303 20584
20330 20676
20334 30252
20335 30472
20336 30473
20360 30491
20376 20855
20381 30509
20404 20897
20411 4359
20415 30274
20431 30294
20448 30391
20469 30489
20485 30322
20503 20882
20504 20883
20507 20893
20524 30340
20531 20752
20548 30555
20553 30588
20613 30615
20619 30663
20620 30803
20656 30762
20661 4436
20672 30655
20679 21165
20701 20607
20747 30743
20748 30744
20786 30770
20824 30571
20907 30885
20924 21290
20946 20946
20973 21386
20979 21098
20999 30945
21003 21405
21048 31076
21091 30813
21157 21587
21158 21597
21179 31001
21189 31032
21317 21631
21346 21793
21377 31272
21388 31089
21389 31090
21391 21610
21396 5831
21433 21848
21439 21855
21477 21897
21492 21795
21493 21958
21551 21847
21561 31285
21583 22019
21589 21821
21594 22020
21623 31417
21650 31338
21735 31391
21738 22140
21768 22026
21785 31411
21814 22231
21827 22248
21867 22112
21879 31470
21900 22114
21924 1452
21927 22131
21949 22121
21950 31478
21979 22214
21989 22403
21990 22404
22000 22547
22004 31487
22081 31593
22106 22519
22122 2489
22141 7084
22154 22556
22156 22361
22176 22420
22201 22423
22202 22424
22208 22771
22262 31742
22264 22680
22271 22747
22279 22644
22291 22469
22295 31787
22321 22518
22333 22593
22369 32009
22406 22580
22455 22687
22471 22660
22497 31878
22534 22904
22585 22921
22586 22922
22587 22793
22609 7949
22629 22945
22630 22946
22638 32098
22658 22869
22676 8050
22712 32119
22717 22861
22741 32312
22742 32313
22767 23331
22769 23019
22789 23361
22825 23096
22831 23151
22839 23399
22844 23042
22849 32207
22864 23323
22868 23278
22922 23320
22931 23116
22967 23344
22996 23545
23081 23260
23089 9299
23104 23263
23138 23318
23201 32519
23205 23536
23217 23755
23223 23648
23227 23342
23236 23873
23260 23460
23270 23606
23271 23607
23289 23483
23294 23630
23298 23622
23322 23463
23341 23704
23356 23702
23392 23944
23398 23754
23425 32640
23447 23774
23481 9422
23483 23842
23491 23570
23529 32683
23555 23123
23575 23940
23613 24271
23631 23806
23637 9873
23653 23826
23688 24057
23704 24056
23758 23989
23822 24214
23879 32895
23922 24118
23932 24331
23937 24297
23954 24315
23986 24601
24000 24103
24001 24104
24080 24045
24166 24602
24172 24345
24244 24641
24254 24778
24272 24408
24274 24808
24282 24478
24284 24197
24299 24328
24305 33061
24311 24191
24318 10357
24320 33357
24321 10934
24343 24869
24352 11681
24356 11691
24371 24805
24373 33209
24381 24258
24396 24868
24398 24562
24414 11491
24418 11503
24445 25065
24451 24663
24452 24664
24482 24706
24486 24334
24508 25077
24509 25078
24512 25105
24518 24383
24525 24687
24529 24750
24536 25086
24552 11740
24582 24737
24586 24768
24607 25180
24626 25186
24632 24815
24685 12128
24696 24873
24698 24865
24699 25261
24775 25205
24802 25240
24803 25241
24810 24985
24820 11894
24828 12383
24830 25035
24859 25451
24863 25061
24867 12313
24886 25101
24892 12031
24893 25489
24894 25115
24899 25490
24914 25140
24931 25385
24937 25397
24944 25410
24952 25207
24959 25660
24978 12503
24980 12688
25013 12533
25016 25242
25049 25522
25055 25615
25091 25301
25145 25413
25153 25324
25230 12881
25236 33776
25241 25736
25242 25737
25246 12190
25281 25500
25295 25556
25329 25746
25344 25553
25346 33878
25355 25515
25356 25501
25364 25527
25398 25588
25415 25604
25420 25818
25476 25671
25495 13307
25516 25689
25611 25935
25615 25751
25676 26010
25677 26011
25683 25845
25717 25762
25781 26351
25821 25955
25838 26185
25840 14094
25866 14050
25871 26408
25933 26271
25935 26293
25944 14141
25968 14211
25982 14000
26026 26366
26060 26368
26063 26510
26074 26389
26087 14152
26102 26661
26112 26589
26144 26460
26166 26147
26167 26148
26175 14620
26184 26486
26214 26535
26224 14685
26225 14686
26243 26571
26256 26687
26269 26745
26288 26636
26291 14780
26313 26779
26340 34838
26411 14921
26416 34518
26420 26726
26487 26887
26568 26829
26572 26853
26582 26844
26631 15341
26632 15342
26681 26938
26708 34758
26734 15147
26751 27005
26756 27008
26757 27009
26783 15190
26791 27036
26793 15612
26794 27277
26813 27236
26832 27184
26891 26919
26999 15485
27040 27311
27041 27312
27064 15817
27072 27387
27083 27297
27104 27327
27153 16110
27174 27177
27300 27611
27301 27612
27318 12408
27379 16665
27382 27457
27391 16447
27397 16475
27400 27380
27408 16482
27409 16483
27415 27383
27420 16508
27448 16742
27453 16665
27462 16579
27464 16581
27479 16754
27485 16586
27505 16805
27512 16630
27527 27777
27533 16839
27534 16847
27537 27556
27555 16847
27568 16165
27595 16173
27612 27587
27623 27670
27624 27671
27717 16846
27736 27783
27748 27698
27835 16517
27837 17265
27899 17161
27910 17413
27913 27850
27917 17382
27928 16591
27942 28307
27973 28221
28001 28003
28003 27858
28069 28148
28141 16758
28149 17082
28154 35672
28159 28035
28210 28010
28211 28011
28214 17578
28246 17645
28247 17646
28271 28173
28303 17018
28304 17019
28327 28146
28348 17723
28375 28360
28417 28187
28422 17473
28457 28340
28471 17287
28493 28564
28594 28625
28608 28642
28626 18396
28646 18026
28685 18223
28714 35429
28764 36179
28820 28813
28927 28804
28958 18379
29544 17704
29837 29502
29838 29503
29843 29484
29861 29175
29862 29176
29871 29191
29903 29555
29914 29364
29929 29404
29944 19258
29946 36736
29953 29624
29966 29421
29976 36558
29977 29576
29978 29431
29987 36610
29989 29622
30016 29582
30031 29668
30033 29483
30048 29547
30061 29581
30075 29469
30080 29724
30085 36861
30120 29682
30127 29767
30170 29540
30179 36832
30191 29584
30279 29653
30293 37044
30366 37004
30370 36889
30381 29939
30412 37129
30430 37027
30447 29850
30468 37114
30486 29847
30516 37228
30520 30155
30522 30156
30537 30145
30538 37014
30549 37156
30565 30136
30566 37263
30569 30328
30573 30321
30593 30335
30594 30142
30596 30218
30616 30366
30617 37216
30620 30118
30639 30180
30663 30283
30667 37233
30670 37121
30672 30273
30677 30240
30680 30129
30681 30130
30684 37346
30711 37367
30720 37135
30730 30452
30731 30453
30735 30405
30740 30303
30749 37329
30757 30224
30768 30348
30772 30237
30774 30394
30779 30304
30780 30251
30791 37351
30792 37352
30800 30539
30807 37369
30824 30444
30841 30642
30863 37371
30864 37372
30878 30379
30879 30371
30881 30624
30882 30625
30892 30446
30893 37304
30904 30414
30937 37509
30940 30626
30947 30741
30963 37468
30968 30698
31111 30690
31127 30934
31136 30942
31150 37407
31168 30995
31190 30797
31193 37682
31213 30862
31214 30863
31220 30883
31235 30967
31236 30889
31277 30943
31286 21557
31295 31086
31301 30815
31320 37542
31321 37543
31331 37750
31339 37766
31363 31122
31427 31223
31592 37873
31627 31331
31646 31343
31689 31369
31753 31425
31776 31554
31778 31675
31795 38084
31796 38085
31804 31441
31822 38204
31823 31473
31827 38102
31855 31513
31860 31755
31862 22384
31864 31757
31865 31501
31874 31689
31876 31678
31882 38178
31884 31525
31936 31622
31937 31625
31954 31586
32021 31699
32027 31724
32029 38318
32035 31864
32056 31947
32075 31791
32076 31792
32097 32013
32114 32062
32127 31824
32136 31807
32141 38328
32145 31833
32167 31827
32207 22711
32214 31870
32236 31886
32244 31902
32251 31903
32293 32223
32297 32100
32316 32080
32335 32034
32347 32008
32350 32025
32362 32183
32368 32123
32378 32188
32379 32189
32387 32090
32400 32271
32409 32239
32451 32122
32550 38596
32561 32544
32586 32420
32591 32287
32629 32331
32632 23295
32637 32534
32657 32634
32676 32406
32703 32665
32704 32666
32705 32543
32711 32553
32723 32561
32724 32691
32727 32740
32740 23937
32750 32503
32792 32453
32793 32454
32801 32610
32813 32704
32818 32497
32821 32704
32822 32652
32875 32591
32876 32592
32888 32866
32921 33001
32942 32710
32989 32808
33005 32850
33012 32834
33023 32875
33024 38967
33029 33070
33031 32756
33077 32887
33081 32890
33093 32893
33115 32920
33126 32946
33135 32990
33194 33019
33197 32878
33218 33035
33238 32915
33239 32916
33242 32706
33292 33075
33341 24566
33370 33208
33393 33180
33396 33178
33413 24643
33419 33201
33440 32855
33447 32859
33452 33274
33465 33284
33467 32967
33468 32968
33475 33100
33507 33109
33540 24147
33545 33374
33546 33167
33547 33168
33553 32979
33572 33383
33573 32981
33587 33406
33588 33408
33594 33422
33597 33197
33606 33183
33608 33349
33609 33350
33616 33432
33641 33024
33645 33024
33652 33054
33661 33151
33666 33151
33676 33495
33722 33076
33739 33636
33740 33309
33760 33536
33763 33322
33764 33512
33771 33531
33772 33532
33775 33611
33782 33513
33796 33364
33816 33567
33830 33386
33833 33387
33834 33388
33891 33603
33914 33464
33920 33467
33927 24989
33941 39496
33947 33845
33962 33834
33984 33508
34003 33542
34013 25066
34057 33755
34069 33773
34084 25617
34085 25422
34093 33809
34105 25454
34118 25565
34147 33863
34150 25336
34157 33667
34173 33876
34178 33971
34194 33887
34207 33944
34210 33989
34215 33911
34235 25599
34236 25600
34238 33950
34255 33660
34262 33762
34281 33926
34282 33927
34311 34111
34343 34226
34355 25544
34359 34082
34381 33886
34444 33953
34445 34199
34478 33978
34541 26026
34542 26027
34587 25806
34600 25983
34624 34288
34665 34422
34686 26166
34687 26167
34711 34566
34715 26363
34719 40095
34740 26231
34755 34464
34771 34575
34772 34576
34777 26407
34811 33908
34835 34357
34843 34528
34871 26145
34873 26524
34895 34581
34913 26437
34959 26526
34965 26633
34996 34433
34998 34472
35040 34793
35057 26651
35060 34811
35202 26898
35266 34697
35271 34914
35285 26901
35304 34956
35313 35081
35318 34892
35328 26961
35329 35134
35339 26996
35353 34944
35354 27005
35368 27126
35409 27058
35411 35164
35424 34847
35427 34988
35443 26873
35444 26874
35446 35019
35449 34910
35565 27472
35569 40597
35574 35271
35575 35272
35585 35284
35612 35306
35615 27552
35635 27575
35637 27576
35694 27495
35721 27538
35730 27796
35747 27634
35798 27812
35833 27543
35842 27837
35882 35509
35895 40915
35936 27648
35952 27722
35957 27923
35958 27924
35964 27609
35990 27641
36011 35429
36017 27950
36036 35489
36097 35679
36119 35582
36154 35855
36163 28217
36169 35884
36175 17389
36210 35877
36231 35750
36257 35724
36260 28330
36291 28199
36302 35622
36308 27984
36309 27985
36332 35770
36346 28106
36367 35785
36380 35803
36407 28106
36414 28496
36416 35725
36430 35752
36444 35830
36538 36113
36543 28521
36576 36140
36602 28744
36606 36049
36623 36080
36662 36030
36672 28681
36676 36121
36708 28708
36725 36186
36770 28724
37313 36638
37315 36730
37319 41601
37337 36564
37352 41627
37359 41547
37373 41681
37376 41733
37392 36614
37415 36750
37421 36777
37429 36624
37444 41692
37451 41602
37458 36558
37462 36798
37463 36805
37466 36775
37484 36789
37495 36868
37496 36839
37500 36687
37502 41850
37513 36764
37535 41861
37537 36845
37548 36855
37559 36850
37575 41838
37576 41839
37641 36915
37657 41951
37692 36860
37702 37039
37745 41987
37765 37181
37773 41980
37785 37095
37788 37201
37806 37130
37818 37131
37819 37132
37821 42109
37826 37156
37833 42049
37834 42050
37870 37148
37882 42008
37895 42088
37896 42089
37897 30283
37900 42071
37905 37070
37918 37146
37928 37266
37929 42133
37935 37285
37937 42052
37949 37311
37950 37318
37951 37319
37973 42238
37977 37401
37979 37278
37984 37189
37989 37328
37998 37270
38009 42170
38015 42096
38019 42218
38022 42203
38082 42408
38117 37464
38121 37482
38147 42392
38185 37578
38192 37589
38200 42401
38201 37541
38206 37625
38219 37471
38220 42415
38251 42378
38257 37762
38274 42439
38281 37736
38282 37737
38297 37726
38298 37727
38300 37555
38313 37697
38317 30800
38344 37724
38375 37750
38376 37751
38381 37657
38400 42488
38412 42513
38439 42460
38457 37812
38458 37833
38459 37811
38474 37857
38475 37858
38506 37992
38517 37832
38530 38017
38554 38056
38558 38062
38565 37964
38573 31286
38584 37967
38585 37949
38595 37925
38605 31459
38613 37977
38680 38084
38681 38085
38686 38099
38691 38204
38698 38131
38699 38132
38714 38288
38716 38144
38717 38140
38718 38139
38728 38130
38737 38157
38762 38252
38765 38257
38775 38179
38777 38341
38790 38174
38801 38201
38813 42910
38814 38235
38822 38207
38828 38227
38842 38241
38853 38260
38861 38283
38867 38362
38880 38298
38900 38297
38942 38325
38960 43003
39039 38408
39051 38510
39052 38511
39088 42988
39109 38513
39115 32045
39136 38615
39137 38616
39140 38748
39144 38573
39145 38569
39146 38570
39164 38664
39169 38530
39181 38679
39183 38681
39231 38741
39232 38742
39241 43179
39246 38623
39251 38663
39258 38771
39259 38772
39263 38820
39271 38673
39273 38905
39275 43200
39283 38699
39286 38666
39288 38842
39301 38707
39303 38708
39310 38948
39313 32532
39326 38887
39335 38855
39360 38884
39363 38888
39373 39008
39383 38908
39400 38848
39432 38956
39453 12856
39531 39019
39534 43477
39556 39149
39579 39052
39580 39062
39581 38990
39588 32869
39600 32894
39601 32893
39607 39012
39623 39104
39626 39116
39690 32977
39715 39035
39724 32916
39730 39188
39772 39270
39796 39315
39802 39109
39804 39059
39836 39086
39837 39087
39853 39108
39877 39127
39900 39433
39903 39396
39904 39397
39908 39464
39918 39415
39920 43553
39922 33085
39929 39312
39931 39478
39932 33456
39935 39509
39939 39331
39942 33268
39947 39451
39952 39450
39955 39230
39977 39370
39986 39577
39987 39537
39990 39482
39998 39363
40000 33583
40030 39400
40039 39517
40042 39592
40060 39618
40071 39436
40072 39440
40085 39641
40086 39642
40098 39467
40130 39608
40147 39628
40150 39747
40152 33765
40177 39659
40202 39797
40203 39798
40205 39582
40211 33807
40232 39728
40234 39782
40243 39746
40260 39740
40298 39686
40324 39926
40328 39826
40338 39705
40358 39917
40373 39763
40384 33886
40396 39691
40405 39882
40407 39873
40422 34229
40423 39947
40434 39964
40455 39942
40457 34173
40461 33980
40468 39941
40480 39994
40493 39987
40502 39863
40520 34296
40521 34297
40555 39925
40556 34153
40579 39868
40580 39869
40583 40080
40613 40121
40621 39980
40629 40095
40646 33111
40735 40178
40742 44171
40765 40063
40775 34737
40776 44236
40796 40300
40797 40323
40814 34780
40840 34688
40846 40133
40852 40324
40855 34445
40891 34728
40895 34603
40914 40311
40920 40394
40943 40402
40945 40351
40962 34868
40999 40384
41012 40285
41017 40405
41033 34875
41076 34931
41078 40455
41092 40291
41101 40498
41122 34990
41126 40428
41133 40564
41140 40432
41165 40430
41172 40473
41174 40543
41175 40487
41176 40488
41177 35085
41217 40590
41233 40742
41237 40745
41243 40513
41252 35305
41279 40664
41286 35217
41335 35107
41361 40795
41455 40730
41465 35319
41471 35417
41477 40804
41483 40915
41490 35568
41497 35358
41565 35370
41567 40852
41570 41076
41574 40830
41577 40931
41600 40855
41601 40876
41602 40877
41606 40838
41616 40867
41624 40841
41630 41062
41633 40881
41658 35821
41659 35875
41666 41008
41687 40943
41696 41030
41723 40958
41760 35886
41788 41171
41789 41079
41804 35937
41809 44673
41822 41133
41823 41142
41829 35693
41871 36028
41906 41120
41910 36026
41915 41163
41931 36174
41935 41313
41936 44785
41937 44786
41946 36177
41948 36140
41960 41343
41967 41271
41999 41242
42023 36136
42035 36186
42045 41301
42049 41314
42063 41315
42106 44876
42454 45055
42474 41611
42497 45104
42511 45111
42523 45158
42530 45116
42539 41816
42542 41759
42621 41826
42624 41871
42625 45134
42645 41837
42653 41822
42654 41823
42660 41822
42661 41823
42682 45321
42685 41857
42689 41879
42690 41958
42691 45320
42696 41802
42750 41852
42752 41917
42755 41868
42770 41863
42775 45271
42779 41889
42787 42020
42794 42027
42798 42011
42802 41991
42809 42012
42815 45336
42816 42001
42824 42016
42830 41930
42831 41931
42842 42068
42843 42138
42849 37170
42878 45450
42888 42190
42907 42135
42911 42113
42918 45551
42924 45428
42930 42106
42941 42283
42960 45445
42961 42214
42966 42179
42989 45534
43005 45532
43009 42257
43010 42336
43022 42341
43024 42342
43026 42237
43033 42314
43052 37470
43053 42377
43055 45525
43060 42356
43069 42292
43096 42281
43111 42322
43112 42323
43171 45576
43177 42403
43199 42456
43221 45689
43223 42484
43244 42483
43273 45737
43277 42573
43285 42509
43296 42536
43308 45823
43309 45771
43329 42565
43330 42640
43335 45846
43349 42566
43353 42673
43358 45818
43372 42687
43373 42637
43391 42624
43395 42617
43400 45915
43403 42658
43435 42730
43446 42701
43452 42806
43465 38189
43477 42793
43481 42727
43486 42732
43492 38243
43502 42763
43504 45942
43508 42746
43509 48298
43514 42870
43520 42762
43524 42774
43568 38238
43571 42791
43581 42849
43589 42839
43608 38316
43613 42864
43643 42979
43653 43019
43657 42936
43739 46188
43784 43173
43788 43020
43789 43054
43791 43135
43801 43142
43802 43143
43814 43043
43840 43081
43847 43177
43855 43185
43872 43268
43873 43204
43879 43236
43891 43150
43893 43144
43901 43224
43902 38694
43917 43242
43937 43264
43940 43257
43941 43258
43945 43265
43946 43266
43957 43282
43968 43198
43992 38801
43994 46353
43996 43218
44001 43255
44022 43338
44035 46322
44079 43395
44080 43398
44082 43343
44114 38975
44137 39038
44142 46460
44152 43465
44166 43486
44195 43503
44214 39298
44245 43572
44249 43587
44256 39348
44258 43551
44292 39131
44305 43608
44309 43634
44321 43666
44324 43540
44325 43622
44331 39407
44332 43658
44341 39309
44345 43642
44348 43581
44353 43693
44360 43579
44363 43678
44369 43722
44382 43725
44393 39517
44410 39604
44413 43719
44446 43777
44466 43764
44467 39743
44474 39697
44476 43838
44486 43810
44489 43809
44496 46675
44497 46676
44509 43734
44525 43752
44526 43753
44535 43756
44536 43819
44542 43813
44544 43773
44559 43843
44560 43844
44574 43860
44586 43873
44600 46716
44619 43820
44625 43956
44635 39940
44642 39892
44644 39893
44645 43982
44650 43976
44694 43893
44713 39841
44723 39995
44741 43945
44753 44032
44755 44069
44762 44036
44766 44056
44767 44105
44768 44106
44831 44109
44832 44110
44833 40176
44848 44156
44849 44094
44861 40216
44865 44051
44880 44141
44886 44200
44887 44201
44895 44148
44911 44222
44912 44223
44925 44090
44935 44060
44936 44061
44946 44250
44950 44234
44957 44085
44958 44064
44974 44098
44990 40269
45031 40339
45052 40204
45056 40372
45063 40267
45068 44344
45077 40381
45084 44342
45098 40424
45099 44309
45135 40471
45151 44289
45156 40509
45171 44325
45182 44374
45186 40610
45188 44316
45191 40546
45192 40547
45206 44475
45209 44333
45210 40559
45211 44349
45229 40728
45231 44340
45263 40764
45264 40737
45304 44456
45314 40549
45348 44425
45358 40816
45363 44447
45376 40848
45381 44464
45383 44550
45410 40789
45415 44525
45416 44643
45417 40791
45418 40792
45420 40985
45441 40823
45460 44653
45504 44568
45513 40827
45522 44638
45524 44636
45538 44592
45541 41091
45553 44712
45554 44594
45564 44753
45565 44668
45566 44669
45575 40961
45593 44623
45608 44692
45611 44635
45628 44649
45639 44751
45662 41046
45665 44809
45694 41080
45706 44778
45714 41268
45723 44761
45726 44825
45732 41210
45735 36195
45740 44777
45741 44838
45742 44839
45761 44818
45779 41258
45780 41259
45791 44795
45793 44878
45796 41206
45826 44829
45848 44868
45859 41323
46116 45130
46128 47710
46129 45031
46131 47738
46139 45050
46155 47792
46177 47756
46178 47757
46180 45185
46181 45129
46192 45197
46195 47779
46196 47780
46200 49535
46217 47789
46218 45216
46226 45112
46242 47814
46255 47821
46276 45259
46278 45210
46295 45224
46323 45301
46325 45288
46330 45309
46338 45361
46342 45332
46354 45344
46373 45341
46374 45357
46380 45429
46385 47906
46386 47907
46403 47981
46404 47982
46405 47900
46416 45348
46436 48006
46439 45399
46445 47956
46455 45520
46463 45403
46469 45559
46479 45573
46482 48002
46485 48056
46493 47977
46501 45466
46527 48012
46537 49711
46555 45611
46560 45624
46569 45627
46577 45617
46589 45676
46595 48118
46596 45604
46602 48093
46612 45630
46616 45680
46617 45636
46629 42275
46631 45716
46637 45725
46649 45686
46659 45717
46667 45760
46670 48152
46688 45724
46734 45784
46737 45906
46739 45835
46741 45792
46743 45770
46750 45805
46753 45683
46777 48266
46786 42692
46799 45916
46804 45850
46813 48283
46814 45856
46819 45872
46841 48323
46858 45940
46861 48281
46877 45945
46897 48308
46909 45986
46916 45978
46920 46003
46928 46000
46932 46083
46941 46046
46946 42835
46947 46015
46951 45870
46957 46025
46967 46009
47002 46051
47013 46070
47017 46106
47035 46102
47049 46123
47055 46122
47080 46117
47086 46258
47090 46208
47137 46209
47156 46220
47158 43175
47173 43167
47175 46302
47177 46248
47178 46249
47187 43184
47188 46311
47189 46312
47198 46328
47224 46360
47229 43281
47248 46383
47252 46387
47262 46397
47274 46405
47277 46410
47288 43407
47316 46431
47339 46418
47340 46472
47348 46482
47362 46493
47398 46520
47401 46417
47421 46550
47430 46505
47436 46513
47438 46602
47456 46490
47472 46630
47477 43668
47484 43684
47498 46658
47499 46635
47500 46629
47505 46577
47530 46681
47531 46704
47539 46703
47560 46720
47585 46697
47586 46698
47587 46699
47608 43778
47624 43791
47633 46804
47636 43920
47637 46741
47639 43932
47644 46742
47652 48843
47658 46817
47670 46763
47671 43834
47690 46798
47692 46791
47700 46803
47708 43989
47733 46821
47738 46877
47739 46836
47740 46912
47755 46905
47756 46891
47771 44066
47774 46833
47789 44075
47815 44175
47836 47014
47859 47021
47860 46903
47866 44222
47867 44223
47872 47053
47888 44076
47893 47009
47940 44276
47957 47085
47961 47101
47967 47128
47978 47124
47982 47026
47986 47104
47988 47144
48020 47119
48026 44331
48031 47166
48034 47130
48057 44416
48058 47115
48063 44375
48067 47107
48108 47142
48128 47294
48159 47301
48170 47315
48171 47323
48175 44589
48184 47352
48201 44601
48208 47335
48219 47363
48225 47366
48240 44642
48259 47285
48260 47286
48267 44695
48281 47428
48289 44571
48327 47488
48330 47424
48345 44783
48355 47429
48361 47396
48372 44787
48380 44747
48383 44806
48389 44789
48399 47444
48426 44831
48448 47533
48465 47563
48516 47548
48743 47767
48760 47770
48765 47759
48774 47781
48779 49539
48801 47746
48803 49554
48809 47852
48815 47801
48817 47772
48831 49578
48834 47821
48852 49606
48857 47818
48858 47815
48872 47835
48874 47887
48882 49604
48884 49658
48909 47907
48913 47918
48915 49661
48916 47893
48925 47930
48930 47895
48934 49676
48943 47927
48945 48007
48950 49655
48951 47938
48960 47991
48962 47957
48972 47979
48981 49687
49009 48000
49021 49711
49041 49736
49044 48105
49082 48111
49096 49742
49097 48095
49124 49820
49125 48138
49154 48185
49161 48225
49163 48213
49171 48200
49172 48196
49173 48243
49198 49891
49199 48283
49219 48281
49231 48295
49232 49909
49242 48337
49244 48304
49246 48305
49251 48315
49257 49956
49258 49957
49286 48371
49315 48431
49319 48374
49335 48394
49337 48395
49341 49990
49371 48501
49379 48461
49382 48508
49383 48509
49389 48513
49391 48490
49394 48519
49398 48526
49403 50057
49404 48527
49419 48523
49440 48588
49451 48557
49463 48558
49466 48534
49469 48596
49488 50127
49515 48606
49516 48607
49523 48610
49526 48601
49530 46432
49535 46441
49565 48623
49567 48667
49568 46521
49576 48594
49588 50234
49589 48657
49591 48693
49592 48694
49593 48695
49600 48716
49601 48717
49603 46586
49615 48726
49619 46593
49624 48673
49632 48721
49635 46625
49639 48736
49641 48705
49655 48688
49659 46668
49661 46667
49664 48720
49665 48727
49672 48761
49676 46666
49677 50286
49689 48791
49690 48737
49693 48738
49702 48802
49704 48754
49709 48795
49711 48796
49715 48767
49719 48801
49721 48804
49722 46764
49724 48832
49732 48779
49748 48826
49749 48836
49752 48841
49761 48800
49771 48812
49778 48843
49785 48877
49795 48898
49798 48833
49799 46839
49809 46886
49827 48844
49834 46896
49846 48905
49847 48906
49855 48917
49866 48957
49870 48927
49871 48928
49892 48998
49901 47036
49924 50433
49926 47062
49935 47059
49945 49031
49956 49053
49957 49054
49965 48973
49972 48967
49975 47068
49978 49038
50006 49080
50013 49081
50022 47114
50023 47176
50024 47177
50039 47137
50040 47139
50048 49137
50077 47210
50101 49199
50107 47294
50112 49211
50119 49215
50129 47328
50135 47323
50136 49248
50169 47366
50196 49263
50198 47395
50199 47393
50217 47421
50218 47462
50219 47456
50220 47457
50223 47426
50248 49299
50253 49313
50260 49294
50281 47485
50287 49311
50309 49327
50310 49328
50318 49329
50319 44831
50323 49339
50332 49345
50334 49384
50338 49348
50342 49366
50343 49367
50347 49362
50355 49361
50357 47552
50358 47553
50360 49364
50361 49365
50379 47562
50382 49390
50383 49391
50389 49397
50399 49407
50519 49417
50538 49526
50540 49545
50551 49570
50565 50783
50570 49584
50571 49533
50575 49572
50576 49573
50580 49559
50587 49600
50595 49556
50600 49602
50613 50829
50621 50830
50623 49620
50626 49597
50643 49646
50645 49656
50646 49668
50654 49640
50655 49651
50659 49662
50660 49663
50661 47951
50663 50848
50673 49678
50675 49677
50679 49706
50683 49692
50691 49685
50699 49690
50704 49725
50705 49726
50706 49733
50710 49731
50731 50906
50747 50922
50751 50914
50752 49746
50759 49772
50762 49720
50785 49762
50787 48171
50791 49775
50808 49816
50815 50917
50827 49758
50828 49757
50830 49819
50852 49847
50865 49859
50867 51006
50874 49857
50880 49864
50895 49880
50906 49883
50913 49888
50915 49892
50922 49893
50926 51022
50931 49919
50937 49901
50938 49918
50942 49927
50950 48340
50952 49930
50953 49931
50959 49936
50961 49940
50963 49949
50967 49955
50973 49975
50975 49959
50981 49952
50996 49992
51007 50007
51020 50001
51021 50002
51031 50023
51043 50064
51050 50032
51053 50080
51054 50081
51056 48500
51060 50069
51061 50070
51068 50098
51076 48550
51081 50084
51083 48564
51092 50124
51102 50108
51110 50119
51111 50090
51118 50160
51119 50166
51123 48628
51124 48629
51136 50158
51151 50192
51155 50200
51156 50193
51157 50194
51160 50146
51161 51197
51167 50213
51169 50230
51175 50216
51179 50237
51186 50195
51188 50242
51189 50243
51197 50215
51198 50172
51199 50173
51201 50179
51213 48635
51220 50228
51222 50224
51226 50258
51227 50270
51229 48702
51232 50240
51234 50259
51242 50275
51243 50276
51244 50281
51246 50295
51265 48803
51277 50303
51280 48816
51281 48782
51300 50335
51308 48794
51309 50304
51315 50332
51320 50306
51322 48806
51326 50348
51334 48819
51337 50359
51339 48915
51340 48916
51344 50338
51350 50349
51366 48940
51390 50381
51392 50405
51418 50388
51429 50391
51434 50453
51442 50444
51444 49027
51447 50420
51463 50428
51465 50498
51466 50479
51467 49059
51471 49074
51483 50509
51514 50552
51515 50553
51517 49172
51520 50556
51523 49115
51557 49224
51572 49209
51573 49210
51613 50640
51614 50641
51628 50619
51650 50627
51669 50631
51676 49356
51687 50646
51691 50667
51699 50681
51702 50654
51716 50673
51717 50674
51838 50781
51850 50774
51857 50799
51858 50800
51897 50835
51901 51613
51902 50831
51914 50842
51921 51639
51923 51644
51938 51670
51941 50856
51951 50866
51966 50888
51975 50929
51979 49812
51980 50943
51981 51700
51988 51709
51991 50908
51992 50909
52000 50963
52029 51017
52037 51018
52038 51023
52041 51028
52043 49899
52063 51058
52083 51093
52084 51061
52098 51784
52099 51108
52103 51804
52104 51116
52106 49983
52107 51085
52115 51808
52120 51086
52134 50042
52135 51111
52141 51110
52142 51112
52148 50036
52149 50037
52152 51148
52175 50151
52180 51843
52183 51175
52184 51169
52190 50115
52204 51186
52205 51188
52210 51192
52213 51190
52230 51856
52231 51216
52235 51215
52243 51224
52250 50256
52251 51242
52252 51243
52253 51244
52254 51857
52259 51237
52261 51238
52262 51239
52263 51240
52264 51251
52268 50289
52270 51227
52280 50300
52288 51275
52291 51273
52292 51274
52305 51291
52315 51277
52320 50343
52333 51305
52335 51304
52338 50319
52345 50366
52347 50339
52350 51322
52354 51330
52375 51300
52381 50422
52384 50408
52385 51355
52386 50429
52400 51353
52408 50450
52425 51373
52454 50506
52463 51407
52470 51421
52478 51405
52495 51425
52500 51413
52508 50572
52540 51444
52585 50679
52592 51505
52598 50677
52600 51497
52610 51513
52611 51514
52619 51518
52693 33591
52707 51599
52719 51608
52730 51625
52739 52108
52743 52100
52744 51669
52751 51676
52758 52125
52760 52117
52761 51664
52765 52130
52769 52140
52771 52122
52790 52141
52830 51746
52831 51765
52836 51771
52846 51757
52859 52185
52867 51784
52870 51804
52872 51800
52873 51788
52886 51810
52892 51124
52894 51822
52896 51824
52900 51825
52950 51856
52951 52243
52953 51864
52957 51878
52968 51894
52977 51897
52984 51911
52986 51902
52988 51916
52990 51908
53009 51933
53026 51943
53027 51957
53034 51376
53038 51968
53039 51969
53056 51390
53066 51374
53068 51396
53069 52319
53083 51427
53090 51434
53106 51452
53120 52015
53126 51454
53142 51499
53144 51499
53145 51500
53251 52129
53261 52127
53270 52150
53281 52157
53282 52166
53283 52437
53290 52436
53293 52169
53296 52178
53304 52446
53305 52458
53315 52188
53319 52201
53332 52210
53341 52214
53346 52494
53357 52234
53384 52261
53388 51891
53395 52272
53404 52273
53410 52277
53421 52282
53440 52284
53449 52314
53467 52001
53470 52337
53472 52334
53558 52388
53566 52613
53582 52407
53583 52408
53584 52409
53599 52628
53601 52435
53606 52444
53608 52447
53618 52452
53619 52453
53630 52469
53634 52476
53639 52483
53640 52484
53641 52487
53647 52497
53652 52500
53665 52505
53672 52515
53691 52535
53699 52539
53701 52540
53709 52552
53730 52574
53763 52600
53782 52614
53785 52622
53795 52759
53796 52760
53797 52629
53799 52762
53804 52648
53812 52655
53817 52661
53828 52673
53837 52678
53842 52682
53845 52517
53903 52841
53904 52842
53905 52752
53913 52852
53918 52767
53919 52768
53924 52771
53929 52775
53930 52778
53932 52779
53937 52783
53949 52795
53954 52794
53955 52796
53957 52797
53969 52812
53976 52697
54007 52898
54008 52899
54013 52846
54015 52847
54017 52849
54023 52859
54024 52858
54026 52782
54028 52861
54030 52868
54031 52865
54035 52791
54036 52869
54043 52808
54045 52874
54047 52877
54048 52879
54049 52880
54065 52947
54069 52908
54070 52951
54071 52909
54073 52912
54083 52922
54085 52928
54093 52875
54098 52930
54100 52931
54116 52944
54117 52945
54118 52946
54129 52958
54151 52981
54155 52973
54162 52984
54163 52975
54167 52990
54171 52991
54177 52999
54178 53001
54182 53003
