1435
79 18881
102 18578
142 18809
182 29619
227 18992
267 18949
279 18296
281 18950
329 17822
353 18792
400 17935
413 18840
443 18799
485 18753
553 18698
554 18697
565 29437
703 18572
704 18571
749 17669
823 29081
840 17599
972 18448
1025 17098
1139 16777
1344 17926
1363 17907
1419 17554
1456 28724
1469 17102
1507 17104
1508 17103
1577 28670
1730 43871
1732 17523
1879 16032
1911 28372
1930 16566
2070 28229
2076 28229
2079 17049
2167 17267
2201 28135
2207 28547
2224 16338
2247 16283
2384 15872
2464 27995
2723 28226
2790 15094
2966 28146
3028 52068
3185 15095
3235 27987
3245 15395
3322 4798
3381 15196
3385 15315
3520 16257
3572 15086
3578 27642
3579 27641
3712 15521
3717 49466
3772 27313
3799 27510
3806 27107
3871 14888
3954 27064
3989 27404
3991 27158
4116 14781
4186 27017
4240 28651
4249 14551
4335 26827
4539 14288
4555 14375
4556 14376
4569 14263
4585 35623
4601 26667
4632 14782
4800 7878
4819 13450
4870 12827
4908 13611
5042 13291
5129 14475
5164 26412
5313 13530
5318 3983
5958 12280
6118 12106
6138 25869
6157 12068
6363 13356
6405 25675
6516 11731
6517 11730
6549 11671
6580 11637
6581 11636
6625 25865
6626 25864
6646 11547
6734 25496
6735 25497
6796 11547
6834 25713
6868 11471
6925 25245
7066 25538
7155 25073
7167 10208
7179 34296
7466 11008
7592 10442
7686 24745
7696 12029
7780 34006
8050 10027
8138 11436
8159 11381
8161 10095
8172 25826
8375 33781
8380 9841
8517 11215
8558 24152
8561 24573
8578 24553
8653 9638
8690 24016
8716 9528
8746 9543
8882 9392
8893 10342
8927 10327
9012 9212
9118 8746
9119 8745
9124 24269
9168 23751
9248 7646
9339 23628
9343 8856
9355 8918
9380 8767
9475 24074
9494 24197
9594 8563
9596 8562
9673 8179
9725 8525
9726 8524
9873 8160
10301 6521
10310 23508
10454 8005
10576 7421
10679 7007
10820 22865
10822 22864
10857 22840
10886 6745
10890 22806
10891 22805
10915 22972
10917 22794
10981 6674
11043 22961
11044 22960
11129 22667
11200 22589
11223 22574
11251 7038
11329 22685
11368 6442
11379 5796
11382 6808
11408 6462
11416 5489
11427 5512
11455 22432
11511 6192
11561 22845
11567 22355
11651 22310
11652 22311
11702 22822
11737 6046
11740 7597
11750 5152
11857 22214
11916 5901
12066 32102
12211 21730
12313 6684
12383 5352
12400 22264
12503 6490
12519 21620
12694 3920
12719 21489
12773 3896
12849 5631
12898 21422
13007 21346
13047 15109
13598 5306
13628 3670
13758 4559
13774 20738
13788 2667
13897 4183
13915 4965
14000 4869
14409 5276
14427 4577
14696 1984
14725 20188
14756 10118
14958 3843
15121 3867
15144 1157
15274 40353
15341 2198
15342 2197
15387 3373
16005 1880
16110 1845
16516 19451
16643 964
16644 963
16645 956
16699 919
16839 743
17265 19504
17469 573
17575 479
17586 479
18343 2484
18489 30245
18581 37433
18583 37446
18607 29634
18608 29633
18647 29585
18674 29789
18681 29542
18709 37362
18751 29745
18777 37326
18894 29248
18922 29405
18971 18171
18992 37236
19056 18222
19105 28849
19128 18112
19221 36876
19368 48932
19424 36910
19465 15750
19467 28812
19468 28811
19484 36766
19525 29191
19575 16850
19576 16849
19622 17107
19630 28659
19725 16718
19726 16717
19727 17215
19729 16939
19828 36490
19915 38542
20001 28292
20014 28424
20022 28244
20058 36349
20118 28153
20146 15827
20163 27966
20238 28059
20379 16048
20418 15894
20429 36228
20463 15646
20477 35935
20481 15352
20482 15351
20568 27537
20569 27535
20570 27536
20626 15663
20648 27675
20670 27980
20745 35650
20854 35788
20897 15035
20928 15216
21015 35623
21033 27368
21151 35390
21192 26890
21290 27533
21315 27096
21340 35406
21383 27440
21387 13630
21405 13604
21414 35327
21466 26436
21471 13471
21472 13472
21493 26419
21534 14114
21563 26616
21676 35247
21697 26330
21795 13632
21848 26885
21855 13378
21861 26298
21886 35230
21963 34777
22025 34793
22026 34792
22113 34662
22140 34990
22173 25816
22174 34856
22177 34843
22361 26488
22384 26327
22403 12335
22404 12334
22423 12513
22424 12514
22472 12252
22548 34471
22590 11120
22593 10815
22644 11838
22680 11903
22688 11602
22771 25380
22794 26141
22869 34215
22872 25022
22945 25233
22971 40232
23019 11644
23208 33944
23259 10497
23284 33883
23388 10357
23460 24360
23472 10538
23508 40102
23554 9771
23560 24396
23586 10514
23587 10513
23648 24645
23702 24776
23749 9828
23753 24185
23760 9709
23783 23965
23858 24670
23900 9594
23903 24126
23910 33511
24046 24217
24143 23919
24191 32779
24209 8928
24297 24018
24316 8408
24381 32644
24556 32521
24643 23279
24687 32637
24715 23219
24736 32524
24737 32523
24808 22895
24939 22832
24988 7603
25077 22705
25078 22706
25093 39019
25115 39099
25177 22587
25186 32543
25285 32105
25304 32076
25411 22256
25422 22270
25446 31974
25454 22992
25515 31823
25528 31825
25689 31709
25942 21033
25954 31584
25975 21507
25976 21508
25982 31775
26277 21691
26282 33334
26368 22296
26407 5871
26436 4763
26437 22014
26460 4732
26526 31127
26535 20572
26543 20573
26551 5276
26599 5221
26651 20490
26672 21248
26726 4254
26748 30837
26864 3815
26865 21471
26952 3695
27004 21330
27005 21245
27007 3974
27008 3528
27009 3527
27072 30525
27118 20930
27166 21060
27168 30432
27387 20186
27495 20702
27515 31199
27575 1875
27595 20291
27596 20290
27642 30339
27843 19881
28148 3120
28215 3000
28718 2544
28915 37542
28945 37783
28969 37731
28987 37745
29025 43913
29027 37683
29056 37376
29105 37454
29107 37754
29109 42468
29127 37441
29134 37447
29136 37672
29191 42398
29195 29779
29421 42334
29467 29166
29469 42300
29544 28841
29559 42273
29577 37190
29584 42138
29597 29191
29623 37305
29628 36567
29680 42070
29691 42018
29700 42011
29749 36662
29769 36808
29772 36464
29785 28053
29847 41906
29850 36404
29936 42064
29945 36489
30049 36436
30059 36423
30122 36688
30129 36079
30154 28610
30192 28222
30218 36275
30241 28504
30252 41704
30253 36675
30294 41628
30298 36227
30322 27348
30371 41633
30394 36105
30401 27948
30428 27121
30444 36045
30452 27859
30598 27273
30607 35693
30611 27748
30687 27520
30776 35714
30781 41307
30797 35592
30803 35687
30815 45385
30816 35787
30862 41295
30864 41208
30883 27483
30889 41306
30891 41203
30892 27398
30991 35476
30992 35475
31139 35357
31321 35175
31377 35025
31391 41011
31401 34703
31405 35122
31411 34982
31416 26467
31420 34953
31421 40749
31470 34898
31479 34861
31480 34860
31585 40609
31586 40610
31638 40669
31688 26332
31689 26331
31757 34746
31843 25994
31870 40373
31899 40355
31972 26035
31975 40447
32005 34183
32025 40425
32030 34436
32062 34510
32076 25987
32099 40384
32107 34925
32133 34740
32188 25569
32223 40388
32240 33947
32253 34101
32262 40047
32287 40236
32333 11225
32352 33973
32382 33726
32385 24918
32386 24917
32406 33834
32421 44592
32489 33741
32540 10037
32578 33732
32583 33953
32616 34064
32634 33695
32665 33667
32666 33666
32733 14072
32741 34192
32744 33604
32831 24280
32846 39902
32861 39871
32895 33268
32916 39831
32952 33807
33001 33471
33200 39346
33228 23964
33236 39448
33238 32842
33274 32894
33293 39662
33348 23871
33357 23685
33386 32536
33387 39257
33389 32462
33406 32752
33417 39088
33432 39447
33455 23800
33464 39211
33466 14072
33467 32387
33489 32581
33495 32653
33508 39149
33512 33041
33521 39158
33542 39142
33568 39143
33588 32628
33632 32149
33667 38996
33674 32173
33676 32173
33685 23490
33719 39013
33762 38949
33773 39178
33782 32342
33804 38896
33809 32820
33848 39015
33927 39024
33953 38842
33983 38643
33986 32576
34020 32125
34038 32219
34068 32624
34069 32623
34174 38674
34229 21865
34251 32625
34297 32443
34331 38512
34451 38458
34847 30674
34917 30633
34943 30582
34952 38107
35042 31531
35094 32127
35096 31449
35277 31136
35339 31134
35716 21015
36140 30363
36282 37681
36313 42910
36320 42762
36376 42552
36390 37685
36397 46273
36402 42825
36426 37635
36444 42615
36450 42465
36459 42720
36483 46321
36503 37604
36533 46256
36546 42697
36596 37286
36614 46193
36625 46107
36638 42625
36675 42508
36694 37263
36714 37129
36792 42263
36825 36902
36826 46032
36827 46031
36855 46048
36857 42195
36860 45935
36898 42041
36902 45943
36913 45882
36963 45865
36981 45845
36985 45913
36990 45820
36992 42064
37044 36552
37060 45819
37070 41751
37109 45768
37135 41712
37146 41730
37147 41729
37151 41777
37154 41876
37156 41921
37195 36501
37205 41615
37216 36258
37233 41758
37250 36193
37277 36162
37285 41799
37327 41580
37352 36076
37355 45514
37436 41861
37493 45513
37522 45377
37542 45379
37543 45378
37555 45409
37568 41409
37577 45390
37587 41392
37589 35786
37596 45373
37610 45373
37619 45366
37658 45344
37682 35678
37697 45375
37724 45348
37741 35475
37744 45371
37753 45302
37756 41623
37766 35449
37812 35860
37831 40947
37864 35503
37916 45189
37922 41139
37923 45241
37925 41026
37997 41065
38014 41011
38016 45247
38101 41331
38102 45113
38216 40824
38217 40669
38248 41198
38316 48018
38325 40625
38328 40622
38329 40621
38423 44723
38424 44722
38440 47928
38492 44792
38511 25708
38513 40415
38527 34740
38530 44734
38533 47887
38562 34823
38569 40437
38570 40438
38588 40861
38596 44564
38597 44563
38620 44690
38666 44524
38699 40225
38705 34376
38707 44633
38714 33607
38757 40193
38841 40128
38851 40385
38887 40286
38944 34128
39012 44447
39062 33934
39084 44363
39110 39613
39116 33967
39127 44176
39155 39823
39187 44139
39192 39426
39212 39674
39213 47474
39298 39641
39315 39619
39318 44106
39331 44152
39348 44215
39363 39407
39389 39642
39396 33483
39432 39508
39435 39398
39440 43992
39447 43988
39456 43874
39466 39211
39467 43953
39582 43865
39604 39328
39641 39295
39642 39294
39659 32807
39690 39238
39704 32736
39728 39138
39776 43736
39787 39156
39808 38850
39810 43718
39811 43720
39833 32125
39849 39081
39869 43606
39870 43600
39892 39389
39906 43578
39917 39044
39925 43613
39929 32603
39937 43623
39940 43845
39964 38902
39994 38871
40123 38371
40146 39041
40206 46922
40243 32509
40251 38858
40285 38254
40299 21390
40322 43253
40334 38190
40339 38913
40405 32005
40475 38695
40549 38020
40582 38002
40590 38598
40593 31425
40658 37986
40685 38792
40795 37924
40925 43388
41102 31347
41163 31372
41228 38434
41265 38386
41341 38187
41389 46596
41408 46601
41424 42901
41439 46489
41444 49239
41445 49238
41456 46566
41474 46558
41480 49135
41486 46525
41490 46548
41499 46532
41512 46521
41525 46432
41526 46375
41554 46390
41560 49158
41562 46477
41570 46311
41577 49059
41597 46243
41629 46139
41639 49118
41641 46214
41656 46206
41691 46155
41722 46161
41745 46077
41777 46099
41784 42396
41794 42114
41822 48938
41823 48937
41841 48849
41852 48842
41853 42120
41862 48814
41868 45920
41869 48806
41879 46168
41905 48779
41958 42081
41971 41961
41975 48847
42027 46023
42049 45861
42050 45862
42054 42123
42065 45975
42081 45924
42091 45769
42110 41893
42135 42010
42136 45877
42170 41684
42188 48626
42211 45748
42218 41708
42305 41760
42322 48534
42323 48535
42327 45801
42342 41735
42358 41706
42375 45496
42378 48503
42390 45380
42401 45598
42456 45451
42470 45522
42485 48315
42536 41546
42565 41514
42578 41485
42595 35603
42614 41181
42618 45529
42619 45274
42661 48240
42694 45036
42701 41348
42707 41146
42708 45197
42727 41318
42736 45178
42744 41212
42746 48218
42762 45046
42774 41250
42811 48145
42812 48144
42813 41086
42831 45084
42839 41163
42864 35239
42922 47957
42942 48029
43001 45143
43003 44838
43035 47947
43054 45089
43099 44682
43106 50190
43111 40102
43128 44649
43135 44831
43150 44655
43156 40038
43173 44686
43177 44883
43185 40513
43187 40584
43212 40677
43228 39954
43248 47707
43255 44548
43265 44757
43266 44758
43269 44619
43276 40298
43281 47803
43295 44598
43399 44399
43400 40256
43425 47556
43477 44420
43503 39989
43551 40063
43571 44222
43572 44223
43579 47465
43600 47412
43634 47493
43655 44140
43658 47475
43678 44343
43684 47466
43693 44109
43725 44125
43728 44234
43751 44216
43752 47305
43753 47306
43764 39585
43781 44058
43791 49830
43804 43971
43813 44136
43815 43995
43830 47237
43850 47210
43851 47211
43945 43652
44050 39270
44066 43939
44098 43429
44105 43784
44106 43783
44156 38911
44205 49592
44222 43662
44223 43661
44276 43378
44277 43168
44309 43688
44331 43694
44375 39040
44401 43076
44413 43847
44424 43541
44425 43043
44428 38541
44644 38395
44690 38314
44778 38439
44813 38488
44814 38487
44818 38469
44830 43457
44936 49362
44970 46592
45026 46389
45055 49112
45104 49043
45127 49048
45129 51020
45172 52316
45217 49017
45271 50894
45283 50936
45348 50835
45350 50853
45398 50883
45401 46083
45405 50820
45414 48777
45442 46019
45467 48757
45482 45766
45492 48667
45520 45794
45541 45670
45551 45663
45560 45612
45575 50651
45598 50629
45617 48729
45627 48602
45636 48499
45652 48694
45660 48682
45661 48681
45709 45503
45732 3438
45770 45624
45772 50564
45805 45558
45856 48215
45860 48355
45863 45407
45879 48190
45896 48389
45942 48217
45956 50435
45973 50484
46025 50436
46127 45121
46148 44620
46160 47935
46188 47978
46218 47878
46220 47874
46245 44501
46248 47844
46260 44968
46302 44781
46303 47808
46311 47970
46314 44710
46328 44752
46373 47967
46408 47942
46418 47693
46441 47866
46452 47834
46466 47503
46482 44603
46488 47611
46505 50059
46513 47583
46567 1026
46577 49956
46609 47498
46625 47488
46649 47365
46658 47456
46659 47638
46669 49854
46675 49887
46676 49886
46697 49879
46698 49878
46699 49874
46701 43922
46707 47639
46708 47411
46720 47401
46728 47408
46764 47371
46798 47214
46832 44111
46896 47390
46912 47205
47026 46852
47053 43663
47059 43975
47107 46765
47119 47154
47137 47134
47139 47130
47169 49538
47273 49652
47419 43561
47424 43556
47427 47058
47521 46959
47533 43239
47582 51288
47615 51220
47622 51155
47634 49307
47635 49306
47643 51120
47654 49279
47659 51204
47675 51177
47708 51071
47710 51052
47719 51093
47746 51021
47759 49157
47761 49174
47767 51049
47789 51016
47793 51028
47794 50980
47800 52334
47801 52335
47803 50959
47806 52315
47815 50929
47831 50977
47835 52291
47870 50938
47871 50937
47893 50852
47900 52243
47918 51006
47930 50996
47931 52235
47934 50883
47945 50872
47951 48915
47957 52202
47976 52190
48009 52203
48017 48660
48093 50683
48169 48508
48178 48594
48208 52068
48249 48516
48256 48368
48263 50613
48266 45290
48278 48370
48295 50627
48304 50491
48363 48337
48364 48338
48402 50366
48403 50333
48433 51881
48438 51846
48444 51877
48464 47954
48470 48020
48478 47786
48497 44501
48521 51839
48532 48106
48534 50213
48551 47929
48552 47929
48592 51792
48605 47933
48609 50049
48618 51714
48619 51713
48662 51683
48698 51673
48702 51674
48716 50053
48717 50054
48718 50052
48726 47695
48736 50154
48738 51644
48753 51663
48754 51629
48766 51620
48767 51621
48779 49872
48791 49952
48800 51581
48802 49946
48806 51582
48841 49882
48865 51600
48899 51517
48904 51504
48916 49828
48918 49817
49054 49732
49055 49748
49084 51341
49092 49487
49214 49594
49317 47058
49400 46809
49453 53347
49503 52400
49516 52447
49517 52448
49531 52436
49545 51139
49546 52412
49559 52340
49561 53244
49572 51082
49597 52275
49604 52277
49606 53246
49653 52263
49654 52262
49678 52302
49679 52237
49720 53753
49736 52164
49742 53116
49751 53109
49803 50691
49826 50700
49847 50717
49859 50695
49880 50663
49892 53049
49919 52102
49927 52086
49936 51938
49940 52959
49949 50575
49962 52044
49990 50532
49997 52912
50009 50486
50017 50249
50018 50245
50024 52896
50032 50207
50036 50199
50081 50324
50084 51842
50097 50339
50108 51813
50119 52879
50146 51736
50166 50270
50184 50215
50190 50232
50192 51836
50193 51817
50194 51818
50195 51737
50213 51837
50215 51729
50236 50192
50237 51732
50242 51716
50243 51715
50250 52800
50276 50125
50289 52755
50303 51754
50311 52707
50332 50026
50338 52681
50369 52639
50386 52641
50421 52596
50460 52555
50483 51425
50500 51367
50618 49727
50619 49726
50709 53353
50729 52468
50741 52456
50746 52403
50761 52426
50771 53329
50772 53328
50780 53316
50782 53315
50783 53272
50795 53294
50799 53290
50811 53283
50817 53276
50821 52354
50848 53241
50856 53774
50906 52223
50908 54109
50916 53741
50917 53723
50929 53182
50932 54101
50963 53111
50967 53158
51005 53096
51006 52076
51035 53026
51044 53670
51108 52943
51110 51866
51116 52939
51169 52873
51224 52869
51231 52867
51251 52757
51255 52747
51376 52654
51398 52531
51432 51527
51551 53912
51553 53911
51561 53381
51563 53371
51564 53372
51572 53890
51592 53833
51599 54174
51606 53294
51608 54172
51613 53804
51618 53228
51625 54156
51626 54157
51691 54112
51722 54089
51808 53619
51864 53583
51884 54005
51894 53522
51908 53990
51958 53511
51985 53931
52057 53902
52058 53901
52100 54395
52123 54138
52124 54136
52125 54137
52164 54359
52228 54313
52237 54024
52239 53587
52251 54009
52263 54273
52267 53999
52331 53969
52332 53968
52382 54569
52451 54346
52459 54511
52460 54512
52486 54502
52494 54047
52505 54484
52536 54244
52601 54584
52628 54527
52661 54508
52678 54296
52681 54290
52682 54291
52705 54467
52724 54603
52751 54667
52771 54742
52775 54646
52778 54652
52783 54501
52791 54638
52795 54493
52798 54722
52812 54712
52832 54694
52847 54807
52859 54653
52861 54647
52868 54640
52896 54815
52909 54836
52913 54833
52922 54829
52938 54874
52943 54871
52948 54841
52970 54865
52973 54862
52974 54827
