1269
1494 29638
1963 19234
2079 19168
2096 17391
2167 18368
2207 18765
2247 18543
2790 16852
2865 16967
3341 46121
3592 17890
3799 17047
4255 15617
4443 17097
4484 16160
4546 15927
4589 15908
4620 16018
4655 28358
4671 16954
4847 16673
4908 16137
5129 16489
5458 7013
5548 15930
5799 15729
5811 15788
6118 14577
6119 14576
6142 14563
6195 15362
6225 27664
6269 14462
6294 14462
6301 14738
6433 14181
6463 14265
6516 14221
6517 14220
6580 14120
6587 14106
6609 14085
6626 14044
6646 14025
6734 13566
6735 13567
6764 13876
7022 9332
7243 14571
7331 26596
7399 13809
7402 14305
7406 27576
7421 14275
7464 14366
7956 13905
8159 13645
8161 13261
8287 12071
8425 10147
8438 13469
8491 12890
8513 12864
8514 12859
8522 25834
8558 25848
8680 12728
8690 25609
8746 12738
8811 12602
8927 12764
9099 11471
9105 13212
9118 11428
9119 11427
9123 25924
9124 25923
9160 11363
9242 12318
9272 11333
9317 12148
9359 26368
9377 12204
9388 25230
9392 26297
9422 25739
9502 26554
9503 26553
9699 11734
9725 11777
9726 11776
9873 25642
10097 25416
10105 11549
10161 25302
10453 11367
10576 10454
10637 11248
10857 24446
10897 24855
10982 24787
10997 24631
11007 24381
11043 24618
11262 24180
11281 33545
11374 8358
11375 8357
11379 8350
11408 9653
11536 8010
11651 23929
11652 23930
11662 9713
11665 23931
11695 23923
11740 10097
11743 9347
11814 7099
11984 9063
11985 9062
12109 8069
12121 9739
12165 7794
12256 23552
12383 24341
12519 23131
12574 6460
12607 8815
12773 23102
12791 9087
12898 22981
12899 22980
12920 5543
12921 5544
13002 22424
13007 22887
13036 22982
13151 22774
13318 22575
13560 32282
13654 32190
13774 32134
13785 22205
14152 23611
14517 4759
14518 4758
14728 6713
14983 4418
15056 6401
15395 3207
15532 21052
15563 2923
15640 21465
15834 2593
15884 1153
15936 20433
16000 20070
16038 20039
16083 2529
16093 20404
16110 21948
16283 30558
16306 1360
16395 21756
16435 20071
16458 3661
16517 20535
16532 3638
16533 3637
16537 818
16538 817
16599 21648
16700 3974
16730 1843
16805 21473
16806 21472
16847 21445
16861 30591
16862 30590
16952 19650
16953 19649
17072 322
17087 21551
17181 4354
17189 20372
17216 3601
17253 5118
17295 19468
17296 19467
17453 1080
17489 19898
17520 21115
17540 3059
17703 1400
17722 1890
17906 3517
18066 4433
18104 4138
18110 835
18179 20860
18259 945
18844 29938
18913 25204
19346 19090
19465 5138
19508 29720
19559 29300
19588 29912
19630 29873
19690 30189
19705 30102
19729 19057
19763 19147
19786 19100
19863 29950
19948 18750
19970 29915
20014 29784
20087 28905
20288 18318
20295 18197
20339 36838
20379 17990
20384 29537
20482 17833
20530 17821
20548 17763
20568 17091
20569 17089
20629 17731
20820 28512
20928 17165
20983 17044
21033 28737
21120 16895
21198 16778
21388 15055
21405 16056
21464 15928
21466 27985
21511 27286
21557 15411
21697 27780
21867 14548
21868 14547
21995 27234
22013 27490
22112 15009
22140 27665
22151 15014
22183 27263
22219 27253
22298 14794
22299 4282
22459 14538
22464 27308
22547 27455
22568 27196
22587 35606
22680 14230
22868 35465
22869 35464
22945 26803
23019 27130
23054 34999
23284 26127
23330 26602
23360 26579
23361 26580
23413 26541
23441 12724
23460 26036
23534 26460
23545 13115
23560 26404
23607 12378
23630 12347
23752 26762
23753 26191
23908 11924
24202 34370
24258 33509
24316 25677
24328 33747
24338 34547
24340 34546
24342 25812
24382 25313
24428 11085
24479 33990
24494 25226
24562 33692
24563 33691
24566 34472
24683 33595
24687 33690
24736 33553
24737 33552
24778 34151
24840 34178
24849 10529
24869 34033
24873 33474
24898 10390
24914 33405
24939 34045
24962 33364
24988 25251
25016 33980
25035 33298
25066 40164
25105 24908
25205 24797
25336 33271
25410 24108
25446 32983
25500 32954
25501 32739
25522 24626
25615 24109
25673 32686
25699 22467
25777 32628
25866 32457
25955 32373
25975 23244
26027 32995
26049 32384
26140 32179
26277 23617
26351 23524
26437 23591
26460 23586
26526 39480
26551 7949
26641 31446
26658 22200
26726 23272
26755 38790
26792 23172
26947 32346
26956 31852
27008 22768
27009 22767
27023 31432
27072 21000
27119 22636
27205 31292
27207 22739
27239 22386
27291 31158
27372 30869
27383 20561
27398 31700
27457 20875
27521 20654
27538 22119
27541 31005
27698 38440
27896 30439
27989 20276
28003 20301
28098 19500
28176 30667
28212 21352
28217 21865
28256 20019
28257 20018
28329 21119
28392 5118
28420 20119
28666 21381
29581 37901
29628 37403
29682 37974
29711 30062
29762 37798
29767 29964
29785 37245
29788 18856
29845 29920
29849 29954
29924 29579
29939 29796
29995 37547
30002 37731
30029 37748
30034 29701
30122 29597
30129 37065
30148 42569
30154 29543
30160 18106
30177 29200
30178 29199
30236 29426
30253 37523
30294 36938
30302 29370
30303 29369
30321 29376
30335 17770
30366 29254
30412 29226
30413 29225
30418 29209
30419 29210
30422 18691
30452 17438
30453 17437
30472 17389
30536 29045
30598 28672
30638 37175
30687 28803
30699 16767
30723 37119
30797 36750
30812 28833
30851 37060
30862 36644
30892 28689
30893 28688
30931 16456
30991 28175
30992 28174
31019 36510
31083 28372
31086 36868
31154 36693
31268 42017
31326 36251
31351 36333
31364 27736
31377 36236
31391 36221
31459 42200
31470 36120
31566 35810
31688 27718
31708 35783
31711 27599
31751 36007
31757 36156
31858 27476
31902 35527
32008 41336
32013 35798
32025 41466
32188 26972
32236 27159
32287 41326
32298 26647
32330 41255
32367 35006
32373 41090
32408 41227
32503 35000
32544 35296
32546 35308
32610 35290
32612 34828
32616 35284
32671 35201
32708 35129
32714 35141
32828 34602
32831 34962
32846 40975
32861 40923
32895 34432
32916 40877
32952 34984
32968 40529
32990 34642
33050 34873
33075 25794
33089 44870
33092 25795
33114 34849
33115 33661
33168 34076
33200 40200
33212 40834
33238 33968
33297 40395
33311 34699
33349 34317
33383 34146
33386 33567
33387 40293
33388 40292
33432 40636
33467 40261
33475 34091
33480 40628
33512 34211
33521 40201
33542 40184
33564 32878
33565 40792
33567 25191
33571 33982
33578 40118
33609 34290
33619 39943
33655 40525
33656 40524
33674 40106
33676 40106
33699 39994
33762 39964
33767 40005
33809 33948
33818 34403
33844 39950
33876 40253
33878 39879
33886 39863
33913 33612
33953 44519
34068 33712
34069 33711
34196 39592
34251 33627
34296 33487
34297 33486
34299 39539
34335 32064
34367 39465
34400 39407
34565 39033
34654 44117
34668 23477
34745 33362
34757 31744
34814 31463
34847 31548
34892 32614
34931 39733
34938 32810
35042 32465
35166 38809
35229 39060
35230 39059
35234 38337
35251 38447
35260 31231
35265 38422
35339 39371
35379 13126
35528 38198
35542 30447
35557 38534
35642 38143
35648 38115
35683 39195
35684 39194
35701 38187
35724 30750
35726 39041
35822 39099
35914 31110
36015 38544
36397 43222
36450 43176
36511 43028
36702 43260
36746 42939
36785 42778
36834 43258
36839 37959
36855 43162
36860 42800
36878 37992
36893 37873
36899 42880
36902 46628
36913 42728
36940 42839
36953 43005
36963 42720
36990 46422
37030 37731
37071 37705
37151 42706
37153 37436
37181 29463
37246 42751
37247 37492
37266 37431
37327 36902
37331 42858
37463 37199
37472 42710
37493 42439
37531 37184
37532 37183
37539 42617
37542 46033
37543 46032
37552 37167
37555 46110
37577 46090
37587 42371
37647 37060
37697 46174
37735 36942
37748 36924
37753 46112
37770 10103
37811 36814
37923 42078
37943 42064
37944 42063
37996 36565
37997 36312
37998 36313
38016 42153
38056 42198
38102 41939
38189 36366
38197 45865
38248 42079
38257 41911
38316 48672
38325 41649
38483 45604
38492 45600
38511 35874
38527 35846
38558 35981
38559 35980
38567 35818
38589 28198
38597 45388
38643 35906
38707 45447
38714 41133
38751 45277
38809 41254
38841 41236
38854 35396
38855 35323
38888 35299
38891 41406
38940 41073
39012 45278
39059 44970
39071 45244
39108 44898
39127 44878
39131 48024
39152 40826
39212 40727
39213 48013
39223 7541
39298 45175
39315 40814
39335 40263
39348 40784
39363 40415
39396 34623
39397 34622
39400 44833
39405 40694
39407 40804
39421 45071
39440 44809
39464 45120
39467 44768
39477 44586
39478 40661
39488 47938
39502 47932
39504 45020
39520 45076
39539 40792
39577 34754
39582 44662
39592 44983
39593 40097
39604 44973
39608 40633
39641 44945
39642 44944
39659 40583
39704 40534
39705 44551
39711 40431
39712 40425
39731 44476
39740 40490
39754 40267
39810 44496
39811 44495
39868 44337
39869 44336
39893 40394
39906 47622
39917 40231
39925 44419
39929 33643
39965 44653
40057 39977
40139 40143
40149 44521
40158 3500
40204 44008
40209 43999
40229 44050
40238 44117
40243 33514
40251 44572
40267 44097
40285 13725
40334 39011
40374 43804
40384 39935
40405 32876
40430 38905
40484 39701
40485 39700
40549 43832
40582 43815
40591 39133
40653 39493
40658 38819
40733 39501
40764 39326
40765 39325
40777 39396
40795 43896
40799 39371
40855 38294
40858 43457
40915 32030
40967 38521
40977 43424
40978 43439
40986 43595
40987 43594
40991 38491
40992 38490
41005 38493
41010 47065
41062 43833
41080 43421
41120 43394
41122 43337
41143 31912
41203 39297
41225 39263
41268 43609
41290 30837
41305 43590
41656 46897
41753 46748
41777 46831
41788 46822
41789 46821
41795 46693
41802 46630
41822 46795
41823 46794
41849 43221
41852 46576
41868 46592
41873 46761
41925 46483
41946 43087
41948 43067
41953 46464
41955 46787
41958 43053
41971 46665
41972 43041
42012 42983
42027 46739
42050 42881
42091 42776
42109 37474
42110 37473
42136 46614
42240 42740
42241 46323
42250 42598
42251 46366
42284 48989
42312 49122
42321 42704
42323 46255
42327 42721
42342 42681
42353 42682
42378 46245
42390 48968
42456 46233
42470 42425
42484 46205
42536 42400
42565 42364
42566 46044
42575 46113
42618 42300
42619 46062
42647 46039
42701 42211
42732 42164
42736 46013
42746 48826
42793 42124
42908 41950
43003 45764
43035 48590
43054 45820
43135 45683
43142 41526
43143 41525
43167 48411
43185 41521
43200 41509
43218 45263
43228 45251
43244 45590
43246 48331
43265 45583
43266 45584
43276 41397
43281 48453
43282 45592
43318 45304
43325 45298
43326 45299
43343 45316
43344 48315
43480 48041
43490 48222
43504 45227
43571 45162
43572 45163
43579 48042
43634 48183
43658 48159
43675 47950
43678 45183
43684 50491
43725 48148
43728 45083
43749 48127
43751 45056
43752 47889
43753 47890
43762 40716
43764 45041
43787 47914
43791 50277
43799 47816
43804 48031
43813 44969
43815 48033
43820 47812
43824 44895
43843 44981
43844 44980
43945 47725
43960 47702
43982 47908
44064 47497
44085 47533
44098 47523
44105 44676
44106 44675
44110 44410
44113 44742
44139 47414
44156 40016
44183 47369
44184 47368
44209 44612
44220 47345
44222 47791
44276 44279
44277 43899
44355 47260
44368 44313
44369 44312
44377 43752
44398 43815
44401 43813
44419 47458
44425 43787
44428 44307
44430 43777
44464 47244
44483 47145
44552 47076
44571 49675
44578 47043
44588 47033
44592 49650
44594 47044
44617 47279
44618 47278
44622 43418
44648 47065
44668 47140
44669 47139
44689 43371
44698 47008
44699 47009
44725 46953
44818 39259
44830 44151
45031 49442
45091 49459
45104 49525
45129 51341
45224 49394
45262 43221
45283 49445
45298 49408
45299 49403
45301 46832
45309 49489
45332 49478
45344 49460
45357 46768
45358 46767
45401 46721
45405 51185
45425 49311
45429 49388
45450 49291
45458 42826
45497 46467
45514 49201
45518 46583
45520 46564
45524 46399
45538 46425
45551 46524
45570 46391
45598 50996
45611 49185
45627 46376
45725 46318
45767 48935
45769 46146
45792 46236
45828 46176
45860 48981
45883 46111
45892 48828
45896 46088
45940 46095
45954 48952
45973 50906
45985 46016
46011 48690
46025 48734
46051 50828
46058 41942
46209 50727
46220 48511
46231 50660
46255 45636
46264 48374
46302 45588
46303 48466
46311 48613
46328 45564
46350 48268
46360 48619
46432 48535
46482 45408
46505 50516
46577 50397
46585 50548
46599 50389
46600 50388
46602 48232
46605 48262
46615 48358
46617 50492
46625 48176
46630 50499
46659 48261
46669 50269
46675 50331
46676 50330
46699 50325
46704 48109
46715 50304
46721 50212
46728 48083
46742 50278
46758 50410
46763 50244
46767 48114
46768 48113
46821 50185
46828 48084
46833 50119
46912 47829
46948 49976
46994 47402
47005 47385
47036 50262
47053 44538
47069 47764
47137 50178
47169 49981
47186 49834
47273 50060
47335 47299
47361 46995
47447 46965
47448 46966
47481 44196
47533 47372
47757 14666
47801 51344
47815 51231
47835 51251
47851 51374
47858 49520
47870 51314
47871 51313
47883 51303
47887 49495
47893 52485
47894 49470
47900 51184
47930 49405
47942 51185
47951 51273
47957 52471
48017 49201
48077 49240
48138 51042
48243 49003
48266 48977
48278 48961
48279 50985
48287 51018
48304 50914
48337 48915
48402 50807
48433 52137
48460 48695
48470 48676
48478 50655
48484 50660
48500 52142
48520 45736
48550 50769
48551 50759
48552 50759
48564 48599
48592 52076
48606 50695
48607 50694
48617 50706
48621 50707
48632 48520
48657 52016
48662 51893
48715 50548
48726 48322
48727 51951
48736 50606
48738 51889
48754 51880
48782 51873
48791 50441
48800 51834
48802 50433
48803 51941
48818 51792
48819 51783
48823 51825
48824 51824
48832 51928
48833 51811
48836 50468
48844 51760
48887 48084
48916 51856
48917 51747
48943 50005
48967 51662
48984 49955
48985 49954
49052 51583
49115 51586
49151 51492
49152 51491
49208 50118
49209 51510
49217 51461
49218 51460
49222 51500
49223 51499
49255 52782
49258 50043
49290 51446
49312 49619
49556 52589
49597 52515
49604 52522
49605 51355
49606 52605
49612 53399
49613 53398
49620 51327
49621 51328
49623 51330
49633 51317
49678 52558
49692 51250
49710 52479
49743 51183
49819 52446
49847 51064
49859 51052
49880 51037
49887 52289
49892 52313
49899 53252
49919 52356
49922 48921
49949 50951
49959 52217
49973 53172
49974 53171
49992 52186
50036 52114
50081 52188
50100 52103
50108 52099
50119 53126
50146 51986
50171 53031
50190 50679
50192 52111
50194 52098
50205 52124
50234 52035
50242 52019
50243 52020
50276 50579
50289 53049
50295 53043
50303 52005
50304 51852
50311 52968
50338 52943
50381 52921
50386 52915
50399 51891
50408 52929
50420 52853
50428 52829
50500 51614
50501 50144
50503 52747
50519 52776
50572 53562
50602 52678
50627 51472
50631 51403
50651 52731
50655 51686
50783 52648
50799 53484
50811 53469
50821 52629
50822 53463
50849 53436
50851 52563
50854 53432
50880 52528
50906 52507
50943 52452
50963 53332
51001 53316
51005 52385
51006 52377
51018 53262
51020 51015
51029 53242
51030 53241
51044 53820
51090 53170
51093 53228
51096 53250
51097 53251
51103 52302
51104 52301
51108 53212
51185 52156
51186 53152
51190 53133
51210 53704
51215 52083
51227 53669
51242 53705
51251 53052
51258 53074
51275 53057
51291 53011
51346 52850
51360 53568
51398 52789
51413 52767
51443 53562
51465 52876
51599 54268
51613 53896
51640 53446
51670 53408
51751 14638
51773 53795
51804 52281
51808 53788
51825 53186
51864 53734
51894 54095
51972 53997
51996 53979
52164 54196
52178 54199
52228 54123
52237 54111
52309 54001
52331 54038
52332 54037
52431 53871
52435 54458
52466 54180
52483 54434
52486 54581
52494 54139
52500 54425
52515 54403
52603 54499
52614 54728
52628 54608
52661 54585
52705 54538
52752 54622
52761 54611
52777 54703
52778 54711
52779 54589
52783 54578
52791 54693
52795 54569
52878 54838
52880 54837
52887 54764
52908 54810
52913 54869
52922 54896
52931 54886
52969 54906
52972 54902
