2833
48 1135
55 2105
70 2218
71 2219
76 2144
93 2163
113 2254
114 2255
155 2331
172 19991
179 20167
191 2358
212 2521
227 20057
230 19900
231 20174
234 20190
256 20078
259 2225
295 20217
340 20236
341 20237
342 20191
343 20192
352 1732
353 20168
437 20320
443 2700
445 2578
468 2773
486 20259
497 20146
501 2685
514 2651
553 2796
554 2797
616 2880
630 2751
637 2200
638 20367
699 20227
738 2915
801 2954
818 3009
819 20459
839 2738
840 2727
847 20771
859 20474
870 3036
903 2815
911 20417
923 20621
936 3129
961 20398
964 2385
972 3148
1120 20971
1151 3348
1186 3385
1323 5481
1363 3564
1364 3565
1397 20821
1403 3471
1461 21185
1469 3635
1470 3636
1513 3778
1550 4010
1569 3762
1579 4040
1595 21288
1627 3858
1641 20986
1647 3813
1654 3303
1697 4065
1732 3915
1763 21067
1768 3979
1787 21039
1831 21068
1880 4077
1887 4177
1918 21177
1976 4193
1988 4296
2079 4516
2171 4587
2172 5151
2173 5152
2207 21463
2217 4623
2224 4473
2250 4462
2314 21517
2316 4922
2337 21405
2385 4055
2403 5157
2417 21459
2480 21496
2490 21491
2495 5311
2514 21535
2535 21478
2634 4221
2726 21530
2897 5189
2901 5429
2925 5796
2955 21639
3008 21592
3070 21410
3098 4882
3099 4883
3166 21920
3230 22126
3231 22127
3235 22018
3246 5756
3328 22064
3365 5695
3385 22193
3453 20797
3458 22157
3566 6242
3567 6243
3578 6019
3579 6020
3592 21934
3613 6064
3649 6534
3682 5570
3683 5571
3692 22534
3694 6306
3735 46442
3763 5831
3788 22443
3799 6323
3814 6549
3817 6423
3868 6479
3874 5283
3885 22459
3933 6637
3968 6664
3982 6618
3986 22698
3987 22699
3991 5854
4019 6657
4051 5924
4107 6325
4116 6975
4154 22657
4247 6509
4249 7117
4256 6531
4287 6573
4389 7119
4394 6084
4420 7132
4437 22352
4478 7186
4498 7226
4526 7238
4537 6607
4538 6608
4567 7669
4607 7296
4644 7381
4655 7148
4681 22861
4723 23027
4747 7491
4766 22990
4770 7527
4800 8040
4805 7571
4819 7267
4820 7268
4822 7165
4835 7191
4911 7471
4932 7712
5065 7144
5070 7644
5075 7138
5097 6635
5127 7977
5147 6964
5168 23215
5247 8126
5249 7807
5250 7808
5258 23259
5313 23462
5391 7967
5403 8184
5431 8304
5440 8079
5449 8096
5459 27592
5529 8456
5550 8465
5567 8043
5573 7801
5633 8292
5639 8316
5711 8508
5796 8597
5811 8707
5820 8691
5859 8349
5889 8477
5936 23742
6075 8951
6108 8704
6119 8709
6138 23686
6156 23842
6157 8756
6260 8914
6301 9092
6325 23882
6366 9162
6405 8959
6414 9326
6415 9385
6489 8961
6516 9210
6532 9462
6552 9178
6557 24103
6560 33172
6581 9284
6616 9669
6729 9506
6764 9485
6793 9469
6796 9367
6797 9508
6798 9509
6865 9447
6866 9448
6883 9438
6982 9679
7080 5990
7191 9707
7196 9708
7243 9741
7253 10148
7341 9786
7410 10068
7493 10243
7499 10228
7629 24580
7724 11143
7742 10214
7748 10578
7991 10677
8034 10919
8043 10348
8097 10444
8144 11400
8159 10867
8161 11416
8166 11441
8170 10439
8194 10903
8204 10918
8242 10966
8294 10900
8307 11043
8491 11785
8503 11113
8513 11807
8575 11264
8578 11191
8587 11198
8653 11964
8671 11949
8684 11620
8690 11089
8742 11383
8769 11169
8899 11814
8901 12165
9033 12087
9089 11241
9103 12194
9104 12195
9120 11786
9183 12238
9210 11356
9244 11798
9310 12172
9311 12564
9313 25411
9367 12168
9374 12244
9388 11823
9425 46786
9442 12311
9460 11598
9493 12782
9521 11128
9555 11693
9582 11679
9658 12813
9812 12454
9824 12668
9826 13057
9912 12700
9995 12804
10071 12657
10098 12290
10177 12760
10430 12613
10474 13282
10576 13506
10577 13507
10603 13357
10699 12773
10706 12549
10816 13549
10857 13158
10981 13410
11007 13287
11094 26219
11107 13472
11157 14136
11187 14153
11200 13427
11220 13578
11223 13435
11262 13455
11311 13081
11321 26563
11335 13565
11336 13566
11374 13603
11375 13604
11379 13602
11382 14334
11387 13728
11390 13635
11391 13159
11408 14329
11417 13965
11442 13857
11483 14276
11484 14189
11491 14195
11492 14196
11503 14199
11530 14503
11556 14476
11592 13860
11611 13900
11612 13901
11652 13887
11690 27081
11693 14114
11800 14098
11806 14700
11820 14745
11866 14115
11889 14133
11961 14709
11963 14711
11966 14866
12066 14278
12211 14203
12274 14661
12355 15016
12391 14602
12392 14603
12409 14737
12459 15199
12468 14706
12566 15486
12693 14937
12694 14938
12713 15354
12719 14929
12803 15708
12829 15101
12830 15102
12849 15752
12850 15753
12868 15722
12892 15920
12920 14829
12921 14830
13045 27533
13056 15831
13129 15945
13337 15559
13404 15986
13548 16088
13585 16082
13728 16840
13820 16401
13828 15994
13836 15833
13881 16394
13897 16841
13936 16545
14077 17034
14094 17043
14152 16750
14213 28014
14216 16747
14312 16922
14399 16944
14402 17350
14408 17190
14426 17375
14570 17148
14684 17524
14685 17639
14686 17640
14725 28340
14745 28319
14750 16941
14798 17552
14815 17371
15078 17637
15143 17298
15249 17399
15250 17400
15262 17993
15271 18112
15277 17308
15278 18016
15281 28679
15321 17472
15554 17170
15559 17821
15567 29055
15634 18122
15693 17832
15735 17864
15736 18976
15940 18443
15979 18201
16033 18185
16049 18457
16240 18632
16241 18549
16384 18138
16468 18358
16977 18542
17063 14611
18535 19767
18537 30112
18538 20047
18539 20048
18545 20127
18581 30088
18583 30105
18592 20206
18594 30122
18595 30123
18596 19905
18608 19938
18612 20109
18623 19662
18629 20122
18641 30136
18656 30286
18660 20274
18673 20005
18674 30384
18688 19767
18718 20032
18719 20033
18724 19805
18771 20134
18776 20299
18803 2717
18804 19947
18812 20415
18814 30476
18825 30365
18835 2632
18842 30407
18844 19883
18845 19884
18855 30461
18865 30433
18888 20452
18919 30520
18929 3172
18933 20544
18983 30430
18992 30501
19031 30466
19054 20511
19077 20677
19094 30601
19105 20224
19128 20696
19129 20697
19146 30565
19167 30896
19193 30694
19252 20843
19264 20870
19295 31046
19308 20958
19309 20959
19344 30881
19413 20992
19414 20993
19416 21054
19421 21334
19424 30905
19438 25255
19467 30973
19468 30974
19479 21387
19525 30969
19541 31003
19575 21633
19594 21202
19606 21245
19607 21166
19625 20847
19630 21235
19651 21232
19668 31064
19673 21513
19702 21318
19703 21319
19706 21425
19727 21290
19731 31238
19734 31350
19747 31162
19758 4726
19763 31180
19767 21376
19776 49600
19786 21411
19810 21435
19894 31501
19907 31511
19960 31080
19987 21714
19993 21965
20001 21708
20022 31396
20040 21589
20061 21610
20092 21577
20105 22087
20118 21906
20123 21443
20152 21850
20206 31521
20271 21701
20290 22016
20312 22049
20333 22199
20342 31727
20345 21802
20380 22267
20398 31692
20429 31717
20470 31653
20471 21946
20508 22112
20513 31822
20569 22383
20615 31894
20670 31953
20675 31927
20676 31928
20689 22526
20709 31964
20710 22587
20716 22600
20717 22601
20721 22566
20862 32080
20897 22777
20910 22778
20999 22807
21033 32256
21034 22907
21098 22644
21099 22645
21119 22947
21135 7608
21157 22710
21167 23106
21197 23142
21199 7707
21226 23241
21258 23026
21270 22960
21315 23320
21367 32560
21386 8118
21387 8119
21405 23434
21414 23323
21415 23324
21429 32300
21436 7991
21445 23415
21466 23366
21479 23541
21511 22943
21557 23613
21563 23562
21565 23376
21570 23578
21597 32773
21598 23597
21631 23631
21632 23632
21697 23587
21699 23524
21849 23862
21861 23869
21915 23852
21963 8853
21994 32911
21995 32912
22012 23808
22104 24218
22131 24072
22140 24266
22174 24151
22177 24159
22183 24118
22203 9377
22248 24324
22253 24415
22323 24598
22347 24340
22441 24418
22447 24400
22529 24808
22530 24809
22687 24520
22717 24489
22748 24514
22771 25150
22778 25153
22779 10170
22780 24692
22794 24569
22805 24554
22869 24803
22901 24683
22917 24700
22918 24701
22921 24986
22922 24987
22971 24881
22989 24969
23019 24827
23097 10647
23098 10648
23150 25185
23151 25186
23235 33953
23331 25581
23336 25398
23342 10956
23399 25648
23410 25429
23452 25684
23469 25483
23544 25789
23560 25818
23561 25819
23562 25498
23570 25229
23586 25729
23587 25730
23590 25848
23606 25651
23607 25652
23654 25683
23689 25678
23702 25704
23753 26011
23774 25782
23806 25672
23816 25416
23825 12471
23858 25912
23870 12509
23879 25929
23895 25787
23900 25923
23905 26200
23911 25539
23915 26209
23920 26210
23956 25951
24046 26090
24056 26110
24063 25991
24064 25992
24066 25997
24084 26107
24086 34569
24098 12739
24104 25697
24120 25964
24156 13770
24157 13771
24214 12739
24245 26308
24251 26648
24262 26278
24290 26076
24296 26181
24302 14052
24303 13100
24315 13380
24319 34784
24322 26750
24331 26425
24339 26523
24345 26264
24366 13183
24378 26459
24381 25904
24382 26552
24412 26233
24421 13866
24463 26398
24484 26479
24540 13449
24556 26029
24562 26347
24563 26348
24566 14053
24641 26497
24643 26783
24663 26504
24664 26505
24675 26447
24683 26469
24687 34829
24706 26540
24714 13046
24736 26502
24737 26503
24750 26579
24767 26553
24808 14330
24815 26555
24865 26607
24897 14261
24905 14135
24935 26732
24939 14571
24974 14445
25006 14517
25016 27096
25035 14082
25044 14518
25048 14716
25100 14836
25140 26826
25175 27117
25176 27118
25180 15000
25186 35423
25205 14739
25207 35177
25224 14942
25248 26759
25255 35393
25278 27350
25412 27221
25446 27176
25454 27404
25495 27510
25503 27171
25522 15313
25560 27242
25600 27486
25617 15665
25618 15403
25619 15404
25661 15920
25673 27395
25691 27850
25737 15795
25845 27527
25864 27554
25866 15496
25867 15497
25955 35725
25958 27799
25975 27822
25976 27823
25981 27826
25982 27827
26062 27737
26066 16161
26147 27683
26148 27684
26293 16575
26359 28266
26365 16565
26366 16666
26371 28195
26437 28276
26465 36257
26497 28404
26510 17015
26526 28400
26535 17029
26540 28453
26550 17190
26552 16937
26571 17076
26599 28539
26605 28105
26636 17188
26651 28532
26658 28536
26667 17258
26726 17247
26748 28363
26761 36518
26788 28845
26864 17490
26893 28672
26901 17520
26902 17521
26907 17569
26918 28751
26936 17574
26947 18036
26953 17591
26956 17838
26968 17657
26969 17658
26988 28471
27005 17703
27008 17712
27009 17713
27016 36359
27156 29080
27163 28863
27166 17986
27179 28924
27207 28993
27226 29204
27291 17812
27298 18294
27307 18445
27357 28891
27383 18004
27457 29090
27495 29252
27515 29269
27674 29164
27688 29138
27689 28945
27727 29233
27778 17708
27783 18643
27858 29207
27879 29205
27880 29206
27984 29181
28923 30205
28934 29962
28939 30210
28945 30257
28951 30312
28954 37528
28967 30285
28986 37629
28987 30308
29011 30179
29012 30180
29031 30351
29037 37644
29050 37695
29061 30372
29063 30250
29074 37607
29075 37678
29102 30498
29113 30468
29118 30545
29127 37811
29137 30203
29148 30575
29174 30437
29179 30320
29185 30450
29200 37870
29214 37739
29221 30502
29231 37903
29239 30761
29251 37936
29281 30568
29296 30650
29337 25255
29341 30616
29345 42946
29353 38140
29372 37866
29385 30658
29399 38177
29400 38055
29404 37910
29410 30807
29415 30697
29416 30698
29449 30847
29456 30739
29463 30827
29466 30981
29467 30982
29480 38051
29482 38048
29486 30854
29497 21240
29502 31014
29517 20829
29547 30919
29558 38004
29559 37973
29570 30956
29581 38158
29583 37956
29595 31103
29597 30969
29613 31017
29623 31135
29668 31167
29674 38231
29725 38278
29769 38422
29776 31392
29788 31428
29805 37623
29934 31298
29936 38412
29938 38303
30024 31666
30049 31553
30059 31565
30060 31566
30101 31643
30109 38568
30118 31482
30138 38556
30139 38557
30154 31423
30159 31755
30160 31756
30173 31674
30174 21848
30177 31675
30178 31676
30197 38608
30201 31763
30218 38656
30224 31531
30227 31635
30228 31785
30232 38691
30233 38692
30275 31574
30294 31589
30302 31607
30303 31608
30311 31600
30329 31471
30338 31652
30340 31645
30366 38830
30394 38775
30401 32000
30431 32024
30451 31815
30472 32091
30473 32092
30509 32121
30510 32122
30555 32144
30556 32145
30574 32260
30588 32192
30607 32028
30611 22725
30615 32053
30653 32241
30667 32237
30721 39021
30723 38896
30751 38944
30762 32341
30770 32339
30772 38981
30797 32258
30855 32283
30883 32306
30891 32200
30920 32410
30931 32608
30934 32554
30945 32580
30948 32594
30966 39201
30969 32577
30991 32590
30992 32591
31001 32541
31011 32332
31032 32641
31033 32642
31040 32524
31080 32710
31086 32717
31135 32820
31139 32787
31147 32810
31166 32584
31176 33155
31180 33141
31184 32682
31223 32873
31233 32796
31268 39323
31285 32788
31314 39318
31331 39404
31338 32879
31347 32996
31364 32990
31369 32955
31376 23979
31377 32957
31382 33010
31391 23914
31401 32919
31411 33017
31416 33078
31425 39456
31433 32979
31464 33118
31468 39600
31470 33092
31478 39450
31479 33085
31487 39447
31500 32840
31513 33035
31519 33294
31546 33308
31554 33327
31576 33344
31578 33345
31603 24588
31606 24598
31611 33269
31663 33275
31675 33523
31680 18295
31695 33028
31742 33322
31757 33630
31767 33504
31779 33336
31794 24475
31817 33372
31822 33684
31827 33413
31862 33441
31878 33464
31888 33362
31905 33488
31912 33418
31934 33513
31950 33877
31975 33534
32013 33900
32025 33601
32037 33641
32038 33642
32043 33591
32079 33585
32080 33756
32122 33668
32124 24885
32125 24886
32133 33780
32188 33870
32189 33871
32217 33899
32240 33866
32271 34066
32287 33894
32298 25537
32312 34199
32313 34200
32318 25252
32352 34244
32382 33962
32385 25519
32386 25520
32406 34042
32448 33849
32477 34046
32497 25140
32499 34364
32509 17297
32561 34295
32591 34224
32592 34225
32616 34352
32652 34401
32659 34582
32665 34578
32672 25695
32726 25845
32740 26059
32768 34666
32846 34477
32850 34598
32891 25945
32895 25979
32916 40446
32917 34543
32930 34894
32968 40357
33001 34967
33007 26631
33047 34773
33061 34533
33100 34730
33109 26322
33122 34465
33123 34458
33167 34781
33168 34782
33226 26482
33238 34835
33241 35065
33269 34811
33274 26771
33321 34901
33322 34848
33357 26778
33383 35179
33386 34915
33387 34905
33389 34911
33422 26973
33432 35217
33434 34795
33450 34813
33471 35167
33476 40937
33512 26940
33521 35055
33531 26978
33537 35218
33542 35083
33565 35277
33567 27026
33568 35117
33581 35298
33611 35408
33617 35307
33632 26864
33634 35329
33635 35330
33636 27193
33655 35445
33656 35446
33667 35169
33674 35208
33676 35208
33687 27194
33719 35262
33730 27439
33753 27331
33760 35444
33770 27308
33782 27364
33814 35491
33818 35611
33852 35528
33880 27562
33901 27502
33926 35573
34000 27574
34001 27575
34030 35394
34055 35736
34056 41259
34106 41371
34111 27831
34173 35809
34174 35668
34226 27951
34246 35710
34278 35767
34296 35956
34297 35957
34308 35969
34316 28108
34357 27739
34399 28036
34414 28089
34422 28115
34433 27727
34464 36077
34507 36127
34567 36329
34614 36242
34655 36053
34697 36108
34701 36362
34702 36363
34703 36364
34712 36317
34718 36380
34744 36424
34745 36425
34751 28596
34793 36554
34796 36523
34814 36230
34819 28739
34838 28846
34843 28764
34847 36312
34873 36365
34887 36612
34888 36613
34889 36568
34892 28708
34894 36656
34914 36603
34931 36537
34943 36396
34944 36543
34952 28566
34956 36627
34958 36357
34973 28790
34990 28823
34995 36409
35021 28850
35022 28851
35042 28873
35045 36684
35062 29106
35086 28997
35114 36742
35134 29221
35181 36467
35182 36468
35193 29224
35204 36757
35228 36833
35263 36564
35290 36858
35304 36717
35395 36782
36274 37533
36283 42563
36285 42509
36289 37632
36290 37633
36295 42482
36302 42577
36322 37645
36341 37403
36354 37644
36382 42653
36383 42654
36384 42628
36405 37723
36410 37607
36417 37670
36426 37732
36431 37501
36437 37793
36455 37706
36460 42770
36487 37835
36490 42719
36495 37790
36509 42707
36514 42686
36516 42775
36520 37801
36521 37807
36527 37821
36528 42892
36533 42731
36543 37903
36544 37906
36546 37852
36554 37860
36555 37861
36559 37855
36562 37988
36571 42703
36587 42834
36596 37994
36607 42946
36611 37948
36614 42806
36624 37858
36638 37976
36649 37984
36662 30789
36675 42939
36685 38120
36694 42894
36698 37981
36702 42905
36714 38161
36718 38038
36734 30993
36741 38100
36750 38133
36756 38134
36764 38147
36784 42914
36789 38174
36792 38198
36797 38203
36798 43054
36801 43032
36825 38361
36827 42985
36832 38241
36836 38253
36839 38293
36845 38232
36860 42917
36862 38328
36872 38336
36899 42991
36901 43151
36902 43003
36914 38454
36918 38284
36992 38412
37025 38567
37044 43291
37046 43198
37090 38396
37095 43264
37130 43294
37139 43267
37146 38442
37154 38574
37176 38589
37184 31489
37193 38492
37216 38666
37233 38661
37239 38541
37246 38669
37247 38550
37250 38705
37253 38592
37264 38746
37266 38633
37276 38727
37277 38723
37285 38742
37304 38593
37305 38786
37327 38648
37346 38800
37351 38789
37357 38840
37366 38671
37403 38725
37404 39013
37411 38819
37418 38932
37442 38628
37468 38943
37473 22904
37481 39024
37482 38953
37493 43530
37525 39032
37531 38959
37542 38766
37543 38767
37568 43564
37578 39076
37587 38994
37589 39086
37602 39097
37603 39098
37625 43639
37639 32750
37667 38948
37670 38948
37693 38968
37717 39191
37724 43658
37741 32591
37750 39161
37751 39162
37766 32640
37793 38978
37829 43746
37833 39211
37834 46967
37853 39233
37922 39375
37923 39326
37924 39327
37942 39384
37943 39335
37944 39336
37948 43830
37989 39357
37997 39437
37998 39438
38005 39502
38056 39539
38064 39548
38079 39570
38084 39483
38102 39511
38126 39632
38164 39491
38248 39584
38262 39673
38300 33326
38306 36811
38322 39688
38325 39716
38329 39722
38331 39756
38332 39873
38339 43959
38389 39809
38396 33513
38414 39743
38429 39786
38440 44117
38448 39803
38460 39875
38463 39835
38483 39842
38492 39852
38495 33649
38505 39834
38510 39900
38511 39901
38527 33780
38537 39988
38543 40117
38544 40118
38551 39899
38562 33730
38567 39898
38569 40015
38587 39927
38588 39928
38597 39909
38607 25255
38634 40188
38663 39912
38679 40107
38708 40030
38714 33881
38723 40145
38734 25162
38738 3006
38756 40042
38772 34148
38782 39979
38792 40142
38814 40116
38842 40281
38855 40258
38863 34286
38884 34325
38908 40275
38919 40285
38922 34280
38930 40436
38938 40326
38940 40260
38956 40355
38967 40262
38989 34676
38990 40335
38995 40474
38996 40412
39010 40538
39011 40434
39012 40350
39019 40397
39041 40398
39043 40408
39052 34479
39074 40400
39084 44622
39159 44683
39160 44684
39171 40416
39192 40364
39212 40583
39223 40470
39248 40541
39249 40392
39294 44689
39298 40769
39304 40519
39308 40459
39315 40788
39318 40625
39417 35189
39435 40772
39464 35271
39466 40758
39475 35167
39477 40662
39488 40767
39502 40781
39539 35277
39608 35367
39619 40897
39651 40938
39652 40939
39659 41058
39675 35444
39689 40970
39690 41170
39697 41183
39704 41107
39712 35613
39713 35614
39746 41151
39764 41056
39787 41278
39810 41102
39811 41093
39818 41226
39827 35678
39832 35683
39841 35521
39856 41111
39859 35473
39869 35430
39883 35814
39893 35787
39917 35900
39922 41367
39923 41368
39929 35828
39941 35824
39942 35853
39975 35968
39987 41376
39994 35982
39995 35920
39999 35926
40057 36069
40063 41281
40091 45297
40095 36032
40126 41537
40133 41352
40142 41522
40145 41366
40149 36204
40164 35858
40177 35948
40178 41562
40191 41665
40225 41580
40252 41656
40263 20972
40266 41639
40269 41626
40289 36381
40312 41751
40313 41754
40316 36206
40322 41578
40323 36529
40324 36418
40358 36454
40370 41634
40371 36489
40395 36520
40396 36521
40400 41813
40428 41649
40429 45458
40436 41869
40443 41705
40452 41851
40462 41902
40463 41903
40470 41728
40476 41910
40487 41699
40488 41700
40513 41752
40522 36608
40539 36470
40553 36677
40588 36811
40596 41960
40610 42001
40631 36653
40649 36722
40657 36840
40664 36746
40685 36748
40686 36757
40697 36756
40719 42020
40730 41933
40753 36586
40792 42024
40855 41993
40867 36766
40909 45691
41408 42581
41410 46054
41411 46044
41413 42614
41424 42556
41432 46026
41437 42594
41440 46109
41456 42626
41467 46107
41468 42622
41474 42629
41475 42657
41477 42638
41480 46034
41481 46027
41482 46113
41490 42652
41493 46127
41504 42625
41505 42705
41509 46120
41511 42583
41517 42679
41518 42606
41522 42710
41526 46274
41528 42772
41529 46212
41536 46216
41552 42814
41553 46233
41554 46230
41556 42753
41558 46263
41562 46215
41578 42743
41584 42892
41594 46122
41595 46252
41597 42739
41616 46221
41630 42637
41656 42794
41668 46244
41698 38027
41719 42919
41722 42927
41733 43000
41734 43001
41736 42844
41754 43023
41763 42911
41764 42912
41781 42929
41784 43051
41788 46409
41789 46410
41795 42941
41797 43022
41811 43113
41822 46442
41823 46443
41839 46486
41841 42972
41853 43126
41858 46462
41862 42967
41863 42968
41878 43075
41881 46509
41890 46571
41930 43079
41955 43100
41958 43280
41959 43289
41965 43099
41975 46576
41980 46580
42001 43238
42008 43161
42029 43250
42047 43335
42049 43316
42050 43317
42053 43197
42089 46632
42135 43339
42140 46542
42170 43410
42171 46703
42172 46704
42183 46760
42192 43448
42203 43450
42206 38864
42211 43514
42214 43473
42228 43433
42241 43422
42281 43415
42282 43597
42301 38929
42305 43560
42306 43516
42320 43375
42321 43566
42342 43587
42375 43572
42378 46840
42390 43510
42392 46889
42393 46890
42412 43483
42415 43652
42440 43522
42470 43698
42484 46936
42536 43695
42565 43722
42566 43747
42616 43757
42618 43761
42619 43836
42634 43872
42641 43915
42682 43911
42687 43944
42692 39500
42701 43857
42727 43882
42732 43892
42736 44012
42746 43939
42762 43956
42773 43961
42774 43928
42776 43965
42806 44116
42812 47185
42813 44033
42827 43968
42831 44141
42845 39661
42864 44015
42870 47302
42896 39782
42925 44235
42942 44120
42988 39755
42992 44256
43020 44171
43030 44177
43033 47321
43049 44155
43054 44192
43090 44274
43099 40005
43109 44443
43126 44253
43136 44471
43142 44414
43150 44308
43167 40017
43173 44508
43198 44249
43204 40133
43215 44371
43224 44474
43228 34018
43231 44470
43242 44495
43248 44406
43257 44511
43258 44512
43265 44518
43269 40391
43281 44476
43282 44535
43283 44615
43314 44513
43373 44630
43382 44577
43398 44635
43400 40460
43408 44604
43430 40456
43465 44677
43477 44808
43478 44809
43480 44591
43489 44745
43503 40640
43504 44777
43514 44728
43516 44755
43519 44620
43526 44620
43535 44674
43540 44726
43548 44731
43551 40713
43563 44763
43572 44840
43579 44758
43581 44772
43587 44868
43590 44858
43591 44859
43600 44766
43634 44929
43642 44879
43655 44940
43658 40932
43664 44961
43665 47781
43666 44964
43667 44965
43671 44910
43678 44921
43684 44952
43693 44972
43713 44872
43714 44873
43725 41039
43728 44967
43733 47810
43734 47811
43745 44995
43749 41078
43751 41003
43752 44908
43764 41017
43791 44945
43799 44966
43804 41177
43809 45113
43810 45114
43813 41124
43815 45126
43829 41173
43834 45016
43838 45155
43840 45097
43843 41189
43850 45031
43855 45105
43860 45122
43861 41208
43864 41368
43873 41200
43897 45176
43902 35736
43911 41322
43932 45217
43945 41179
43947 45170
43953 41285
43958 45102
43985 41309
43989 45204
43994 45202
44011 45233
44060 45173
44066 45306
44074 41483
44083 45315
44085 45192
44087 41552
44098 45205
44119 45339
44132 45342
44141 41556
44156 41628
44176 45422
44194 45439
44205 45319
44225 45496
44235 45361
44250 45538
44258 41757
44276 45539
44285 41852
44304 41794
44320 41798
44331 45545
44335 41688
44344 45652
44348 45485
44349 45486
44359 41838
44366 45590
44374 41884
44375 45588
44378 45532
44381 45634
44401 41801
44410 41818
44417 36797
44424 45645
44425 45577
44430 45579
44447 45594
44454 42040
44464 41896
44502 45643
44558 41944
44571 45668
44588 45708
44592 45712
44594 45705
44925 46047
44936 48626
44941 48614
44943 46128
44947 46134
44954 48595
44956 48649
44968 46142
44969 46143
44977 42672
44981 46151
44999 48670
45004 46141
45009 46232
45012 48680
45013 46202
45014 46203
45016 46068
45017 46076
45022 46238
45025 46230
45026 46231
45038 48656
45050 48624
45051 46237
45057 42785
45058 48625
45072 46276
45073 48687
45084 48703
45113 46333
45116 46300
45121 46296
45129 46294
45140 46307
45142 46354
45151 46332
45172 46277
45237 48872
45248 46424
45272 48891
45283 46515
45325 46543
45348 48860
45398 48952
45403 48889
45405 48928
45406 48958
45409 46607
45411 48906
45412 48907
45428 46556
45455 46582
45456 46583
45458 43377
45482 46690
45491 46699
45492 46692
45500 46720
45514 46715
45520 46755
45525 46648
45531 46726
45541 43586
45551 43600
45559 46869
45560 43493
45561 46799
45573 43623
45578 46824
45595 46920
45598 49010
45601 49070
45624 49121
45627 49114
45629 46893
45636 46845
45648 46746
45661 46862
45663 49124
45665 46766
45673 46924
45704 46944
45709 46943
45716 46948
45721 46929
45725 43740
45760 46999
45769 46987
45770 46919
45771 46968
45772 46969
45805 46956
45821 46973
45823 47057
45856 49223
45860 47108
45879 47035
45892 47058
45940 47104
45942 47124
45945 49304
45956 47116
45957 47117
45961 47138
45967 47205
45969 44005
45985 47150
46000 44009
46033 49378
46038 47227
46048 47348
46050 47254
46053 47299
46058 47247
46096 47409
46101 47280
46106 47313
46126 47305
46129 47292
46140 47352
46160 47363
46181 47372
46186 47416
46191 44272
46201 47495
46208 44305
46248 47432
46277 47481
46299 47500
46302 44514
46303 44473
46311 47541
46312 47542
46322 44428
46328 47557
46354 47626
46375 44601
46383 47591
46392 47601
46397 47595
46418 47598
46432 44678
46438 47572
46441 47649
46447 47654
46472 47678
46482 44738
46484 47631
46490 47602
46493 47699
46505 47669
46508 47585
46509 47586
46520 47729
46523 44651
46560 44807
46562 47760
46563 47761
46570 49764
46571 44858
46577 47710
46585 47801
46586 47802
46594 47740
46605 47785
46629 47809
46649 44835
46653 47836
46654 47837
46655 47807
46658 44974
46659 47847
46662 47841
46675 47791
46676 47792
46681 44971
46697 49815
46698 49816
46699 47831
46701 44949
46703 45041
46704 47916
46708 47923
46720 47938
46762 47874
46764 47976
46770 47869
46776 45065
46788 45127
46790 47897
46798 45061
46804 45128
46814 48014
46824 48003
46832 45175
46833 47913
46839 48011
46845 49937
46851 48022
46854 48033
46859 47928
46868 48056
46877 48019
46886 45270
46891 48029
46912 48078
47020 45468
47021 45469
47026 45329
47035 45504
47040 48163
47064 48168
47069 45551
47070 48173
47087 45569
47101 48233
47107 48162
47108 48244
47124 45581
47125 48232
47130 48224
47131 48182
47137 48241
47142 48187
47143 48265
47146 48301
47149 48269
47150 45493
47153 48237
47158 48208
47176 48318
47186 48230
47241 48271
47242 48272
47271 45666
47601 48643
47602 48644
47605 48649
47608 48600
47615 48641
47622 50410
47623 48639
47625 48629
47632 48652
47634 48667
47642 48665
47646 50390
47648 50397
47652 48666
47653 48671
47654 48679
47659 48681
47660 46218
47667 48661
47675 48707
47684 50451
47699 50454
47710 48709
47727 48718
47730 50497
47736 48792
47753 48742
47759 48758
47761 48759
47767 48817
47778 50504
47780 50502
47789 48788
47790 48747
47801 50516
47803 48763
47804 48765
47806 48770
47808 50526
47815 48748
47818 50484
47831 48825
47835 50512
47836 48811
47840 50559
47845 50541
47870 48881
47871 48882
47880 50539
47895 48807
47900 50547
47918 48878
47934 48952
47935 48947
47938 48910
47942 48928
47944 50631
47945 50632
47968 50624
47976 50616
47980 50639
48012 50647
48017 46715
48030 49009
48050 49058
48051 49059
48080 49070
48088 49097
48093 49078
48103 50734
48111 49107
48118 49144
48121 49124
48146 49101
48147 49102
48152 49138
48154 49153
48161 49113
48216 49246
48225 49253
48243 49272
48263 47114
48266 49306
48277 49268
48304 49312
48305 50916
48308 49317
48318 49308
48321 50956
48323 49409
48324 50934
48331 49344
48344 49404
48346 49359
48379 49379
48394 49412
48402 49426
48403 49422
48415 49446
48422 49447
48424 49436
48433 51002
48438 49456
48444 49462
48461 49512
48462 49504
48499 47547
48523 49576
48527 49612
48549 47608
48566 49579
48571 28813
48628 49679
48637 49662
48643 49665
48657 49676
48671 51166
48684 49719
48695 49749
48698 49704
48702 49714
48705 49722
48715 47801
48720 49742
48726 49793
48733 47755
48736 49800
48738 47753
48753 49794
48754 49774
48756 47836
48757 47837
48760 49827
48761 49828
48766 49785
48767 49786
48773 51238
48782 47830
48787 49818
48791 47922
48794 49821
48802 47945
48803 47941
48806 49841
48816 47967
48819 49819
48823 47885
48824 47886
48828 49886
48832 49908
48837 49891
48841 49895
48844 49833
48894 717
48899 49900
48904 49905
48906 49907
48915 49953
48916 49954
48917 49919
48927 47999
48928 48000
48957 49972
48973 49943
48980 48128
48983 50000
48989 50007
49000 50019
49028 48178
49032 48197
49045 50070
49053 48238
49054 48239
49059 50065
49073 48225
49091 50117
49096 50102
49115 50086
49117 48310
49118 48289
49124 50155
49135 48338
49137 48322
49141 48329
49144 50105
49149 50160
49150 48309
49156 50142
49213 47651
49217 50139
49232 50169
49448 50384
49460 50388
49475 50403
49476 50404
49477 50405
49479 50392
49496 51649
49498 48675
49499 50425
49502 50431
49511 50421
49516 50443
49519 50433
49535 51672
49539 50488
49541 50491
49542 50492
49545 50489
49554 50507
49558 50506
49559 50511
49561 50468
49564 50513
49570 48853
49572 50520
49573 50521
49578 50532
49583 48868
49595 50556
49606 51744
49612 51724
49619 50562
49646 51782
49653 50613
49654 50614
49655 50568
49656 50602
49660 50629
49662 51789
49663 51790
49665 50622
49676 50638
49677 51807
49678 50628
49679 50642
49687 50609
49689 51803
49692 48966
49699 50685
49704 50645
49705 50656
49706 50691
49707 51833
49711 50654
49725 50713
49726 50714
49731 50716
49738 50682
49742 50667
49757 50672
49758 50673
49777 50715
49787 50803
49803 50813
49831 49221
49847 50832
49859 50848
49872 50894
49873 50892
49880 50876
49884 50884
49888 50897
49889 50900
49891 50931
49892 50904
49893 50899
49895 50905
49899 50898
49901 49279
49909 50902
49918 50920
49919 50913
49927 50924
49928 51988
49934 50952
49940 49360
49949 50940
49956 52026
49957 52027
49975 50998
49992 50999
49994 51008
50019 51024
50036 49473
50037 49474
50044 51080
50045 51082
50046 51083
50076 51068
50080 49565
50081 51079
50084 51067
50097 51094
50098 51095
50101 49594
50102 49595
50108 49568
50112 51090
50119 51098
50124 51114
50129 49627
50143 51106
50146 49571
50153 51149
50160 51128
50184 49699
50193 49710
50194 49711
50195 51146
50213 51172
50215 49700
50216 51178
50230 51210
50234 51213
50237 51216
50242 49790
50250 51235
50256 51223
50275 51240
50276 51241
50281 49826
50282 51266
50286 49849
50289 51277
50295 49867
50298 49873
50300 51282
50304 51257
50311 51261
50331 51270
50332 51315
50338 51296
50347 49918
50352 51339
50359 49931
50363 51299
50375 49974
50381 51341
50384 51367
50398 51380
50399 51381
50406 49992
50418 49984
50446 51429
50447 51448
50450 50071
50451 51452
50482 50095
50483 51479
50498 50131
50500 51457
50501 31365
50502 51460
50508 51513
50517 50113
50528 51509
50535 50173
50722 51638
50728 51645
50732 51656
50736 51658
50739 51657
50741 51662
50749 51664
50753 51707
50761 52438
50771 51691
50772 51692
50778 52464
50781 51700
50782 51701
50783 51708
50792 51750
50795 52461
50800 51728
50810 51738
50817 52470
50821 51747
50822 51748
50834 52479
50843 51799
50847 51786
50848 51787
50861 52524
50906 51853
50917 51835
50921 51831
50922 51867
50926 51861
50929 51855
50991 51909
51006 51955
51017 51957
51022 51956
51028 51948
51030 51944
51035 51965
51044 51976
51054 52003
51066 51980
51067 51993
51075 50954
51081 52005
51087 50981
51093 52036
51101 52668
51108 52049
51110 51019
51116 52057
51141 52077
51151 52075
51169 52087
51175 51121
51185 51130
51189 52112
51190 52117
51215 52139
51224 52145
51227 51180
51237 51232
51238 52156
51240 52157
51242 52163
51275 52186
51291 51340
51300 52177
51320 52221
51322 52218
51330 51385
51341 52263
51352 52247
51353 52254
51364 51453
51365 51454
51370 52288
51374 51414
51376 51470
51380 52289
51383 52305
51384 52306
51398 52290
51407 51514
51413 52300
51551 52391
51553 52898
51559 52895
51560 52412
51561 52410
51562 52907
51568 52397
51575 52433
51576 52448
51577 52429
51599 52435
51604 52462
51605 52463
51606 52461
51608 52445
51611 52487
51618 52942
51619 52932
51675 52540
51700 52549
51714 52578
51730 52601
51731 51899
51757 52620
51762 51951
51766 52647
51776 52658
51784 52654
51802 52674
51811 52696
51816 52077
51825 52694
51856 52734
51894 52187
51897 52763
51903 52761
51904 52762
51911 52769
51912 52764
51916 52772
51934 52787
51951 52224
51963 52817
51968 52281
51969 52282
51981 52314
51996 52836
52054 52411
52059 53192
52072 53200
52078 53218
52100 52949
52113 52970
52116 52974
52119 52964
52125 52982
52130 52987
52141 53001
52142 53006
52143 53271
52150 52587
52167 53018
52171 53281
52182 53029
52214 53069
52228 53076
52234 53082
52237 53081
52239 53087
52241 53090
52242 53098
52243 53099
52246 53089
52251 53096
52253 52744
52261 53113
52267 53122
52272 53130
52273 53129
52276 53132
52277 53133
52279 53125
52282 53137
52309 53148
52319 53158
52382 53209
52383 53222
52409 53255
52412 53252
52424 53269
52425 53270
52435 53274
52437 53278
52440 53022
52444 53282
52446 53280
52451 53284
52458 53299
52459 53293
52472 53306
52475 53050
52484 53313
52494 53080
52500 53332
52509 53345
52516 53115
52535 53151
52536 53366
52540 53521
52541 53522
52542 53156
52596 53544
52598 53404
52599 53407
52600 53405
52601 53406
52612 53429
52615 53426
52628 53449
52629 53570
52632 53452
52638 53292
52645 53300
52647 53463
52654 53467
52655 53468
52661 53481
52669 53485
52670 53486
52673 53500
52677 53348
52678 53349
52726 53548
52728 53653
52733 53658
52750 53567
52752 53446
52760 53572
52761 53576
52767 53681
52768 53682
52771 53582
52775 53584
52778 53591
52779 53593
52783 53488
52790 53597
52791 53603
52794 53602
52807 53519
52811 53617
52832 53650
52837 53662
52839 53665
52841 53667
52842 53668
52844 53672
52854 53744
52855 53583
52856 53684
52859 53689
52861 53595
52865 53696
52868 53698
52869 53605
52895 53719
52896 53718
52898 53726
52899 53727
52900 53724
52904 53734
52908 53741
52909 53787
52912 53743
52913 53745
52927 53700
52943 53780
52944 53781
52947 53784
52949 53805
52951 53789
52953 53790
52966 53804
52969 53791
52970 53806
52973 53809
52981 53818
52982 53819
52988 53833
52989 53827
52990 53828
52992 53830
52995 53834
52996 53835
52999 53838
