1754
184 18676
189 18115
217 17330
232 17996
238 18116
256 17981
422 28814
560 18501
565 17649
566 17648
571 18501
641 17161
700 28974
754 17467
757 18343
838 18367
879 17725
1058 17028
1106 17351
1108 16573
1136 28345
1177 17172
1274 28558
1335 17229
1350 17277
1398 16089
1407 28475
1443 17225
1476 17200
1680 15978
1902 28663
1910 16315
1931 16287
1951 16716
1961 16800
1968 16192
1976 16004
2045 16821
2082 28130
2097 16214
2105 16661
2112 28234
2175 16034
2213 15860
2214 15861
2218 16592
2219 16591
2339 27986
2363 16512
2408 16352
2458 16722
2465 16722
2485 15567
2527 15685
2651 16071
2678 16186
2683 15234
2717 15989
2726 15213
2894 16127
2900 14998
2914 15911
2957 15519
3083 15954
3107 14584
3119 14576
3129 15890
3148 15868
3173 14496
3228 17337
3233 15479
3296 14908
3384 15427
3501 14056
3554 15240
3633 13858
3636 14348
3762 14219
3763 14218
3795 14301
3830 26855
3831 26854
3833 14328
3834 14327
3865 14132
3892 14062
3911 14198
3945 14159
3946 14158
4069 27015
4092 26994
4266 13674
4348 26512
4359 13697
4426 13472
4474 13473
4519 13611
4553 13355
4696 26302
4748 13154
4749 13153
4835 26873
4837 13037
4969 26125
5020 12990
5047 13453
5067 12767
5110 12487
5230 11908
5305 11835
5313 12549
5316 11811
5368 26138
5449 11914
5450 11717
5492 12285
5548 15137
5566 12968
5570 25780
5571 25779
5776 12043
5789 12154
5854 25577
5898 25662
5899 25661
5972 12187
6047 12077
6048 12076
6050 12958
6123 25435
6212 10122
6370 25434
6423 11838
6462 25273
6479 11783
6491 10747
6507 25359
6618 11626
6635 25281
6677 25074
6829 12316
6883 12081
6891 11461
6975 11608
7047 11310
7117 11337
7144 24865
7200 24831
7223 24950
7241 10605
7250 24652
7282 24628
7310 24615
7314 24986
7398 10508
7491 10967
7559 9695
7567 10664
7568 10663
7576 24721
7577 24720
7581 11732
7644 10324
7669 11108
7690 25043
7706 24583
7991 33710
8040 20094
8079 9617
8151 24411
8184 10106
8235 9714
8292 24396
8508 9776
8509 9777
8543 24275
8566 9321
8663 9236
8756 24287
8901 9385
8914 9068
8933 27490
8959 23799
9092 9184
9107 10440
9148 9096
9149 9095
9158 9452
9198 33103
9209 8812
9210 8804
9226 8317
9238 8768
9246 24030
9271 8785
9290 9463
9330 8960
9331 8679
9332 8678
9347 24020
9368 23958
9467 8546
9468 8465
9485 8506
9486 8505
9507 23839
9509 23958
9679 8273
9996 7916
10211 8261
10224 23424
10240 22827
10325 23320
10332 6788
10333 6787
10421 8418
10429 7527
10928 22299
11043 23842
11060 22286
11191 6503
11383 22515
11400 6768
11441 6761
11515 6640
11765 6395
11783 6396
11807 6352
11845 6306
11913 31637
12322 21468
12451 22766
12492 5697
12571 7572
12700 5290
12701 5289
12804 6368
12917 21647
12986 5346
12988 4920
13051 14900
13158 3837
13182 5101
13185 20824
13427 20843
13506 4464
13507 4463
13578 3810
13591 3971
13602 3524
13635 3499
13785 20628
14160 20379
14268 21004
14396 20407
14477 2472
14576 3460
14616 2702
14696 20181
14746 3213
14975 1605
14997 19917
15122 20138
15163 2499
15294 19349
15339 19657
15372 19694
15373 5293
15525 1242
15668 3417
15859 1627
15866 921
15880 19801
15964 3108
17101 2857
17152 2872
17153 2873
17164 3448
17375 857
17689 1344
17703 19656
17712 1370
18897 29679
18899 29684
18942 29218
18950 29664
18968 29585
18999 29548
19010 18017
19032 28906
19069 29469
19099 29459
19116 18399
19117 18398
19121 29420
19125 18387
19138 29406
19140 17708
19145 28714
19146 29395
19147 29232
19203 29163
19213 28914
19228 36601
19260 17729
19286 17798
19303 28532
19312 18130
19362 28921
19372 29246
19382 17989
19395 17389
19397 28345
19408 18077
19410 17552
19451 28367
19471 29179
19482 28682
19502 28676
19513 17097
19563 17081
19576 17385
19614 28537
19628 16655
19811 28740
19820 16582
19841 28265
19844 28656
19883 27970
19884 27969
19887 16794
19892 16275
19893 16274
19905 36213
19916 36201
19923 28296
19985 28095
20015 36239
20022 36216
20057 16524
20063 28131
20066 28498
20108 28117
20111 28425
20112 15987
20120 28406
20137 27927
20167 15982
20231 27831
20244 35843
20246 35811
20257 16122
20260 16185
20274 28068
20276 15822
20331 28217
20348 27779
20398 35860
20417 27661
20418 27660
20420 27908
20453 27675
20505 35678
20544 27796
20608 15356
20687 27817
20762 35536
20769 27244
20847 35340
20899 35541
20931 15053
20957 27233
20998 27179
21001 26831
21098 35164
21106 27053
21117 14453
21118 14452
21162 14700
21241 14133
21290 14471
21318 26743
21365 26707
21366 26706
21396 26681
21397 26679
21405 26676
21491 13355
21559 34850
21672 26670
21704 34717
21708 26461
21906 34872
21920 26227
21921 26226
22005 26186
22017 26128
22040 26153
22045 25792
22065 25928
22087 12740
22090 25692
22140 12613
22199 12918
22200 12917
22242 12866
22263 34303
22271 26387
22331 26423
22382 25615
22411 11917
22443 25816
22468 12437
22470 34316
22494 25760
22496 34116
22513 25735
22534 12052
22558 34122
22610 12423
22614 25625
22624 26015
22632 34172
22725 12182
22726 12181
22778 11304
22812 33956
22846 25285
22960 11890
23069 11403
23087 25776
23106 11596
23145 47980
23148 11298
23161 34350
23162 25385
23169 25034
23170 25033
23204 11487
23286 33799
23306 24735
23307 24734
23320 25142
23323 33728
23366 33726
23376 25509
23377 33735
23434 25059
23444 33606
23514 33384
23587 24447
23679 24690
23815 24256
23842 33575
23862 24359
23938 24272
23979 24750
24045 24408
24067 24139
24118 23867
24120 24003
24159 33206
24271 26297
24313 23626
24403 9654
24408 9561
24508 32527
24588 23736
24658 32316
24701 32298
24731 24177
24737 8973
24768 32239
24803 32608
24806 23073
24827 24190
24881 32215
24986 23080
24987 23079
25062 22590
25135 31979
25173 22536
25186 23036
25201 31886
25234 31878
25378 21755
25498 22252
25581 22385
25700 23248
25782 6709
25789 5700
25796 31858
25818 22119
25882 22645
25892 22075
25904 31344
25913 21105
25914 22358
25923 6795
25935 31721
25975 6542
25979 31627
26011 21936
26029 31238
26119 32204
26128 23042
26210 21767
26322 31396
26355 21440
26469 20832
26523 21299
26524 21297
26537 21532
26538 21531
26607 30937
26655 20972
26658 31023
26728 31299
26731 20736
26732 20735
26908 31062
27095 20759
27115 30986
27117 4698
27123 30723
27171 30427
27176 30513
27187 30406
27218 30372
27221 20220
27362 20430
27401 30229
27404 21018
27502 30587
27512 19695
27555 31008
27600 30086
27682 3861
27735 29976
27822 19775
27827 30244
28176 30695
28266 19048
28355 20644
28356 20643
28377 45237
28456 2857
28708 19767
28738 19373
28873 19619
28889 19847
28943 19496
28993 19602
29007 19586
29083 19506
29252 19060
29300 37468
29331 37199
29343 37259
29346 37047
29347 29510
29386 37312
29391 37202
29404 29325
29409 29282
29429 29623
29438 37128
29469 37192
29471 37049
29486 29550
29526 37305
29527 37304
29529 42077
29530 42076
29543 36969
29579 37270
29583 36937
29587 36904
29614 36935
29619 36791
29676 36785
29677 36784
29741 36699
29762 36680
29772 36678
29801 28739
29820 36612
29900 36232
29908 29072
29924 36533
29925 36532
29940 36742
29977 41830
30047 36673
30048 28687
30057 36384
30061 28704
30072 36299
30078 28637
30105 41690
30112 36249
30129 36204
30130 36203
30147 28542
30156 28582
30194 36156
30206 36317
30211 36488
30213 41628
30215 28483
30217 28473
30229 28414
30257 36429
30273 41489
30277 36098
30282 36179
30286 36345
30301 41473
30302 28326
30306 36386
30312 28170
30331 36357
30351 36328
30365 36013
30425 35930
30430 35893
30431 35889
30461 28162
30544 27788
30545 27897
30604 36018
30608 35771
30693 27808
30704 35550
30706 27898
30720 14881
30724 35876
30733 35415
30761 35780
30832 41096
30844 27459
30896 27386
30905 35401
30943 35476
30956 35355
30969 35713
30974 27048
31015 35573
31042 35285
31067 35268
31073 35622
31176 35161
31205 40965
31238 35093
31301 34767
31304 40922
31305 40921
31356 35112
31396 40883
31445 40652
31471 40635
31479 34648
31484 26798
31510 35208
31514 34613
31531 34592
31553 34840
31589 40614
31590 40613
31604 34807
31632 34665
31638 34714
31675 34680
31676 34679
31686 34844
31690 26619
31706 26220
31709 37097
31713 34696
31721 26412
31722 26411
31756 26391
31779 26462
31841 26276
31886 34522
31908 34511
31919 25943
31957 44698
31982 40336
32000 26070
32024 34424
32030 34144
32059 26057
32061 34399
32067 34306
32104 34156
32117 34213
32121 25910
32133 40270
32144 34334
32159 40253
32218 34141
32257 40278
32258 34026
32282 40165
32333 40119
32341 11506
32357 25702
32396 25599
32410 33916
32423 25588
32468 40183
32471 33655
32506 9259
32512 25475
32528 25481
32560 25441
32632 39889
32667 25347
32707 34030
32718 34173
32756 33770
32773 24952
32787 33745
32799 33691
32810 33723
32820 24885
32835 33935
32837 44252
32883 33634
32884 33633
32909 33596
32912 39725
32923 33456
32939 39876
32996 24788
33007 10125
33017 33355
33035 24920
33085 33241
33092 33255
33127 39564
33349 28408
33366 39594
33441 32521
33466 24326
33499 33113
33585 39142
33594 32348
33622 33451
33630 32966
33642 32598
33649 39293
33668 39257
33698 39031
33700 33348
33772 39003
33780 33166
33795 23814
33811 23969
33821 39164
33823 23893
33870 23699
33871 23700
33877 32758
33894 39150
33900 32502
33942 38897
33953 23556
33954 23555
33961 39065
33995 38864
34042 32216
34135 39183
34143 32121
34161 32109
34166 31595
34199 32180
34200 32181
34205 32975
34398 32246
34455 31709
34477 31720
34488 38550
34494 31657
34557 38477
34579 31825
34620 31732
34663 38440
34743 31179
34781 31359
34783 38552
34804 38212
34809 31351
34812 31084
34864 31384
34866 31398
34867 31397
34899 31367
34902 14900
34905 38267
34915 31056
34919 30953
34920 30952
34965 38321
35006 38179
35007 13435
35015 38180
35023 31082
35024 31081
35055 38176
35059 22561
35071 21949
35117 30804
35167 31763
35195 31016
35217 30989
35265 30961
35322 38012
35329 31539
35335 31127
35336 30996
35367 31290
35400 30407
35408 30903
35423 30839
35439 37861
35441 37923
35444 31204
35445 30841
35446 30840
35460 30309
35476 30103
35489 37680
35502 37841
35505 37698
35516 31232
35533 31244
35551 30646
35592 29998
35593 38137
35613 30740
35614 30739
35704 21109
35786 31047
35810 19255
35831 30544
35872 37576
35921 20621
35926 30870
35956 20594
35982 30209
36082 30157
36190 30140
36618 30714
36746 19291
36821 19993
36900 42351
36929 42396
36944 48867
36946 37310
36950 42427
36965 37312
36970 42287
36971 42286
36999 37156
37000 42247
37020 42130
37030 42239
37063 42176
37064 42177
37069 42329
37071 42172
37085 42152
37110 42379
37111 37108
37113 42178
37117 45942
37151 37203
37186 42051
37192 42050
37256 41984
37257 41979
37260 41976
37318 42008
37328 41893
37329 41892
37351 41901
37379 45838
37392 41791
37394 41925
37395 41924
37424 36687
37425 36686
37429 41747
37431 41771
37443 36673
37446 36411
37461 36596
37488 36614
37489 36613
37502 36596
37503 41699
37513 41908
37523 41895
37588 41663
37638 36209
37647 41777
37651 36408
37657 41436
37692 36119
37704 41721
37732 36227
37754 41549
37816 41264
37838 36018
37851 41566
37852 41565
37891 41279
37903 35894
37936 35876
37956 41182
37962 45379
37976 41495
37994 35803
38025 41248
38033 45271
38034 45270
38062 41061
38063 41062
38073 41216
38102 35609
38146 41217
38152 35525
38158 41146
38161 41299
38173 45161
38198 41087
38201 35409
38220 45163
38231 41037
38241 45240
38269 41025
38304 35500
38322 45154
38412 40898
38413 40897
38422 35138
38523 40986
38541 44898
38558 40630
38567 34903
38574 40741
38627 44865
38630 44914
38633 35018
38648 40519
38657 34913
38669 34524
38723 34532
38727 40632
38732 34522
38742 40620
38746 34800
38766 44665
38767 44664
38786 34634
38789 40568
38797 44667
38800 34708
38801 34707
38830 34534
38832 40338
38837 44651
38876 44608
38894 40268
38902 44577
38923 40410
38944 40343
38949 40384
38955 44570
38994 40290
39006 40534
39057 40167
39059 44423
39064 44582
39066 40167
39079 44512
39194 40324
39201 34007
39224 34276
39271 40184
39326 44371
39327 44370
39406 39961
39407 39962
39418 44213
39428 44153
39435 39940
39449 39634
39450 39632
39459 39913
39478 39883
39548 33578
39615 39374
39625 44006
39648 44028
39654 39375
39671 33705
39716 39524
39722 44089
39756 33431
39759 47258
39779 43855
39799 39209
39841 33451
39842 43970
39852 43960
39856 32981
39880 33348
39901 33176
39908 43738
39928 39825
39951 43693
39969 43711
39970 43687
39983 33096
40005 43839
40031 43637
40152 39144
40154 43724
40171 43524
40207 39001
40255 32930
40258 32458
40264 32383
40293 38904
40301 38848
40302 38847
40334 39132
40335 38873
40339 38853
40357 38609
40378 43375
40406 24199
40437 29633
40442 38778
40446 38729
40480 43294
40491 38830
40539 43270
40541 38481
40583 38591
40606 39037
40611 43132
40650 32449
40666 43337
40669 39027
40679 38961
40691 38273
40697 43303
40716 43141
40752 38474
40769 38459
40781 43075
40782 38148
40783 38450
40788 38443
40817 31615
40938 38030
40951 42946
40976 42947
40985 31127
41003 38512
41009 38262
41039 43148
41040 42896
41055 31330
41060 42837
41072 38657
41093 37859
41102 37860
41107 38419
41117 38145
41131 43090
41137 42834
41179 42802
41183 38137
41189 38398
41190 38397
41210 37750
41284 38452
41285 38451
41286 42686
41306 31047
41325 42652
41346 38277
41367 38559
41518 37561
41978 37849
42104 48902
42116 42317
42122 46142
42123 46079
42127 42438
42130 42288
42142 46158
42149 46144
42181 46080
42210 46032
42248 46218
42258 46021
42261 45973
42262 45972
42286 45956
42304 45992
42306 45834
42310 42032
42315 42032
42327 42019
42344 48763
42352 46110
42358 45953
42367 46098
42368 46097
42425 45925
42472 41807
42475 45785
42477 45681
42482 48646
42486 41850
42495 48667
42500 45868
42512 41918
42535 41768
42542 45813
42552 45823
42556 45814
42570 45702
42572 45665
42581 45808
42594 45800
42603 48507
42621 45533
42622 45910
42623 45759
42626 45778
42629 45769
42633 45747
42652 45762
42653 45761
42654 45760
42686 45541
42705 45661
42713 41474
42716 41732
42725 48467
42758 45526
42771 41537
42805 45482
42806 45449
42815 45557
42826 48398
42827 48397
42866 41504
42895 45476
42912 45297
42917 45249
42926 45352
42927 48339
42929 45284
42941 45265
42945 45493
42967 48235
42972 48246
42985 48279
43004 45194
43032 45224
43054 41193
43060 48176
43084 45303
43104 48134
43107 45137
43126 45116
43129 19126
43130 19127
43137 41012
43162 45078
43186 26521
43261 40961
43262 40912
43264 45023
43272 45167
43280 40836
43316 44982
43317 44983
43328 47954
43353 40846
43355 44980
43384 47915
43404 40606
43422 44783
43447 47813
43456 44667
43473 40532
43483 47784
43510 44598
43526 44574
43529 44798
43530 44638
43554 44634
43564 44635
43572 44632
43586 44721
43600 44705
43602 47679
43610 44646
43623 44660
43639 40387
43695 40463
43698 40303
43720 49917
43731 44304
43743 44621
43747 44395
43748 44396
43761 44723
43781 12407
43836 47613
43849 44302
43857 40315
43871 44353
43879 44346
43898 44331
43899 44328
43916 47433
43939 47503
43952 44291
43956 44192
43959 39429
44002 44265
44093 44177
44095 44082
44121 43988
44136 44358
44146 44176
44147 43847
44169 44129
44174 43907
44177 47273
44192 44283
44193 39561
44247 43673
44260 47099
44266 43877
44288 43650
44291 44158
44294 47208
44295 47179
44371 47050
44372 47049
44402 43537
44405 47021
44406 47020
44498 43646
44499 43634
44511 43931
44512 43932
44520 43607
44528 43598
44552 37097
44620 46879
44630 43464
44640 43617
44648 43603
44650 46858
44651 46854
44728 46912
44738 43740
44758 46830
44760 43343
44777 43366
44794 43032
44808 43434
44809 43433
44810 43234
44835 46730
44843 38178
44844 38177
44855 42957
44859 43240
44874 46692
44908 46675
44921 38688
44929 43170
44945 46631
44952 43129
44967 43352
44969 46551
45031 46580
45043 46586
45044 43094
45062 46576
45113 38126
45121 49164
45122 43218
45130 42960
45192 42629
45270 46561
45290 42567
45302 42687
45335 42759
45336 42760
45408 37815
45471 42618
45541 38096
45545 37811
45590 37852
45614 42681
45645 42658
45751 46229
45767 46238
45785 48878
45798 46215
45803 50730
45814 46277
45824 50718
45836 48885
45837 48918
45838 48881
45843 48897
45862 46218
45876 48827
45881 48821
45896 48840
45897 48804
45914 48714
45930 48770
45949 45997
45951 48743
45956 48757
45964 48744
45988 48733
46016 48705
46026 48640
46030 50585
46055 48636
46076 50512
46086 50499
46097 45876
46134 48620
46135 48541
46137 48661
46138 48660
46149 45802
46150 45801
46151 45794
46177 45728
46258 48374
46259 48375
46277 51834
46294 50390
46296 50395
46329 48391
46338 48383
46339 48357
46344 48364
46353 45516
46354 48340
46397 50278
46398 50279
46399 50277
46402 50335
46442 48243
46443 48242
46515 50242
46556 48036
46561 48259
46562 48258
46564 44988
46566 48082
46584 48237
46614 48069
46642 40627
46645 50139
46665 47985
46755 44908
46765 47891
46831 44930
46840 47808
46849 50013
46889 44815
46928 47859
46943 44602
46956 44748
46977 47624
47035 47488
47038 47625
47055 49848
47056 44510
47084 44353
47108 44338
47117 49804
47124 47506
47125 47505
47139 44407
47205 44310
47230 49787
47290 44314
47293 47299
47302 44105
47352 47280
47366 49588
47392 47461
47405 49638
47411 47221
47432 47160
47433 47159
47461 47397
47482 47141
47495 47181
47500 47140
47557 43909
47583 47372
47624 47074
47643 43810
47679 47122
47709 49423
47710 49359
47723 49314
47753 49322
47791 49291
47792 49290
47801 46835
47802 46834
47820 46793
47897 46574
47922 49312
47923 46721
47937 43048
47938 46711
47945 49308
48239 46404
48241 46481
48281 46413
48391 50765
48392 50764
48407 50751
48408 50749
48419 50778
48429 49015
48433 50759
48441 50705
48485 48833
48508 51986
48512 50619
48530 50625
48542 51984
48576 48752
48592 51963
48593 50579
48600 50555
48606 51918
48624 51907
48625 51904
48626 48684
48641 50576
48658 48663
48679 48613
48706 50462
48707 50532
48718 51848
48723 51834
48747 50362
48749 50404
48750 50405
48758 48466
48762 50373
48763 50344
48764 50345
48794 51813
48796 50335
48823 51780
48825 51786
48841 52727
48844 50289
48845 50288
48872 48271
48881 51728
48882 51727
48909 50223
48925 50204
48926 48259
48947 47702
48962 50185
48966 48189
49010 50052
49049 52618
49050 50115
49078 50024
49097 47953
49109 49961
49114 47870
49124 49967
49136 49952
49139 49914
49175 51521
49220 51477
49245 49897
49255 47771
49272 47686
49306 47609
49310 47626
49312 49854
49345 49736
49366 47653
49367 49792
49370 49808
49374 51382
49378 49787
49394 51360
49406 49747
49412 51297
49414 47594
49417 47580
49422 49712
49429 47571
49462 51286
49515 47472
49568 49554
49579 51200
49632 49406
49704 51111
49711 49550
49718 47162
49723 51092
49734 47129
49774 51070
49785 51066
49786 51067
49790 51114
49800 47052
49815 49281
49816 49280
49833 49219
49835 49258
49841 51020
49905 50960
49925 46939
49945 49282
50068 49232
50070 46724
50255 50727
50256 50728
50258 52057
50271 52108
50285 48828
50288 52027
50306 51962
50343 50636
50344 50665
50345 50664
50346 50663
50349 51959
50350 51958
50351 50654
50354 51980
50383 51937
50388 51968
50403 50569
50443 51932
50447 51865
50454 50521
50468 52767
50470 52777
50475 51838
50478 51842
50479 52773
50480 34680
50482 51823
50484 51810
50488 50382
50502 50360
50506 51874
50511 51818
50512 51791
50516 51811
50518 50356
50521 50425
50532 52753
50541 51773
50547 52726
50565 51826
50578 52714
50580 52713
50585 51720
50597 52697
50616 51651
50622 51682
50628 51763
50639 51641
50667 52642
50690 51695
50693 51596
50701 50117
50702 51673
50758 52582
50780 50050
50789 51513
50832 50083
50848 50059
50856 52567
50872 51492
50884 50017
50897 52528
50904 52547
50905 51434
50916 52505
50931 49903
50952 51398
50988 52431
51007 52423
51008 51329
51094 49715
51146 51162
51160 49614
51172 51249
51180 52287
51183 52315
51194 52305
51206 51039
51216 51135
51257 51040
51261 52238
51277 51083
51340 51041
51344 52189
51464 50962
51571 52113
51581 52043
51590 52916
51591 52913
51596 52013
51602 52011
51620 52878
51624 52885
51628 52869
51629 52875
51662 52863
51666 52830
51686 52774
51691 52826
51692 52825
51699 52821
51708 52768
51712 51880
51727 52794
51728 52793
51736 51840
51738 52790
51739 52789
51744 52741
51747 52780
51786 52743
51787 52742
51835 53304
51841 51689
51853 51648
51855 52691
51880 53257
51908 51562
51965 52521
51969 53186
51976 53208
51993 52486
52005 52463
52047 52397
52057 52429
52059 51412
52070 53150
52088 52387
52137 53073
52139 51238
52148 52307
52247 50921
52391 53455
52412 53437
52435 53770
52462 52800
52470 52781
52546 53699
52567 53290
52574 53672
52590 53254
52629 53930
52654 53169
52663 52554
52674 53161
52726 52400
52729 53140
52742 53073
52762 53061
52863 53819
52898 53450
52933 53391
52939 53998
52963 53976
52973 53336
52974 53728
52981 53718
52982 53719
53005 53703
53022 53682
53080 53619
53085 53882
53169 53848
53175 54336
53187 54034
53264 54136
53274 54127
53284 53935
53314 53912
53332 53908
53337 54073
53350 53576
53352 53883
53354 53862
53405 54316
53406 54317
53419 54299
53449 54132
53467 54258
53481 54097
53488 54091
53496 54231
53498 54230
53500 53911
53506 53890
53539 54200
53555 54295
53565 54374
53649 54392
53650 54324
53674 54432
53681 54129
53689 54266
53715 54398
53724 54476
53736 54432
53743 54430
53745 54465
53780 54493
53800 54513
53805 54490
