1512
688 18484
1307 19188
1407 18725
1582 18524
1663 19199
1684 18928
1733 18779
1806 18840
1807 18839
1951 19160
1956 19056
2105 19135
2214 18263
2485 18004
2594 18840
2625 18682
2660 18626
2678 18829
2726 17612
2796 18698
2797 18697
2900 17431
2913 18572
2914 18571
2963 18632
2982 18691
2988 18633
2989 18634
3148 18448
3175 17783
3331 18209
3384 18098
3391 33334
3543 17926
3637 17101
3738 17048
3795 17160
3953 22451
4068 16735
4117 28937
4196 17216
4222 17363
4386 17216
4453 16363
4463 17164
4473 16338
4516 17049
4692 16269
4707 15703
4748 16026
4749 16025
4839 14744
4938 27763
4969 27669
4970 27668
5052 16549
5067 15862
5230 13805
5316 13703
5563 16048
5566 16176
5610 16060
5756 15266
5854 27158
6020 27641
6113 26769
6123 27017
6390 14947
6491 26646
6507 27152
6695 13167
6975 14781
7117 14551
7241 13503
7268 13449
7283 25966
7285 15250
7310 25943
7377 13399
7483 14612
7567 13705
7568 13704
7689 13586
7690 13585
8112 13153
8119 13630
8174 9993
8197 25662
8235 12617
8438 13479
8445 10878
8663 12167
8668 21649
8669 21648
8695 26990
8708 12106
8716 13434
8756 12068
8901 12432
8959 25675
9034 12284
9107 13102
9148 12094
9149 12093
9160 12132
9161 12109
9209 11729
9210 11731
9220 10932
9233 11889
9246 25909
9284 11636
9292 10846
9330 11973
9367 11547
9368 11546
9485 11370
9486 11369
9494 11348
9508 25745
9996 10753
10057 10594
10118 26164
10211 11387
10240 24746
10324 24614
10815 11152
10850 11120
10867 11381
10932 29427
11089 24016
11113 24611
11128 8694
11147 23975
11191 24553
11271 24502
11416 10095
11503 23392
11515 9990
11601 31958
11764 9846
11765 9727
11784 9729
11807 9693
11870 9983
11913 33272
11964 9638
12209 24574
12321 8179
12340 4169
12583 8738
12697 8708
12758 8657
12759 7738
12815 24200
12917 23693
12963 23656
12975 22571
12987 7607
13049 8461
13064 23322
13182 8259
13185 22281
13275 32651
13370 22675
13435 22574
13506 7421
13601 22685
13602 5796
13701 22436
13785 22355
13842 21839
13880 21794
13887 22311
13901 5531
13959 21932
13977 22316
14178 6578
14179 6577
14203 21730
14217 22010
14230 4719
14308 23026
14329 6462
14330 22895
14334 6808
14394 22223
14395 22222
14449 21853
14475 22845
14488 6368
14531 32003
14571 22832
14616 5078
14630 21766
14696 21896
14699 22702
14754 22680
14773 6542
14786 21517
14787 21516
14795 21517
14796 21516
14938 3920
15161 22256
15177 2633
15197 22270
15229 6633
15256 6143
15339 21137
15372 31573
15373 7932
15476 4066
15525 3295
15659 5079
15752 5631
15790 20646
15795 4587
15859 3987
15866 3040
16088 5436
16239 20596
16542 30703
16581 20322
16772 4305
16818 20003
16877 1164
16878 1163
17029 20572
17190 5277
17628 660
17712 3528
17791 3533
18208 3754
18567 20186
18580 3398
19145 29770
19397 29398
19418 36620
19451 29498
19688 30221
19818 30168
19839 18927
19841 18618
19937 29634
19938 29633
19989 19188
20000 18909
20021 30003
20033 29464
20057 18992
20138 19023
20150 29248
20168 18792
20174 30080
20208 18877
20224 28849
20244 36948
20276 18570
20323 29762
20345 18793
20346 18545
20361 18780
20376 18755
20398 37162
20399 29945
20418 29230
20457 18628
20511 29235
20549 29779
20696 18112
20697 18111
20776 15875
20857 28265
20870 17836
20957 28951
21078 17487
21186 36519
21200 28720
21219 28701
21220 28700
21235 28659
21236 28658
21267 17352
21287 29088
21290 17215
21366 28532
21376 28513
21411 29024
21412 29023
21523 3936
21535 28448
21626 16718
21627 16717
21633 16850
21634 16849
21708 28292
21736 16498
21737 16499
21830 16371
21888 28525
21906 28153
21909 28494
22054 16120
22129 27860
22138 15887
22140 15827
22145 15897
22157 27832
22217 15774
22382 27536
22383 27535
22395 28066
22413 16081
22424 14936
22443 27705
22487 28002
22494 27675
22495 45355
22632 35754
22658 15236
22659 15235
22725 27748
22726 27747
22777 15035
22799 15001
22922 27520
23044 26821
23045 26820
23106 14554
23169 26965
23170 26964
23259 26657
23286 35395
23294 14310
23320 27096
23323 35327
23366 26436
23407 27257
23434 13604
23443 35283
23462 13530
23503 13556
23561 13608
23562 26616
23587 26330
23605 26333
23663 35587
23742 12606
23763 26170
23815 26150
23852 26120
23865 34854
23869 26298
23938 26213
23979 12993
24045 26684
24058 12619
24067 26064
24068 26062
24152 34855
24159 34843
24168 26379
24324 12540
24461 25383
24527 12252
24569 26141
24591 25657
24627 25615
24737 11903
24768 24352
24802 34216
24827 11644
25037 33674
25097 33944
25116 33556
25150 25380
25173 33883
25174 33884
25198 33858
25199 33857
25497 23634
25498 33713
25519 24918
25520 24917
25594 24130
25647 40102
25651 24933
25689 33463
25704 24776
25729 10514
25736 20676
25773 32916
25817 24395
25841 24382
25912 24670
25914 24462
25965 25193
25979 33268
26070 33689
26090 24217
26091 24216
26174 23604
26386 33260
26428 39594
26490 32617
26494 32341
26503 32523
26559 23919
26631 33398
26646 32062
26655 22887
26682 33401
26710 23274
26728 33027
26731 32532
26759 31925
26771 32894
26778 23685
26783 23279
26791 39117
26871 32104
26908 32750
26939 7597
27024 6108
27063 31508
27108 32028
27109 32027
27117 23488
27121 32670
27176 31974
27221 22011
27246 22657
27331 32377
27364 32342
27368 23036
27382 31248
27544 31860
27600 31422
27601 31420
27619 31423
27638 21184
27684 31182
27769 31256
27802 22502
27822 21507
27823 21508
27825 31776
27827 31775
27894 30805
28118 19999
28199 10784
28276 22014
28340 20188
28363 30837
28400 31127
28442 30644
28532 20490
28555 19729
28681 30576
28738 21209
28873 31531
29252 20702
29468 42963
29529 37761
29619 30242
30031 37509
30049 37397
30058 30075
30103 29876
30105 37446
30106 37445
30114 30043
30129 37435
30130 37434
30209 30113
30211 30219
30213 37361
30214 37362
30217 30185
30223 30210
30229 30070
30241 30241
30257 37783
30269 30014
30277 37399
30286 29959
30308 37745
30312 37655
30331 30034
30341 19077
30351 29983
30361 29915
30384 29789
30433 29977
30446 37274
30476 29669
30501 37236
30509 29738
30575 18207
30626 42217
30627 42216
30761 37305
30762 37304
30770 29297
30832 42053
30844 29363
30865 29417
30896 29305
30905 36910
30947 36975
30949 29222
30969 29191
30974 28811
31015 37109
31041 29211
31042 36820
31047 36490
31136 37304
31156 29080
31180 29042
31219 36994
31302 16971
31304 36662
31305 36661
31388 36082
31553 36436
31565 36423
31576 28463
31577 28464
31607 28437
31608 28436
31628 28359
31632 27943
31686 36546
31697 28277
31717 36228
31721 28299
31722 28298
31793 35530
31905 28056
31950 41612
31957 41381
31961 28003
32000 27948
32028 35693
32059 27801
32091 15114
32092 15113
32117 41564
32133 41251
32200 41203
32237 27512
32256 27368
32258 35592
32262 27635
32263 27634
32282 41157
32293 14673
32357 27440
32410 26702
32493 27398
32506 35860
32549 35338
32560 27351
32590 35476
32591 35475
32640 35449
32717 35753
32718 35752
32756 35377
32787 35357
32799 35312
32835 35532
32840 40608
32843 25774
32919 34703
32923 35053
33017 34982
33033 26641
33085 34861
33092 34898
33142 40687
33277 40575
33356 34568
33466 26204
33534 40447
33622 34925
33629 40228
33630 34746
33650 40143
33668 40352
33682 40105
33687 40116
33697 39930
33711 40148
33730 34823
33754 40047
33780 34740
33792 40078
33864 25581
33870 25569
33871 25570
33881 33607
33894 40236
33947 40217
33953 25433
33954 25434
33957 39982
33960 40471
33962 33726
34018 39954
34068 33813
34155 34053
34161 40136
34199 40341
34224 40070
34259 24834
34279 40058
34352 34064
34363 33819
34398 33953
34477 39902
34557 39345
34578 33667
34579 33666
34707 39707
34774 39248
34781 32925
34782 32924
34783 39625
34812 39356
34829 32637
34836 39323
34855 39204
34860 39440
34905 39257
34908 39506
34915 32536
34918 23964
34967 33471
34972 33568
34990 32965
35015 39149
35055 39158
35083 39142
35117 39143
35159 39033
35169 38996
35195 32714
35208 32173
35217 39447
35247 38959
35265 39421
35271 39547
35301 38896
35367 32882
35429 43607
35430 43606
35439 38803
35445 39338
35481 38591
35487 44054
35516 32820
35572 38672
35626 39219
35668 38674
35688 31100
35710 38611
35833 32604
35870 38566
35894 38247
35900 39044
35956 32444
35957 32443
36141 38790
36187 38251
36227 38190
36277 31055
36312 30674
36396 30582
36526 37970
36547 38695
36635 30503
36774 38092
37020 42963
37392 37582
37412 37831
37431 42793
37446 37758
37483 42867
37520 42861
37523 42967
37528 42728
37554 37686
37588 42812
37647 42859
37654 37615
37680 37466
37732 37635
37784 37604
37810 37447
37811 37441
37822 42694
37838 37418
37841 42561
37851 42698
37852 42697
37897 37341
37905 42600
37955 42308
37994 37286
38022 42563
38034 42018
38083 37300
38096 42253
38123 42366
38152 37157
38158 42312
38198 42263
38220 45920
38255 45837
38265 37079
38269 42195
38278 42168
38322 42125
38328 42177
38361 36902
38371 36849
38412 42064
38422 36808
38442 41730
38443 41729
38453 36781
38494 36738
38558 41704
38571 41869
38574 41876
38593 41578
38609 36535
38617 41921
38648 41580
38656 36275
38657 28222
38661 41758
38669 41774
38705 36193
38706 45518
38708 45903
38723 36162
38727 41810
38742 41799
38746 36391
38766 45379
38775 36105
38824 41187
38851 35894
38892 41447
38894 45370
38902 45366
38927 41761
38955 41366
38983 36137
38994 41392
39006 41671
39022 41121
39046 40947
39057 41295
39066 41295
39086 35786
39201 35624
39224 35759
39250 40967
39258 35753
39271 41467
39292 41355
39326 45241
39328 40864
39375 41139
39428 44860
39432 41006
39435 41089
39437 41065
39438 41066
39451 45037
39459 41057
39478 41031
39511 45113
39515 45247
39584 41198
39645 16538
39648 44863
39685 48018
39721 40622
39722 40621
39760 44751
39766 44867
39779 40253
39812 44533
39813 44532
39841 34925
39852 44792
39853 44791
39885 17071
39901 25708
39908 44564
39921 40047
39927 40862
39928 40861
39935 44556
39951 44376
39981 44690
39983 34668
39995 34813
40005 44682
40015 40437
40016 40438
40017 44543
40031 44494
40079 44592
40087 44451
40152 40388
40260 39998
40302 39940
40327 40286
40334 40298
40335 44466
40339 44453
40340 44454
40350 44447
40357 39590
40363 44166
40378 44156
40391 44619
40398 39900
40442 44402
40445 39830
40446 39831
40480 44082
40482 33934
40583 39674
40588 43892
40625 44106
40640 39989
40648 44077
40654 39407
40662 43863
40666 44205
40688 39775
40690 39774
40697 44168
40713 40063
40716 44008
40732 39699
40752 39659
40755 44024
40767 43941
40781 43929
40783 39628
40788 39619
40809 39603
40853 39545
40874 47306
40896 44178
40924 47277
40939 43827
40945 38782
40946 38781
40975 39429
41002 39793
41017 39585
41039 44125
41040 47237
41060 43600
41066 43736
41067 38620
41072 39731
41077 44100
41093 43720
41102 43718
41108 44053
41117 39295
41124 44136
41131 44058
41153 43997
41177 43971
41179 43652
41190 39475
41227 39235
41228 39236
41236 43421
41427 46922
41461 43211
41463 43209
41474 38170
41524 43523
41525 43142
41556 39070
41578 43253
41589 43167
41628 38911
41644 43241
41696 43118
41716 38913
41801 43076
41804 37970
41886 43083
41946 3966
42166 42963
42357 14591
42475 42897
42482 46443
42495 46572
42540 42887
42542 46596
42552 46620
42556 42901
42581 46601
42594 46583
42598 42910
42626 46566
42629 46558
42652 46548
42661 3460
42666 42860
42685 42591
42687 42825
42720 46270
42728 42799
42787 46281
42814 46393
42826 49044
42849 42624
42853 46153
42892 42566
42896 46196
42899 46215
42906 46134
42913 42603
42917 45935
42937 42573
42939 42508
42967 48814
42969 46272
42985 46031
43003 45943
43030 45927
43041 45844
43051 42396
43123 48892
43126 42120
43140 42111
43189 42189
43229 42156
43264 45889
43270 45709
43272 45991
43283 45698
43307 42065
43316 45861
43317 45862
43338 45941
43343 45769
43384 48607
43385 36355
43404 41787
43410 41684
43411 41683
43422 45601
43428 45864
43447 48423
43451 48482
43456 45448
43475 45604
43493 45612
43510 45380
43530 45513
43550 48501
43554 45484
43564 41409
43572 45496
43576 45457
43586 45670
43587 41735
43600 45663
43623 45631
43626 48431
43629 35864
43633 45598
43634 48615
43639 41545
43658 45348
43664 41602
43695 41546
43697 48182
43698 45522
43707 40978
43720 48360
43727 41482
43761 45529
43776 41390
43836 45274
43857 41348
43871 45251
43898 45227
43899 45226
43939 48218
43952 48320
43956 45046
43996 44866
44002 45180
44012 45178
44117 47928
44119 44845
44141 45084
44174 44734
44177 47965
44188 47724
44192 45089
44236 44849
44266 44728
44294 47901
44295 47874
44308 44655
44318 47773
44331 45065
44410 44831
44473 47808
44476 47803
44508 44686
44514 44781
44518 44757
44520 44482
44620 47454
44622 44363
44650 47462
44655 47428
44738 44603
44746 44369
44758 47465
44760 44208
44766 47412
44808 44420
44826 47261
44835 47365
44840 44223
44852 44215
44868 47590
44903 47315
44908 47305
44929 47493
44940 44140
44949 43922
44952 47466
44966 47254
44967 44234
44969 47157
44972 44109
44974 47456
45007 43568
45031 47210
45042 49812
45056 47096
45058 47091
45061 47214
45062 47213
45075 47192
45079 47046
45087 47040
45102 47136
45113 44005
45115 43766
45121 49739
45126 43995
45175 44111
45211 43317
45220 43303
45293 46825
45306 43939
45329 46852
45381 46847
45427 46798
45481 43143
45532 46698
45533 46697
45537 38772
45538 43635
45539 43378
45541 43904
45545 43694
45551 43608
45577 43043
45579 43044
46061 49386
46086 51065
46099 46529
46108 49399
46135 49211
46154 46502
46157 46584
46171 49268
46176 46409
46177 46521
46184 46518
46204 46432
46215 46477
46230 46390
46231 46389
46233 46383
46244 49039
46258 48962
46274 46375
46276 46282
46315 49063
46322 49225
46337 15197
46339 49055
46344 49046
46364 46290
46371 46267
46385 46250
46389 46242
46397 50875
46399 50874
46409 48979
46410 48978
46442 48938
46443 48937
46475 46175
46515 50936
46562 48940
46568 46019
46582 46010
46583 46009
46584 46014
46607 45981
46645 48709
46669 45899
46690 45766
46715 48660
46755 45794
46831 45746
46833 48497
46840 48503
46845 48499
46862 48681
46888 48615
46889 45675
46919 45624
46927 45623
46943 45503
46956 45558
46965 45583
47038 48369
47058 48236
47066 48294
47084 48333
47108 48355
47114 50613
47117 50434
47124 48217
47125 48216
47128 48389
47150 45335
47193 50577
47229 48114
47230 48113
47290 45121
47341 50275
47391 40857
47405 50262
47406 51757
47425 47752
47432 47844
47433 47843
47448 50127
47480 48020
47494 50089
47495 47949
47514 44788
47522 47812
47526 50186
47541 47970
47557 44752
47574 50319
47585 49962
47587 47967
47598 47693
47605 50099
47606 49949
47634 47905
47649 47866
47669 50059
47679 47816
47709 51722
47710 49956
47717 47575
47723 49871
47745 47615
47748 49891
47753 51644
47784 47760
47786 49826
47791 49887
47792 49886
47802 47558
47803 47751
47831 49874
47898 49796
47914 49725
47922 49952
47923 47411
47945 49946
47959 49683
48021 46904
48126 49557
48162 46765
48164 49503
48170 49761
48187 46736
48230 46695
48260 47005
48294 49538
48441 51253
48554 51270
48592 51234
48593 49343
48599 51226
48606 51073
48618 49399
48626 49362
48638 51187
48641 51220
48671 49315
48678 49294
48679 49279
48706 51125
48723 52316
48758 49157
48759 49174
48772 49164
48788 51016
48860 50835
48878 51006
48880 50941
48881 50938
48882 50937
48898 46083
48913 48950
48928 50820
48952 50883
48966 48877
49010 50629
49114 48602
49157 52093
49158 52092
49184 48596
49263 50502
49266 48492
49306 45290
49310 48370
49312 50491
49321 48351
49349 50577
49367 50436
49370 50454
49386 48334
49391 51883
49406 51946
49416 48241
49422 50333
49426 50366
49455 50245
49482 51757
49568 51813
49571 51736
49579 51782
49599 50296
49609 50319
49626 51719
49678 51670
49699 50215
49700 51729
49704 51673
49708 51610
49709 51609
49711 51818
49712 51717
49735 50205
49743 49891
49745 50202
49774 51629
49785 51620
49786 51621
49790 51716
49800 50154
49807 51617
49815 49879
49816 49878
49833 49783
49835 49866
49841 51582
49879 51528
49889 51546
49905 51504
49948 49568
49954 49828
50008 51406
50051 51342
50073 51364
50375 51215
50380 51206
50381 51193
50384 51266
50388 52486
50410 51155
50415 51230
50434 51205
50443 52447
50447 52374
50457 51105
50470 52324
50475 51058
50489 51139
50499 51123
50511 52340
50512 52291
50516 52335
50520 51082
50521 51083
50547 52243
50565 51023
50575 52322
50587 50996
50613 52263
50614 52262
50628 52302
50632 50872
50642 52237
50789 52083
50797 53038
50824 50676
50832 50717
50848 50695
50872 50574
50876 50663
50898 52001
50899 53669
50905 52021
50923 51980
50974 52966
50981 52927
50988 52912
51002 51881
51008 51920
51009 51876
51019 51866
51030 52894
51094 50339
51106 52830
51126 52854
51146 51737
51166 51811
51171 51635
51172 51837
51183 52788
51194 52764
51206 51560
51216 51732
51235 52800
51241 50125
51257 51594
51261 52707
51267 53502
51275 52757
51277 52755
51296 52681
51341 51484
51344 51494
51345 52641
51357 52711
51361 52610
51362 52611
51408 51580
51438 52552
51444 52552
51457 51367
51460 52544
51464 51549
51620 53347
51624 52481
51665 52462
51686 53256
51691 53329
51692 53328
51695 52412
51699 53316
51701 53315
51714 52395
51724 53802
51725 53801
51744 53246
51747 52354
51786 53242
51787 53241
51816 53754
51853 52223
51962 53656
51965 53026
51976 53670
51990 52967
52000 52956
52004 52919
52005 52962
52020 53045
52049 52943
52057 52939
52061 52837
52062 52836
52070 53619
52087 52873
52088 52872
52145 52869
52187 53522
52261 53431
52280 53426
52290 52531
52410 53381
52412 53905
52435 54174
52438 52426
52455 53304
52456 53859
52470 53276
52494 53251
52495 53253
52499 53247
52524 53216
52567 53747
52574 53688
52587 53765
52589 53713
52632 54066
52654 52934
52671 53021
52675 53607
52729 53592
52742 54000
52762 53994
52799 53940
52811 53429
52898 53911
52913 53890
52914 53889
52920 53885
52925 53859
52945 54152
52982 54137
53005 54121
53015 54359
53033 54335
53040 54078
53041 54077
53048 54074
53076 54313
53080 54047
53081 54024
53085 54284
53087 53587
53092 54277
53096 54009
53118 54266
53122 53999
53149 54242
53241 54397
53274 54526
53284 54346
53294 54512
53331 54487
53341 54483
53366 54244
53406 54584
53419 54566
53420 54565
53449 54527
53458 54516
53467 54645
53481 54508
53488 54501
53496 54621
53497 54622
53498 54620
53512 54616
53565 54667
53568 54551
53571 54753
53576 54534
53582 54742
53584 54646
53595 54647
53603 54638
53607 54730
53608 54619
53689 54653
53706 54775
53707 54776
53736 54807
53743 54803
53795 54827
53803 54844
53805 54868
53806 54865
