2967
90 19803
101 2225
114 19788
120 1887
169 2189
185 2219
205 1905
208 19832
229 2730
232 20010
238 2544
242 19830
261 19882
329 19958
348 19828
367 2556
370 2715
371 2716
379 2175
425 1794
455 2668
505 2861
517 2862
520 20206
534 20222
541 2374
560 19815
571 19815
617 2855
636 2438
700 20220
712 20322
750 20057
757 2574
761 2291
801 20367
806 20233
811 2963
812 3212
834 2734
895 3554
934 3091
957 19989
971 3385
1003 20091
1010 20279
1014 3384
1022 2486
1043 3517
1045 20557
1058 3221
1089 3559
1106 3540
1120 2940
1123 2935
1137 2947
1140 3658
1153 20254
1154 20255
1167 3700
1168 20472
1177 3694
1232 20468
1237 20309
1251 20511
1260 20610
1302 20537
1307 3760
1322 3483
1335 20493
1344 3837
1352 20805
1378 3812
1387 20596
1392 3795
1395 3858
1405 20844
1421 3878
1423 3840
1426 3831
1476 3872
1496 4104
1502 20525
1507 20749
1529 3666
1568 4401
1577 20947
1587 3997
1589 20971
1609 20207
1615 20550
1620 3214
1706 20794
1729 4238
1731 21335
1741 4257
1765 4276
1770 4290
1771 4291
1772 20867
1779 3993
1794 4780
1795 4781
1819 3845
1820 3639
1823 3646
1833 3668
1841 4455
1855 21118
1858 4225
1863 3676
1868 4112
1880 4080
1885 4444
1924 4560
1954 4588
1955 4553
1961 4523
1962 4351
1996 20939
2003 4611
2014 21094
2036 21081
2045 21034
2048 4759
2053 4458
2079 4657
2097 4806
2104 20986
2105 20987
2121 21326
2122 21327
2155 4788
2163 21020
2200 3974
2211 4658
2213 4744
2214 4745
2218 4765
2219 4766
2225 4734
2252 4521
2254 4794
2255 4795
2284 3920
2318 20651
2350 5216
2373 21311
2392 3979
2413 4639
2418 5206
2444 5208
2463 4976
2464 4977
2487 5146
2502 5000
2520 5197
2529 21449
2534 21335
2559 20811
2619 5392
2659 21373
2683 5087
2685 5353
2699 5459
2721 5196
2725 5185
2746 5627
2752 5413
2783 21465
2794 5666
2796 5520
2797 5521
2860 46429
2913 5459
2930 5818
2973 5647
2982 5573
3020 5635
3021 5972
3022 5973
3045 5715
3090 5202
3107 5279
3129 5741
3135 5271
3139 21760
3148 21688
3172 6135
3243 21743
3277 6186
3318 5492
3348 6046
3384 6089
3419 5643
3457 5982
3480 21949
3543 6320
3564 6378
3565 6379
3629 6443
3636 6619
3637 6620
3718 6709
3762 6792
3763 6793
3794 6931
3795 6932
3831 6171
3832 6950
3833 22684
3848 21968
3967 7038
3990 7291
4001 7136
4005 7086
4039 7161
4040 22590
4050 7189
4068 7209
4088 7431
4092 22539
4104 7265
4117 7246
4118 7247
4177 7312
4190 7293
4193 7055
4267 7640
4296 7300
4358 7507
4426 7593
4453 22767
4487 7874
4502 8149
4508 7335
4512 7694
4525 22610
4549 7747
4587 7874
4605 7421
4748 7973
4867 8942
4894 8129
4901 29289
5011 22892
5042 7732
5067 8572
5283 7454
5345 7925
5356 23434
5487 9230
5517 8809
5522 8124
5584 9318
5617 8883
5621 8883
5640 8945
5666 8247
5717 9437
5718 9493
5755 9171
5782 9513
5799 8533
5827 8558
5834 9130
5846 9360
5865 9637
5885 23317
5924 8608
5969 8314
5972 9365
6050 23452
6051 23453
6052 23730
6081 9380
6104 9442
6185 23801
6186 23802
6194 9530
6264 9568
6281 9560
6308 9259
6323 9599
6325 23616
6356 9182
6370 9328
6395 24081
6423 9748
6451 9713
6472 9758
6473 9759
6479 9788
6510 9785
6564 9854
6586 23989
6611 9904
6669 9957
6698 9825
6699 9826
6805 10123
6891 24162
6931 10023
6964 23693
7065 10152
7085 10116
7154 10409
7186 10369
7238 10405
7241 10263
7247 10267
7268 10284
7274 10738
7282 9389
7283 9390
7314 10259
7335 10791
7349 10377
7361 10424
7371 10620
7398 25195
7473 11249
7483 10635
7491 10697
7502 10718
7559 9807
7592 10721
7622 24454
7626 10832
7644 10632
7653 10838
7658 10680
7689 10851
7690 10852
7745 10907
7746 10908
7803 10782
7884 10935
7894 11076
7910 11121
7911 11122
7914 10846
7929 11027
7951 11157
7952 11158
8096 11087
8100 11304
8179 10641
8181 11278
8283 10964
8284 10965
8292 11321
8352 11596
8408 11648
8465 11750
8609 11836
8641 11627
8649 11634
8704 11679
8708 24962
8709 24963
8756 11736
8765 12006
8807 11018
8841 12061
8914 11953
8946 11989
9031 12154
9080 11889
9117 11889
9162 12268
9184 12309
9198 12105
9209 12179
9228 11856
9243 21393
9245 12218
9246 12215
9271 12291
9284 12250
9291 12251
9292 12115
9330 12433
9347 25304
9367 12311
9368 12312
9380 10357
9385 12596
9393 12479
9447 12235
9462 12613
9467 12419
9492 12195
9499 12387
9506 12550
9507 12469
9508 12470
9509 12471
9570 12185
9612 12685
9614 12478
9629 12501
9742 12445
9743 12446
9764 13034
9787 6722
9900 12443
9982 13084
10102 13081
10240 13062
10243 13267
10296 13135
10439 12977
10446 13553
10740 13425
10747 13604
10815 14324
10848 26136
10850 14354
10956 13302
10967 13873
11113 13946
11169 13751
11241 13526
11280 14355
11416 14833
11631 15007
11785 15160
11807 15179
11882 14112
11883 14113
11943 14927
12122 15094
12133 27158
12285 15417
12304 15257
12315 14478
12388 15495
12422 15751
12451 15393
12456 26778
12473 15410
12612 14954
12657 15286
12711 16069
12731 15529
12760 15501
12773 15016
12794 15759
12807 15533
12815 16165
12819 15475
12916 15742
12917 15743
13088 15958
13100 15790
13135 15879
13185 15245
13186 15849
13210 16543
13238 16569
13258 15963
13287 15830
13428 15923
13509 16588
13571 16664
13602 16129
13635 16156
13929 16567
13938 16782
14126 16495
14137 17063
14181 17102
14230 16547
14261 16940
14262 16941
14329 17212
14518 17158
14571 28282
14630 16886
14661 17008
14742 17142
14759 17229
14836 17650
14846 17643
14942 17635
14968 17502
15066 17274
15110 17648
15182 17760
15253 17761
15306 17463
15415 17910
15753 18443
15834 36097
16268 18215
16331 18274
17148 18639
18773 29709
18779 2004
18790 29930
18800 19494
18830 29971
18872 19576
18873 19577
18897 19619
18898 30024
18899 19629
18905 20045
18922 29866
18926 19655
18930 19670
18934 30278
18937 19874
18964 19707
18965 19708
18968 19713
18986 19720
18995 30230
19010 19954
19051 30112
19058 19890
19063 30366
19069 30002
19080 29751
19093 20054
19099 30044
19112 30203
19113 30321
19114 30424
19115 20075
19116 19858
19117 19859
19121 19856
19125 19864
19140 20183
19141 19909
19145 19751
19146 30072
19181 30099
19185 30487
19186 30488
19196 20393
19205 19991
19253 19950
19261 30411
19262 30412
19263 30539
19277 19820
19297 30189
19301 19863
19316 30279
19335 30246
19340 30511
19341 30512
19348 20586
19362 20417
19372 30269
19382 20087
19400 20445
19401 20446
19405 20440
19421 30592
19428 20535
19450 30733
19470 20178
19471 20179
19476 30773
19482 30664
19502 30776
19503 20467
19513 20590
19517 20545
19554 3272
19565 20600
19576 30682
19581 3901
19586 30670
19599 20684
19615 30894
19628 20929
19636 30919
19648 20813
19655 4068
19694 4149
19727 20833
19741 38169
19749 21052
19750 30690
19767 20965
19811 20917
19820 30928
19829 20944
19839 30960
19840 30961
19841 20913
19844 4385
19847 20879
19855 20897
19867 31009
19868 20808
19876 31101
19886 4534
19887 4535
19891 20459
19893 21068
19911 31129
19920 21059
19922 21060
19930 21043
19946 30944
19954 21009
19976 30901
19980 20910
19995 21380
20000 31062
20020 21114
20030 31121
20034 30946
20039 31214
20057 21076
20076 21432
20086 21210
20087 21211
20110 21232
20111 21233
20112 21357
20121 21225
20127 21276
20137 21062
20139 31196
20162 21271
20168 21257
20171 5000
20175 30804
20191 31232
20192 31233
20202 21181
20205 31272
20206 31273
20212 21165
20228 21294
20244 30856
20245 30857
20259 21337
20260 21332
20268 21408
20281 21348
20289 21385
20294 21456
20295 21457
20333 21597
20334 21490
20345 21454
20389 31295
20398 31252
20424 21547
20425 21548
20449 21595
20453 21622
20474 21602
20519 21818
20544 21901
20556 5343
20569 21690
20571 21700
20583 21948
20591 21957
20621 22001
20643 21962
20704 21841
20712 21556
20726 31481
20738 21599
20739 22107
20843 22089
20856 22545
20952 31753
20979 9499
20995 31718
20997 22308
21001 21915
21003 6698
21028 22243
21035 22284
21054 22394
21055 22395
21117 22588
21118 22589
21121 22612
21288 22997
21352 32418
21365 22798
21389 23210
21397 22825
21405 22835
21411 32148
21429 8274
21435 22761
21463 23020
21496 22932
21530 7609
21535 23001
21538 22981
21564 22792
21639 32256
21704 32205
21705 32206
21708 23175
21736 7657
21760 23535
21761 32261
21802 22860
21829 22876
21875 23325
21906 32642
21919 32326
21976 32822
22005 23483
22017 23423
22018 23424
22040 32722
22045 23140
22058 23441
22064 23465
22065 23466
22087 23732
22112 23354
22122 23468
22127 23571
22129 23541
22138 23264
22140 32889
22149 23585
22150 23586
22178 23252
22193 9279
22194 9280
22200 23638
22232 32807
22250 32653
22271 23715
22282 23761
22371 9593
22382 32911
22383 32910
22390 23832
22403 23320
22443 23923
22494 33014
22500 23595
22566 24034
22600 9996
22612 24046
22613 24047
22614 24086
22616 9875
22627 23931
22663 24136
22708 33175
22725 9881
22731 24157
22757 24180
22765 24226
22778 24245
22801 24394
22804 24211
22846 24265
22861 10214
22863 24310
22980 10285
23003 33401
23030 24425
23045 10492
23062 33420
23074 24455
23075 24456
23100 24390
23148 24429
23157 24187
23169 24518
23170 24519
23241 24657
23254 24511
23286 24570
23289 10584
23306 24541
23307 24542
23320 24683
23366 33537
23377 24662
23434 24784
23479 24758
23481 11460
23486 24861
23498 24888
23514 24332
23587 24808
23590 12242
23628 24609
23727 24801
23734 24801
23815 25076
23816 11846
23817 25177
23852 25112
23862 25170
23866 24711
23881 25145
23882 25138
23906 25223
23914 25173
23940 25204
23941 25275
23979 33986
24035 25198
24068 25357
24084 24938
24085 25375
24098 25379
24112 25512
24118 25322
24150 25391
24151 25386
24159 34079
24171 25376
24209 12924
24213 34214
24362 25569
24363 25570
24366 25340
24399 25597
24400 25598
24468 25694
24508 25619
24514 12682
24550 25667
24569 25575
24592 34380
24633 13672
24640 13492
24667 25962
24684 13178
24731 26020
24737 13646
24753 25974
24802 26034
24808 14243
24809 14244
24881 26089
24940 34526
24966 14085
24969 13895
24986 26307
24987 26308
25135 13926
25140 25956
25150 26741
25156 26530
25157 26531
25173 26309
25174 26310
25209 26031
25215 26027
25222 26363
25284 13474
25336 26849
25363 26383
25385 13966
25424 26713
25537 15381
25575 15448
25576 15449
25585 27500
25627 26830
25648 27248
25651 26975
25663 14945
25673 26841
25679 27026
25698 15426
25699 15427
25704 27041
25729 15477
25730 15476
25735 27208
25776 27373
25777 15194
25781 15374
25818 15867
25819 15868
25822 27052
25861 27032
25882 15561
25893 27130
25908 27112
25914 15760
25918 26786
25923 15580
25943 27162
25945 27073
25973 27329
25977 16105
25992 27249
26011 16141
26015 15741
26022 27176
26059 27492
26097 27669
26123 16121
26170 15658
26174 15869
26203 15657
26223 16059
26338 27516
26347 27367
26379 27643
26419 27672
26420 16312
26448 27421
26469 15973
26482 27568
26489 27720
26494 15792
26498 16308
26507 27834
26540 27635
26546 16701
26555 16158
26579 16295
26620 17512
26655 27775
26675 27764
26678 16797
26679 27926
26731 16587
26759 27607
26793 28051
26867 28061
26899 28075
26920 28015
26928 17282
26940 28136
26961 28146
26979 28148
26994 16766
27024 22789
27101 17047
27120 17542
27121 17543
27197 28458
27218 17079
27305 17781
27502 28633
27516 28640
27683 28426
27684 28427
27735 17895
27752 17735
27769 28635
27784 28849
27822 18346
27823 18347
27826 28851
28094 28838
28097 32146
29361 30022
29371 19695
29375 29911
29378 29654
29382 29885
29384 29732
29385 29808
29386 29919
29391 37381
29403 30026
29404 30027
29405 29788
29421 29565
29426 37544
29429 29877
29433 29883
29441 29890
29443 30003
29448 30158
29476 37573
29486 19747
29488 37521
29504 29931
29515 37508
29526 37365
29529 29942
29530 29943
29531 30255
29543 30386
29551 37546
29583 30407
29587 37599
29627 30096
29628 30097
29634 37596
29645 30425
29658 30142
29659 30144
29665 37511
29668 37678
29671 37669
29672 37670
29676 30444
29677 30445
29692 30464
29695 30455
29721 30481
29722 30506
29723 37585
29726 37518
29728 30629
29731 30525
29740 30505
29741 30506
29744 20446
29750 30502
29751 30503
29753 30534
29762 30513
29765 30526
29776 30531
29781 30583
29795 30558
29797 30557
29820 30584
29839 30676
29840 30677
29841 30640
29846 30372
29870 37628
29879 30684
29906 37860
29907 37721
29908 30432
29910 37826
29921 30595
29923 30906
29924 37941
29925 37942
29958 30792
29962 30446
29991 30794
29995 20733
30008 31019
30033 30863
30036 37928
30038 31058
30047 37943
30048 30916
30055 31085
30057 38001
30061 30924
30062 30943
30065 37939
30077 31106
30078 30976
30083 30990
30104 30984
30105 37888
30106 37889
30114 31025
30119 30989
30156 31020
30189 38172
30194 30933
30202 31027
30203 37820
30205 21045
30207 31119
30213 37982
30214 37983
30215 31090
30217 31091
30223 31120
30231 31096
30232 31097
30236 30818
30241 31012
30257 31113
30260 31267
30269 38065
30286 38095
30302 31114
30303 31158
30306 31201
30308 31165
30312 21464
30349 38113
30351 31211
30373 31306
30374 38135
30384 31328
30414 31363
30425 38240
30435 31367
30439 38215
30440 38216
30450 38214
30466 38209
30523 31467
30545 31493
30565 31381
30568 31386
30575 31526
30627 38265
30636 31776
30637 31777
30650 31451
30658 38407
30665 38267
30706 38448
30727 31872
30728 31873
30732 6818
30745 8960
30761 31779
30789 31646
30832 31462
30844 32019
30893 31810
30919 31840
30950 32160
30960 31805
30968 31828
30969 31800
30970 31801
30973 31929
30974 31930
30981 32033
30982 32034
31037 32254
31041 31870
31042 32024
31080 31738
31238 32379
31257 39017
31298 32172
31304 39049
31305 39050
31306 32462
31359 32439
31360 32440
31438 32630
31441 32313
31471 32135
31492 32590
31520 32545
31521 32546
31565 32684
31566 32685
31576 32357
31577 32358
31588 32560
31589 32434
31590 32435
31603 32853
31607 32384
31608 32385
31638 32711
31654 39153
31674 32731
31675 32729
31676 32730
31677 32775
31690 32537
31695 32756
31706 32907
31713 32821
31714 32773
31724 39160
31729 32838
31756 32845
31782 32847
31785 32877
31814 32995
31820 32896
31821 32882
31822 32883
31838 32746
31844 32758
31908 39455
31927 33038
31928 33039
31929 33041
31953 23989
31954 33064
31961 33056
31976 32646
32024 39528
32115 33201
32121 33214
32128 33228
32133 32970
32139 33163
32144 33262
32145 33263
32172 33265
32180 39622
32192 39641
32200 33042
32218 33328
32223 24259
32241 33339
32256 33388
32258 33280
32262 39658
32282 33110
32283 33178
32293 33380
32325 33423
32332 33164
32333 33165
32339 33456
32369 33602
32410 24443
32417 33523
32421 24246
32528 33548
32560 33583
32591 33632
32606 33662
32616 33690
32632 33313
32640 33680
32641 33677
32644 33623
32698 40788
32699 33767
32717 33716
32743 33786
32773 33803
32799 33812
32820 33841
32823 33852
32835 33850
32843 33745
32846 33798
32847 33799
32870 33896
32873 25097
32879 33822
32886 40047
32926 33865
32939 33855
32946 25201
32957 33907
32966 33972
32975 33951
33008 25256
33020 33999
33028 33700
33035 33844
33059 34379
33085 25305
33121 34107
33127 34001
33143 34211
33217 25625
33242 25652
33265 25682
33268 34141
33275 34182
33308 34335
33327 34348
33364 25727
33366 34296
33413 9018
33423 34345
33436 34353
33464 40409
33511 25966
33513 34427
33524 25847
33525 25848
33622 34408
33641 34533
33642 34534
33647 34519
33649 34498
33668 34511
33700 34489
33723 34520
33729 26146
33749 26296
33754 40544
33755 34650
33780 34664
33789 34718
33792 34560
33798 34588
33824 26273
33833 34556
33835 34757
33853 34659
33854 34660
33864 34753
33866 34703
33870 34759
33871 34760
33877 35044
33894 26289
33900 35042
33933 35080
33953 26465
33954 26466
33960 35106
33963 26521
33974 34565
33993 34799
34095 34838
34099 34896
34135 35091
34161 35045
34200 27124
34228 26540
34243 35225
34295 35273
34319 35295
34325 35311
34327 34891
34352 35316
34353 35317
34395 27386
34399 35284
34429 35477
34444 26984
34459 26707
34477 27138
34488 35130
34516 35367
34533 35214
34544 35682
34553 27548
34555 27218
34570 35280
34579 27594
34658 35613
34675 35827
34688 35238
34700 27534
34724 35774
34730 27416
34743 27365
34773 35735
34781 27509
34782 27510
34783 35663
34784 27672
34804 41084
34812 27421
34813 41089
34855 35596
34881 35688
34896 35780
34915 27630
34947 41396
34978 27799
34997 27764
35005 35860
35024 35874
35027 27776
35028 27777
35037 27962
35055 27753
35078 35915
35084 16558
35088 27842
35117 27827
35120 36254
35138 36044
35177 27920
35179 28200
35195 28223
35217 28236
35237 28269
35247 35971
35258 28208
35265 28294
35271 28328
35293 36008
35312 36020
35329 36225
35345 36326
35444 36325
35445 28542
35447 28538
35516 28524
35521 36237
35534 36457
35551 28583
35568 36144
35584 28579
35587 36548
35736 36590
35743 36421
35767 36445
35785 36614
35802 36476
35810 28490
35853 28873
35893 36429
35894 36430
35895 28878
35947 36615
36053 28808
36085 36647
36093 36652
36920 37392
36954 37361
36965 29919
36969 37323
36970 42470
36971 42471
36977 37523
36978 37524
36979 42493
36982 42488
37012 45980
37025 37595
37028 42538
37030 42483
37034 42534
37035 42535
37045 42489
37061 42486
37110 42402
37113 37594
37119 37427
37120 37428
37139 42502
37152 42579
37174 37390
37178 37756
37179 42637
37181 37679
37186 37686
37188 37532
37205 37514
37211 37518
37217 37708
37220 37805
37227 37447
37228 37448
37240 42633
37246 37744
37253 42683
37276 42767
37292 37802
37308 37812
37311 42710
37313 42790
37318 37816
37319 42626
37328 37806
37329 37807
37336 37919
37337 37920
37347 43601
37351 37947
37357 42825
37363 42672
37390 38009
37392 37819
37398 42854
37403 37649
37406 42733
37410 38033
37411 38034
37413 37922
37418 42745
37423 38047
37424 37933
37425 37934
37426 37928
37428 37967
37429 37840
37433 37923
37435 37924
37439 42756
37443 37943
37455 38070
37459 37986
37461 37944
37462 42812
37469 37994
37488 38010
37489 38011
37498 42944
37502 38024
37505 42872
37510 38012
37523 42859
37525 42860
37526 42861
37528 42871
37538 38021
37545 38050
37554 38207
37567 38121
37568 38122
37577 38002
37583 38036
37584 37841
37588 43005
37592 38230
37607 42886
37608 42910
37611 38104
37623 42985
37632 38284
37638 43011
37644 38138
37647 38143
37651 38150
37653 38146
37676 42994
37678 38193
37684 42991
37685 38187
37695 38296
37710 38303
37712 43017
37713 43074
37732 38286
37733 38234
37739 38218
37754 38379
37784 38304
37807 38374
37808 38382
37810 38478
37819 38447
37830 38515
37835 43198
37841 38469
37851 38417
37852 38418
37859 38449
37860 38424
37861 38425
37864 38503
37866 38393
37870 38511
37876 43152
37891 38372
37924 43196
37931 43191
37933 38472
37935 38467
37936 38556
37963 38538
37976 38509
37986 38531
37994 43286
37998 38529
38027 38562
38047 43417
38048 38621
38050 38577
38051 38647
38060 38600
38071 43279
38075 38660
38085 38845
38096 38619
38097 38704
38134 38658
38137 43368
38138 43369
38140 38874
38152 38895
38158 38767
38160 38810
38174 31852
38177 38937
38198 38798
38200 43515
38203 38742
38231 38840
38232 38769
38239 38625
38243 39000
38255 38651
38268 38876
38269 38877
38278 38898
38293 38940
38310 38832
38328 39016
38333 39017
38347 43528
38412 39060
38413 39061
38432 39159
38442 32306
38514 43575
38541 39033
38550 39013
38558 39134
38567 39319
38569 39040
38571 39223
38595 39119
38597 39276
38633 39199
38641 39169
38656 39342
38657 39332
38669 39329
38671 43708
38701 39392
38702 43711
38723 39429
38746 39444
38763 39375
38775 39494
38789 39517
38797 39339
38819 39484
38918 43995
38927 39501
38937 39731
38943 39644
38949 39642
38953 39656
38966 39619
38979 39658
38994 39621
39003 39751
39006 39654
39016 39719
39017 39720
39019 44013
39031 39721
39032 33432
39045 39732
39057 39702
39058 39703
39066 39702
39067 39703
39068 39474
39097 39765
39098 39766
39132 39692
39133 33548
39158 39855
39202 33690
39211 39752
39224 39770
39233 39788
39271 33983
39292 40034
39293 40035
39304 39927
39311 44228
39319 40073
39324 39940
39326 40004
39327 40005
39335 40013
39336 40014
39363 40109
39368 40043
39375 40103
39404 33934
39411 40010
39418 40057
39419 40058
39428 39892
39435 40160
39437 40163
39438 40164
39440 40037
39444 40173
39448 40179
39456 40161
39459 40189
39478 40216
39483 40195
39484 40196
39511 44417
39512 44424
39526 40219
39528 34211
39533 34083
39568 40209
39570 40340
39572 40237
39599 40088
39615 40115
39634 12476
39644 40296
39654 40308
39655 40305
39665 47580
39675 34296
39685 34257
39715 34345
39716 40396
39721 40406
39722 40407
39753 34236
39758 47632
39766 40454
39780 40468
39802 34444
39803 40463
39841 34408
39852 40551
39853 40552
39885 44822
39898 40560
39904 40599
39927 40570
39928 40571
39962 40603
39964 34757
39970 34556
39986 40703
40000 40634
40030 40676
40041 40663
40042 40643
40058 40785
40098 34862
40100 34808
40188 35309
40189 40772
40198 34978
40224 41063
40230 35225
40245 40957
40258 35266
40275 35271
40293 40954
40298 40981
40301 35219
40316 47959
40326 41034
40334 41099
40335 40987
40340 40980
40347 45034
40350 40996
40357 35098
40374 41080
40379 35290
40391 41219
40397 41076
40405 41124
40415 35448
40427 40873
40442 41100
40445 35439
40446 35440
40449 44990
40455 41114
40468 35492
40477 45104
40480 35242
40485 41087
40495 41190
40496 40971
40534 41141
40541 35485
40546 41240
40579 35705
40589 41214
40605 41226
40608 35562
40625 41196
40648 35626
40650 41363
40654 41227
40691 35611
40697 41306
40716 41273
40766 36049
40769 41467
40790 35985
40793 41377
40805 27842
40810 41378
40812 36076
40853 36120
40866 41447
40870 41577
40874 41405
40875 41406
40881 36090
40887 41508
40890 41409
40896 36196
40919 41551
40924 35980
40932 36246
40933 41608
40937 36249
40968 36205
40977 36052
41005 41551
41014 36150
41040 41537
41056 36151
41059 41455
41066 41555
41069 36309
41072 41663
41102 36210
41107 41704
41117 36470
41124 41714
41131 36490
41137 41617
41154 41745
41184 36487
41185 36488
41190 41767
41200 36456
41208 41794
41244 36672
41256 41638
41277 41839
41278 41884
41305 36614
41309 41822
41413 36477
41426 41855
42118 46007
42122 42420
42127 37322
42128 46014
42142 46022
42168 42362
42181 46097
42184 46123
42186 42453
42189 46065
42193 42524
42201 46058
42207 46082
42208 46083
42211 46090
42224 46093
42225 46087
42226 42540
42230 42615
42236 42532
42237 42572
42249 46122
42251 42518
42257 42595
42261 42602
42262 42603
42269 42465
42281 46147
42286 42617
42300 42639
42304 42643
42311 42651
42312 46171
42327 42682
42338 42690
42349 46115
42350 46116
42357 42727
42358 42704
42363 46057
42367 42567
42368 42568
42383 46224
42386 42762
42387 42764
42401 42743
42408 46308
42412 42768
42425 46260
42442 46332
42454 46238
42469 42805
42472 42852
42475 42904
42484 42844
42486 42847
42495 46363
42500 46313
42501 42864
42512 42866
42535 42913
42554 42999
42570 43006
42577 46378
42579 42953
42580 42954
42581 42943
42583 42876
42594 46376
42598 42964
42623 38173
42626 42984
42629 46403
42650 43097
42651 43098
42652 43015
42653 43007
42654 43008
42686 42981
42712 43109
42719 43064
42731 46434
42732 46435
42740 43143
42743 46472
42758 43099
42760 46465
42761 42987
42764 43059
42768 46517
42770 46524
42772 43180
42785 43171
42792 43155
42803 43156
42815 43250
42826 43141
42827 43142
42843 38410
42849 43349
42860 46574
42875 46485
42880 43285
42891 43298
42905 46617
42926 43331
42941 43256
42965 46749
42969 43319
42981 46752
42990 43386
42991 38618
43046 43450
43050 46728
43057 46661
43075 38827
43076 38828
43079 43395
43081 39030
43121 46729
43140 43640
43151 43671
43157 43456
43161 43501
43162 43661
43209 43672
43217 43535
43238 46917
43241 43693
43258 43605
43262 43695
43267 43718
43269 43668
43271 39059
43280 43813
43291 43820
43306 43678
43312 43706
43316 43793
43317 43794
43326 43713
43339 46932
43352 43824
43353 43825
43354 43826
43368 43832
43384 43796
43385 43909
43397 47060
43407 43790
43408 43874
43411 39422
43415 46986
43450 47125
43451 43815
43456 39339
43473 43945
43479 43962
43498 34436
43506 43964
43510 39415
43516 43940
43526 43868
43529 47177
43550 39584
43551 39585
43572 43988
43578 44057
43579 44058
43582 44037
43584 44038
43585 44039
43586 44142
43588 44003
43589 44004
43599 44046
43600 44167
43602 43900
43611 47106
43620 47257
43629 44063
43630 44064
43639 44100
43673 44111
43686 44152
43690 47309
43707 44105
43718 44223
43720 47333
43730 44188
43732 44238
43756 47360
43761 44148
43776 44284
43794 44249
43811 44321
43830 44318
43836 44324
43847 44325
43849 44286
43871 44362
43872 44381
43878 44377
43879 40174
43883 40096
43886 40172
43898 44398
43928 44314
43939 44418
43962 44435
43968 44350
44002 44535
44022 44545
44033 44500
44057 44544
44058 44461
44080 44552
44087 40466
44093 44627
44119 40472
44141 40692
44147 44600
44148 40456
44169 40743
44175 40623
44192 44641
44247 44548
44264 44723
44266 44742
44271 44765
44274 44751
44294 44756
44317 40777
44330 44739
44342 44745
44345 44776
44372 44784
44373 47811
44405 44833
44406 44834
44463 44753
44470 44935
44473 44907
44492 44882
44495 40941
44510 40995
44511 44974
44514 44982
44520 44939
44570 41166
44586 41194
44599 45057
44609 41094
44615 41225
44622 41057
44634 45112
44635 45073
44640 45156
44650 40939
44651 40933
44657 35737
44658 41110
44666 44996
44675 45109
44677 45070
44685 45088
44689 40997
44706 45127
44712 41199
44728 45126
44733 41281
44738 45184
44757 45130
44758 45131
44763 35670
44808 41533
44809 41534
44813 45293
44814 45197
44829 45333
44831 45239
44843 41353
44844 41354
44858 41509
44859 41510
44893 45340
44900 45283
44910 45339
44945 45286
44951 41631
44952 41632
44966 45312
44969 45279
44972 41644
44974 41643
44995 45413
45031 41543
45042 45367
45043 45368
45045 45485
45050 45445
45056 41527
45061 45394
45065 45424
45075 41616
45083 45411
45102 41628
45103 45501
45113 41821
45123 41831
45126 41835
45127 45535
45130 41798
45158 41870
45177 45554
45185 45472
45293 45527
45329 41880
45765 46018
45767 45956
45770 48630
45771 45990
45773 48653
45781 46011
45782 46060
45791 48680
45798 45989
45803 45933
45814 45960
45815 45943
45823 48620
45827 46035
45832 46112
45836 48699
45838 48700
45843 46079
45853 46089
45861 48691
45862 46021
45863 48709
45864 48710
45869 48690
45884 48746
45888 46201
45894 46073
45897 48719
45899 46163
45903 42643
45909 48701
45920 48745
45930 46190
45938 46144
45940 46056
45949 46213
45951 46207
45956 46280
45957 46068
45958 46069
45964 46297
45970 48769
45976 48776
45999 48806
46003 48792
46007 46300
46018 48834
46026 46185
46030 46230
46036 46322
46047 46258
46049 46324
46054 46283
46055 46284
46060 46371
46078 48832
46087 43050
46093 46407
46104 48903
46107 48859
46118 46261
46122 46267
46125 48853
46130 48906
46135 46394
46137 46383
46138 46384
46146 38295
46147 46393
46150 46391
46160 46386
46172 46429
46175 50592
46204 46500
46210 46514
46211 46509
46212 46510
46231 46526
46241 46489
46253 46547
46258 46436
46260 48978
46270 48985
46274 49057
46276 49018
46283 46498
46293 46545
46294 46521
46304 46533
46314 46595
46315 46596
46329 46621
46333 46593
46339 46644
46344 46623
46353 46610
46365 46677
46402 49105
46420 46628
46424 46692
46442 46743
46443 46744
46462 46770
46463 46771
46471 10594
46489 46687
46537 43717
46554 46789
46556 46821
46561 46869
46563 46987
46564 46904
46566 46906
46568 46810
46580 46947
46582 46816
46614 46970
46627 46976
46632 43802
46660 49259
46691 47085
46694 47032
46695 46986
46697 47033
46721 49356
46726 47094
46727 47154
46750 47097
46759 47199
46765 47136
46766 47010
46776 47116
46782 47168
46817 47189
46822 49400
46835 47221
46840 47178
46849 47200
46875 47257
46881 47247
46889 47276
46890 47277
46929 47297
46936 47326
46943 47352
46948 47359
46968 47346
46969 47347
46973 44141
46999 47397
47036 47380
47046 47409
47055 47396
47056 47445
47057 47450
47081 47475
47084 44362
47090 44406
47125 47492
47128 47517
47139 44462
47149 47561
47150 47451
47192 47535
47213 47626
47230 47587
47245 47599
47246 47600
47248 47588
47262 44587
47280 47639
47290 47619
47293 47658
47302 44789
47309 44798
47321 44679
47376 47702
47405 47745
47416 47762
47426 44763
47432 44782
47433 44783
47461 47829
47479 49893
47495 47933
47510 47823
47522 44938
47526 47866
47544 45033
47557 47920
47572 44895
47574 47940
47583 47981
47593 44934
47595 45053
47598 47944
47608 48042
47626 45178
47629 45187
47644 48002
47645 48044
47653 48016
47657 47983
47658 47984
47669 45120
47670 45121
47678 48046
47689 47997
47690 47998
47706 48040
47709 48045
47710 45132
47720 48108
47729 48089
47730 45189
47742 45159
47745 45268
47746 45269
47753 48068
47755 45206
47761 45282
47791 45229
47792 45230
47800 45319
47801 45358
47802 45359
47809 48180
47813 45283
47821 45381
47822 45378
47831 48153
47837 48196
47848 48200
47853 48150
47869 48138
47885 48185
47897 45351
47900 48176
47905 45448
47910 45372
47911 45373
47916 45495
47917 45442
47922 45504
47923 45505
47927 45432
47931 48254
47945 48315
47953 45426
47954 45510
47976 48348
48003 45561
48019 48355
48391 48589
48406 48598
48408 48599
48411 48605
48414 50418
48417 50444
48419 50447
48422 48664
48423 48665
48441 48628
48453 50459
48457 48684
48465 50396
48468 48713
48475 48715
48479 48641
48481 48648
48486 48756
48488 50442
48491 50484
48495 50423
48501 48743
48513 50438
48519 48720
48520 48725
48526 48770
48531 50487
48555 50528
48566 50532
48572 50566
48575 48779
48576 48823
48577 48824
48592 48840
48600 48815
48607 48858
48614 48852
48638 48934
48649 48950
48656 50590
48661 48892
48665 48948
48670 48959
48671 48914
48680 48972
48706 50670
48707 48976
48715 49016
48720 48990
48730 49003
48733 49050
48739 49040
48743 50698
48744 50699
48747 49008
48750 49054
48764 49024
48780 49082
48788 50742
48792 49151
48794 50746
48796 49105
48802 50761
48823 50779
48869 49165
48872 49218
48881 50836
48882 50837
48888 49135
48890 49172
48891 49232
48893 49153
48910 49161
48925 49255
48928 49198
48936 49212
48940 49212
48947 50869
48962 49270
48969 50818
48970 49236
48992 50859
49008 47069
49050 49412
49051 49354
49059 49423
49070 49410
49078 49421
49093 49490
49097 49467
49107 49460
49124 49477
49139 49386
49143 49502
49145 49507
49148 49517
49169 51008
49178 49522
49196 49533
49223 49554
49255 47458
49259 49683
49276 49622
49295 47509
49304 51096
49310 47532
49312 49635
49366 49652
49367 49690
49370 49694
49378 47587
49386 49718
49394 49711
49404 49754
49406 49722
49412 49720
49416 47733
49422 49737
49465 49781
49515 47777
49559 47788
49568 49881
49571 47806
49579 49877
49590 47919
49591 47887
49609 47940
49612 47994
49632 49838
49633 49839
49638 47954
49642 49998
49645 49978
49646 49859
49655 49962
49661 49961
49662 47978
49665 49957
49675 47977
49677 49922
49678 49923
49679 48019
49680 48020
49700 49982
49704 47999
49714 48009
49734 50023
49745 50028
49764 50052
49774 50018
49776 48154
49779 50022
49790 50095
49793 48170
49807 50046
49810 48202
49821 48139
49826 50105
49835 50082
49836 50044
49841 50085
49873 48277
49879 48215
49895 48306
49900 50146
49943 48289
50233 50435
50253 50429
50271 51625
50288 51682
50289 51622
50292 51673
50300 50500
50304 50512
50305 50524
50306 51635
50307 50525
50325 50526
50332 51694
50340 50547
50343 51698
50346 50551
50349 50580
50350 50581
50351 50560
50354 50561
50358 50574
50374 51717
50375 50608
50376 50569
50388 51718
50390 50573
50392 50589
50397 51712
50408 50601
50433 51745
50442 51748
50443 50648
50451 50675
50454 50657
50457 50682
50477 51803
50478 50700
50479 50673
50484 50660
50490 50731
50502 50730
50504 50738
50507 51794
50511 50743
50513 51797
50514 51807
50516 50752
50521 49081
50526 50766
50531 50764
50532 51812
50541 50790
50544 50801
50551 50758
50556 50816
50557 50817
50600 50832
50602 50829
50604 49217
50622 50868
50625 50844
50628 51868
50631 50872
50632 50873
50633 50839
50638 51903
50639 50858
50641 50885
50644 49249
50645 49250
50654 51886
50663 50897
50666 50902
50673 50850
50682 50888
50701 49413
50702 50918
50716 50949
50723 50952
50734 49444
50754 50920
50765 50980
50789 49497
50802 50967
50817 51015
50824 51022
50832 50995
50848 51002
50876 51031
50884 51033
50890 51048
50900 51069
50902 49601
50904 51087
50913 51058
50916 51079
50931 51122
50934 49664
50940 51101
50943 51135
50947 51111
50952 49698
50958 51127
50961 51131
50966 51142
50974 51134
50979 51150
51001 51162
51002 49725
51004 51152
51008 51169
51024 51176
51057 51218
51069 51225
51079 51255
51089 49924
51098 51253
51100 49844
51106 49903
51121 51281
51128 51283
51130 51289
51136 51303
51146 49966
51160 51320
51166 51326
51170 51318
51171 51287
51172 51329
51180 51307
51184 51328
51206 49980
51216 50097
51223 50092
51232 50094
51238 52278
51240 51385
51257 50089
51258 51366
51259 51367
51266 50148
51268 50130
51271 51388
51275 51429
51277 51433
51286 50169
51306 50186
51315 50184
51341 51448
51561 52421
51578 52427
51583 51684
51590 51686
51602 51687
51607 52436
51620 51690
51629 51723
51631 51707
51632 51708
51640 52457
51645 52462
51686 51759
51687 51789
51691 51775
51693 52508
51707 51822
51708 51791
51712 51788
51732 51823
51733 51824
51736 51810
51737 51811
51742 51844
51744 51833
51747 51819
51786 51859
51791 51879
51793 52584
51798 51902
51803 51882
51827 51872
51831 51869
51833 51945
51838 51888
51841 51931
51853 50951
51855 51953
51867 50968
51890 52004
51909 52052
51929 52077
51948 52089
51951 52088
51957 52093
51965 52094
51976 52106
51982 52112
51993 52124
52003 51173
52005 52129
52028 51199
52030 52178
52057 51259
52087 52213
52088 52214
52099 51275
52105 52232
52107 52230
52126 52234
52145 51358
52148 52285
52157 51384
52163 51412
52164 52288
52172 52301
52186 51439
52187 51449
52204 52309
52343 52876
52346 52410
52353 52883
52386 52454
52390 52478
52391 52466
52393 52467
52398 52475
52412 52479
52421 52935
52422 52502
52429 52489
52443 52954
52456 52976
52459 52522
52463 52532
52467 52990
52475 52541
52476 52542
52479 52964
52483 52988
52528 51888
52578 52026
52620 52669
52654 52692
52669 52720
52697 52213
52723 52765
52724 52766
52740 52280
52862 53248
52863 53250
52865 52879
52867 53254
52868 52892
52869 52893
52876 52903
52877 52904
52880 52913
52881 53263
52883 52911
52884 53266
52886 53268
52898 52924
52921 52947
52925 52976
52950 52992
52962 52997
52963 52994
52974 53022
52980 53027
52981 53028
52982 53029
53001 53036
53005 53050
53022 53083
53025 53088
53064 53135
53067 53138
53076 52755
53080 53159
53085 52759
53089 53160
53090 53170
53098 53174
53099 53175
53105 53177
53115 53190
53125 53191
53187 53259
53200 53484
53210 53286
53218 53287
53222 53285
53230 53290
53248 53321
53264 53340
53274 53346
53278 53353
53280 53349
53281 53356
53289 31926
53306 53368
53308 53372
53313 53380
53348 53414
53349 53189
53354 53194
53395 53473
53396 53613
53397 53617
53405 53480
53406 53479
53407 53625
53421 53492
53434 53515
53440 53520
53449 53345
53452 53534
53456 11501
53457 53535
53458 53355
53461 53359
53466 53373
53467 53554
53477 53381
53481 53568
53486 53566
53489 53574
53492 53401
53498 53576
53500 53405
53507 53418
53533 53611
53534 53614
53550 53629
53555 53640
53564 53656
53565 53652
53567 53658
53568 53529
53569 53739
53570 53659
53571 53660
53572 53661
53575 53665
53576 53536
53577 53540
53582 53547
53583 53668
53584 53552
53591 53564
53595 53678
53597 53571
53602 53582
53603 53688
53605 53689
53645 53778
53649 53716
53650 53715
53657 53722
53666 53729
53672 53734
53674 53737
53675 53738
53676 53742
53680 53666
53682 53748
53684 53750
53698 53685
53699 53692
53718 53780
53724 53784
53726 53835
53727 53836
53734 53791
53735 53795
53736 53737
53737 53738
53740 53796
53741 53798
53742 53799
53746 53753
53753 53760
53756 53804
53773 53815
53774 53816
53775 53861
53776 53862
53783 53867
53785 53842
53787 53792
53791 53845
53805 53868
53809 53848
53816 53877
53827 53889
53833 53898
