2034
41 18629
92 18614
93 18613
178 18421
202 18463
247 18139
338 18331
379 18333
472 18182
619 29454
628 18018
655 18009
656 18008
680 17960
752 18883
817 17907
953 17947
1079 17668
1135 17798
1142 17561
1174 17685
1199 17730
1201 17486
1318 28762
1336 28870
1337 28869
1436 17195
1535 17105
1602 17025
1607 17146
1619 16958
1649 17418
1650 17419
1659 16963
1701 16266
1723 28598
1729 16862
1894 16807
1950 28406
1954 17064
1955 16773
1956 16771
2034 16507
2058 16764
2059 16724
2102 28526
2106 16420
2123 16407
2128 16397
2130 17014
2137 26238
2163 16349
2182 16967
2254 15761
2322 16175
2438 16650
2445 16635
2516 15441
2517 15442
2579 15363
2682 15959
2715 28013
2734 15489
2861 15783
3005 15453
3101 15675
3202 15284
3221 15115
3365 15519
3612 27333
3836 14463
3933 27134
3981 14166
3982 14165
4080 14201
4112 27072
4117 14876
4142 13683
4338 14644
4458 14612
4465 13734
4522 13390
4534 14558
4535 14557
4560 14544
4568 14292
4583 13796
4597 26731
4624 32016
4625 32017
4657 14535
4695 13698
4744 26741
4745 26742
4781 13839
4806 13922
4842 13700
4872 14283
4912 14265
4955 13645
4958 13972
5039 12981
5094 14019
5174 26587
5185 26479
5196 13028
5232 13363
5296 26223
5375 26354
5423 34958
5590 26143
5627 13441
5643 25972
5710 13082
5955 25871
5982 12245
6145 12966
6154 12571
6169 25724
6386 25497
6485 12617
6486 12616
6549 25702
6620 11875
6698 11220
6773 11819
6776 11807
6792 11731
6874 25149
6996 11748
7034 11714
7035 11713
7121 11462
7161 11450
7208 11396
7209 11395
7259 25036
7270 25298
7326 11244
7395 11156
7396 11155
7593 10914
7634 10889
7650 10051
7655 10920
7757 11517
7804 24837
7817 24754
7884 10669
7887 24595
7959 24555
7973 24920
8114 10674
8278 42282
8353 10324
8401 24289
8466 24258
8471 10925
8525 10163
8560 11190
8562 10293
8563 10292
8610 24099
8633 10770
8634 10769
8820 9890
8832 9705
8883 9651
8938 9615
8945 9672
8991 23917
9071 23871
9072 23839
9240 8456
9324 8903
9328 8627
9361 23847
9389 23602
9390 23601
9411 21276
9448 23789
9493 9493
9591 10058
9599 23874
9617 8266
9663 8458
9675 23680
9720 9079
9748 9045
9807 7674
9847 23423
9898 8875
9970 8820
10214 23260
10259 23458
10392 23435
10578 8513
10593 7812
10594 7743
10600 7655
10635 8969
10688 22731
10694 8774
10846 22840
10852 23406
10907 14071
10970 22567
10982 23828
11013 22537
11078 6757
11321 22725
11359 22722
11390 6839
11484 7135
11574 6589
11576 6121
11584 6610
11642 7778
11681 7751
11736 22679
11761 8129
11822 22142
11846 22343
11953 6295
11989 22570
12018 22478
12105 22056
12179 6001
12249 5935
12261 5923
12272 6290
12285 21918
12291 22400
12311 5856
12312 5855
12449 5696
12450 5695
12455 6513
12457 21557
12466 6155
12467 6154
12471 5855
12549 5849
12648 5957
12649 5956
12670 21428
12758 22054
12759 22053
12801 21990
13035 21443
13057 21252
13062 21236
13175 21196
13338 21636
13474 20906
13588 6187
13646 6258
13946 21198
14105 3802
14226 20999
14354 4538
14659 5407
14692 3369
15145 19835
15179 3123
15391 19718
15484 19425
15529 2526
15561 21176
15701 1437
15742 2342
15792 19546
15809 19646
15847 19982
15854 2680
15879 20069
15923 1209
16069 2466
16129 1245
16154 1017
16158 19393
16240 19367
16293 19290
16408 1469
16421 2830
16556 1317
16609 1950
16664 3896
16785 19344
16879 2834
17047 18940
17144 2198
17176 2057
18053 2152
18054 2151
18260 1573
18306 19735
18503 29631
18539 29589
18587 37238
18612 6823
18657 29491
18658 29490
18682 18284
18760 29331
18763 18205
18778 29510
18779 18177
18797 37013
18808 51449
18826 36957
18896 18100
18944 29117
18951 29094
19006 29074
19122 28596
19123 28595
19199 28724
19236 29014
19243 17640
19247 28858
19266 28787
19325 17216
19334 28939
19337 28526
19338 28525
19363 17370
19365 36662
19386 28689
19392 17337
19394 17344
19408 28818
19409 11156
19410 11155
19413 17314
19426 17005
19447 28584
19451 17246
19465 28554
19513 16926
19520 28292
19553 28591
19568 16723
19571 28572
19611 28735
19612 28736
19625 28380
19629 28729
19664 16597
19671 28344
19695 16705
19713 28658
19720 28636
19723 28056
19740 1341
19741 1342
19751 27921
19761 16473
19832 28234
19864 28470
19924 16343
19945 27750
19951 15309
19954 28127
20022 27901
20045 27880
20057 16025
20061 15999
20080 28080
20095 28176
20116 36036
20171 15653
20183 15627
20191 27455
20200 15475
20309 35812
20323 27406
20352 7823
20368 27529
20405 27477
20417 27615
20424 35828
20468 15186
20600 35688
20633 15147
20710 15058
20741 14768
20784 26912
20801 14820
20832 35555
20917 27350
20925 14383
20929 27016
20973 26967
20986 14573
20987 14572
20988 26955
20989 26956
21034 14550
21043 27260
21049 14036
21062 35333
21076 27175
21081 13995
21100 14016
21118 26804
21131 26777
21201 27118
21207 26896
21232 27078
21233 27077
21246 14032
21276 27032
21285 13966
21286 13965
21311 26710
21329 26992
21333 13887
21341 26972
21346 26673
21351 13958
21357 13579
21374 26350
21384 26551
21423 35117
21432 35195
21437 26519
21441 26474
21447 13860
21460 13473
21470 13510
21473 26331
21483 13479
21490 26781
21502 14613
21504 26499
21511 13681
21599 34806
21622 35021
21786 26262
21825 34755
21901 26280
21915 34577
21920 12919
22001 12711
22002 12712
22148 25797
22214 25667
22218 34368
22296 34291
22297 34290
22324 26034
22329 25606
22340 25572
22355 25493
22421 25444
22496 25347
22521 34316
22539 25343
22589 11864
22623 25253
22715 34046
22734 33989
22798 34198
22825 25043
22857 33921
22867 24987
22868 24986
22878 25326
22893 11648
23020 33974
23096 24749
23107 11232
23186 33620
23187 33619
23190 33737
23315 33538
23398 33403
23421 10527
23425 24462
23465 33608
23466 33607
23467 33376
23485 24450
23530 24553
23534 9790
23536 24398
23571 10337
23595 33320
23629 33233
23638 24747
23645 24354
23663 34922
23664 23726
23689 9819
23716 10132
23730 10113
23733 21904
23775 9674
23883 9866
23888 23442
23920 32971
23923 24144
23935 33041
23956 23734
24005 33102
24034 8838
24081 9108
24178 32769
24203 8661
24259 32833
24315 23592
24337 23848
24355 8535
24443 32869
24464 23934
24517 23596
24518 23386
24519 23385
24541 23158
24542 23157
24570 32650
24655 8668
24683 23552
24718 23508
24746 7681
24775 23461
24785 23452
24808 22841
24881 23557
24882 23556
24938 32031
24942 32302
24956 7538
24962 22712
24963 22711
25021 7173
25072 22916
25076 22609
25096 7237
25102 23471
25139 31846
25205 7036
25218 22638
25220 22646
25304 22374
25305 22333
25306 22332
25357 22456
25512 6470
25530 22199
25534 22742
25619 21300
25716 6302
25806 21829
25817 31305
25828 44007
25872 6646
26035 21455
26045 6304
26051 6249
26072 6259
26089 31097
26113 21426
26161 6218
26227 5792
26241 6088
26250 30897
26251 30896
26275 21874
26310 21064
26337 31300
26347 30842
26388 21660
26465 5336
26646 22105
26741 4172
26753 21765
26812 31018
26819 30937
26839 30775
26970 30533
26996 21758
27009 20448
27083 21419
27097 30850
27130 30814
27131 30815
27138 30798
27249 30750
27365 30335
27386 20466
27434 30020
27462 20314
27482 30208
27510 19892
27554 4318
27606 19130
27628 19920
27630 19494
27639 19873
27661 30490
27730 19850
27753 30013
27920 29928
27928 29847
28075 20442
28130 19659
28132 19026
28147 2432
28223 19175
28260 1400
28294 19106
28470 20023
28542 18982
28713 20091
28737 20318
28779 19429
28938 29643
28946 42380
28990 37047
29003 37221
29005 37244
29035 18678
29039 29509
29071 37143
29075 29467
29111 42147
29144 42118
29150 37070
29151 37071
29166 36957
29170 37079
29185 37065
29192 37128
29193 37043
29194 37018
29214 37034
29239 37019
29243 37108
29244 37014
29257 37097
29275 29326
29297 36919
29307 29157
29342 42213
29368 36927
29407 36930
29511 42047
29512 36825
29528 36784
29547 36881
29590 36780
29624 36817
29627 28705
29642 28829
29644 36393
29647 28902
29654 41895
29677 28635
29705 28645
29713 28722
29743 28643
29808 36736
29838 28495
29845 36594
29859 36510
29872 41836
29877 28695
29891 36676
29897 36441
29907 28437
29942 41732
29943 41731
29962 36424
29973 41655
29974 28267
29981 36387
30002 28534
30103 29569
30142 36484
30143 36482
30144 36483
30191 41610
30200 41600
30274 36353
30292 27992
30297 36134
30395 41376
30401 36090
30419 27851
30437 27720
30444 35918
30445 35917
30491 35894
30512 35889
30514 35828
30539 35855
30558 35787
30594 35687
30616 35748
30629 41394
30654 27484
30664 41365
30685 35690
30686 35804
30690 35596
30700 41351
30705 41269
30729 35870
30733 35648
30748 35624
30754 27458
30776 35606
30787 41168
30802 35574
30822 35579
30893 41215
30907 41193
30909 35429
30933 35412
30960 35498
30968 35386
30976 27240
31015 35524
31020 27223
31068 27146
31086 35417
31091 27107
31108 26732
31113 35544
31114 27069
31150 26933
31185 40948
31189 35163
31211 35463
31217 35213
31228 35201
31251 40910
31252 40902
31298 35083
31336 26614
31370 34976
31467 35068
31484 40618
31493 26361
31506 26454
31684 34687
31686 40445
31734 26154
31753 34534
31801 34867
31885 32012
31916 34430
31917 34429
31929 25380
31930 25379
31972 34371
32022 25728
32025 40269
32032 34309
32065 25782
32135 40156
32145 34301
32160 25455
32172 25650
32190 25409
32205 33917
32242 33969
32347 33809
32363 25170
32379 33979
32411 33740
32429 34353
32434 39995
32435 39994
32438 34336
32439 34021
32440 34020
32471 10814
32475 34254
32631 39917
32644 39871
32661 10445
32679 39771
32730 33709
32738 33571
32763 24260
32775 24790
32821 33684
32840 24706
32841 24705
32854 24441
32882 23957
32909 33362
32911 33361
32926 39679
32929 39675
32970 39593
32971 39592
32981 39587
32991 24124
33012 24497
33030 39544
33031 39543
33039 24071
33040 33482
33042 39531
33066 33081
33086 39496
33110 39468
33164 39428
33192 32769
33195 24281
33201 24292
33214 24275
33232 39569
33233 39570
33265 33171
33266 33170
33280 33009
33313 39290
33325 33246
33328 33091
33334 32660
33357 44503
33407 33421
33417 23319
33425 23960
33427 33399
33429 8864
33504 39106
33537 32576
33556 32335
33595 39231
33605 32637
33624 32229
33631 32776
33676 32730
33677 32728
33760 32995
33770 39198
33785 33003
33798 32450
33799 32449
33822 43527
33850 32871
33855 39091
33862 39431
33866 23471
33951 32413
33986 7342
34001 38770
34002 23087
34061 32274
34062 32275
34078 22423
34115 38937
34141 38614
34158 31979
34186 39018
34243 22839
34385 38761
34393 22795
34427 38682
34443 31690
34447 31735
34452 31685
34459 22702
34460 31182
34472 32435
34489 32414
34500 32374
34508 38277
34587 38485
34588 38261
34636 22341
34674 22300
34753 22193
34760 22179
34825 31368
34851 38044
34896 31056
34916 42900
34921 32052
34974 30643
34982 37931
35045 31110
35103 38225
35146 21764
35148 30900
35185 21913
35219 38116
35257 31031
35263 31041
35411 30912
35412 30725
35434 31502
35439 30700
35440 30701
35607 30521
35645 30305
35650 29922
35660 37654
35663 30456
35718 30135
35755 37600
35768 21246
35807 37644
35812 37645
35922 37489
35958 30949
35962 37454
35995 29771
36014 20667
36045 30851
36049 31277
36057 31139
36120 30082
36226 20128
36249 37507
36325 19628
36380 20243
36410 30617
36411 30616
36470 29832
36471 29831
36724 42380
36731 42410
36771 42337
36778 42312
36807 42382
36818 45875
36848 45857
36858 42354
36883 45957
36892 42267
36893 42266
36901 42325
36902 42228
36903 42229
36905 45969
36942 42193
36943 42194
36959 42204
36960 42203
36979 45763
36986 45758
36996 42214
37002 42213
37005 42210
37006 42211
37009 42141
37018 36974
37027 42151
37041 41985
37067 45696
37073 42085
37088 42086
37114 42114
37131 42100
37160 36751
37161 36750
37166 45667
37167 36830
37185 42075
37200 41953
37229 41865
37249 42007
37271 36569
37288 36592
37311 36433
37351 41808
37361 41863
37365 41938
37366 41937
37371 45557
37381 41838
37392 45539
37394 36371
37403 41915
37422 36363
37447 45374
37448 45375
37478 41525
37521 41640
37532 41549
37549 41611
37557 36134
37574 45406
37578 41537
37580 36329
37585 45348
37593 41560
37594 41629
37599 36025
37603 36196
37635 41376
37676 41347
37677 41346
37690 45173
37694 45453
37712 41544
37713 41543
37718 41484
37739 41276
37749 41413
37752 41434
37782 45106
37797 35866
37816 41441
37818 35826
37819 41310
37832 41180
37840 45149
37847 45137
37861 35873
37888 41186
37889 41185
37909 41233
37912 41125
37919 41239
37939 41174
37941 41213
37942 41212
37943 35753
37947 41211
37977 41188
37982 41110
37988 45046
37989 45047
37998 41170
38001 41201
38009 41155
38024 41340
38031 35524
38047 41119
38053 45001
38065 35565
38068 41100
38070 45039
38072 35589
38081 41088
38093 41077
38094 41075
38095 35506
38132 41055
38143 41198
38163 35348
38166 41157
38195 40927
38201 44910
38213 44931
38214 44932
38218 40872
38230 40952
38234 44922
38237 41101
38245 40971
38248 44936
38265 44802
38267 47849
38283 44827
38284 40912
38309 40839
38311 44762
38326 44847
38381 44753
38397 40949
38417 40956
38418 40955
38458 40509
38469 40742
38489 40625
38505 44665
38509 40888
38554 34687
38577 40809
38583 34805
38588 40816
38589 40814
38624 40542
38660 40489
38661 40374
38663 40725
38706 44584
38709 44517
38735 34557
38745 40447
38746 40446
38767 40436
38798 40381
38805 44437
38812 40389
38830 40377
38831 40376
38840 40340
38841 44396
38862 40211
38876 44487
38877 44486
38912 44357
38917 34343
38935 40449
38971 44283
39015 40183
39016 44366
39026 44293
39029 44371
39031 40148
39033 44242
39034 39949
39049 40134
39050 40133
39060 40185
39061 40184
39213 40018
39214 40019
39216 44087
39221 44145
39233 39988
39234 39987
39248 44085
39255 34049
39342 33646
39362 44097
39408 43971
39441 39869
39443 43948
39444 33795
39445 43943
39455 39848
39483 39510
39517 39808
39549 39672
39568 33499
39601 43924
39612 43830
39621 39518
39630 39341
39642 39596
39654 39819
39702 39327
39703 39326
39720 33174
39751 33201
39755 43752
39782 39169
39792 33185
39794 39479
39809 43685
39815 33384
39819 33131
39855 39380
39859 39297
39892 39004
39903 39132
39904 39131
39966 43493
39988 39198
40012 43485
40068 43619
40087 38830
40088 38825
40108 33021
40115 38801
40160 39142
40163 39113
40164 39114
40189 39101
40216 39071
40218 39065
40282 38645
40311 38570
40379 43480
40406 43363
40407 43362
40431 43170
40454 38678
40463 43159
40499 43095
40544 43074
40571 39121
40601 43043
40607 38451
40609 43023
40611 22355
40643 38160
40654 38434
40663 42982
40692 38747
40698 38309
40759 42909
40771 42919
40772 42880
40826 43058
40890 42936
40971 42803
40974 21824
40987 38127
41046 38179
41056 38071
41082 42975
41100 38054
41110 38005
41205 42726
41214 37897
41216 38037
41226 37876
41227 37730
41240 31247
41259 37882
41262 37879
41273 37615
41296 42750
41311 37810
41343 31394
41353 42578
41354 42577
41357 31351
41363 31432
41369 42548
41377 37650
41415 38237
41424 8902
41427 42691
41445 37665
41446 37664
41467 37651
41506 20861
41509 42621
41510 42620
41544 37936
41567 37436
41651 37492
41663 30596
41669 30585
41704 37718
41714 37697
41835 37398
41933 46030
41942 46019
41952 46040
41964 45991
41965 46031
41966 45996
41977 45977
41981 45984
41995 46014
41997 45975
41999 45867
42005 45954
42024 45956
42025 45955
42027 45943
42060 42309
42067 42299
42069 42232
42077 45861
42078 45961
42085 42219
42106 45884
42109 45887
42111 42173
42113 45750
42114 45848
42127 45903
42135 48596
42144 48530
42166 48625
42173 45785
42201 45767
42207 42036
42218 42014
42228 45720
42229 45721
42261 45670
42274 45660
42293 45654
42297 41970
42325 41923
42334 45672
42344 41861
42373 45510
42402 45644
42420 45500
42462 45472
42463 45471
42464 45461
42470 45466
42477 45463
42483 41705
42487 45456
42488 45455
42491 45453
42527 45410
42538 45398
42570 48200
42572 41579
42574 45503
42584 45356
42585 45357
42602 45324
42615 45322
42623 45342
42643 45350
42668 48210
42682 41438
42690 45345
42691 45344
42701 45266
42741 48155
42742 48154
42745 45160
42767 45169
42809 41255
42825 45108
42846 45167
42852 45096
42854 45083
42859 41328
42866 41320
42884 45058
42885 48056
42904 45037
42912 45100
42918 41275
42937 47998
42944 45010
42984 45081
43006 44955
43011 41045
43015 45057
43033 47946
43034 47899
43043 49988
43044 41082
43053 44902
43064 47908
43076 47868
43099 44841
43125 44747
43141 47819
43142 47818
43198 40869
43200 44732
43280 47752
43286 40747
43302 44550
43307 40693
43310 40454
43312 44804
43331 47746
43344 47700
43377 47642
43394 40529
43401 44433
43406 40574
43420 44424
43437 44500
43438 44499
43461 47567
43498 40333
43508 44434
43612 47441
43633 44319
43668 47444
43669 47443
43700 40250
43709 44260
43710 44261
43720 47352
43721 47351
43773 47337
43774 44240
43789 47313
43796 47347
43797 47346
43801 47385
43808 39886
43809 39885
43824 40128
43825 40126
43832 44095
43838 43991
43854 39895
43859 40116
43886 39887
43888 47179
43890 47180
43910 47189
43964 39735
43965 47117
44050 44090
44105 43615
44147 46964
44167 43851
44229 39581
44243 43463
44266 43437
44286 39086
44324 43652
44362 43627
44398 43614
44417 43548
44418 43524
44459 46771
44503 46861
44543 39269
44571 43191
44621 46588
44664 43093
44665 39123
44737 42968
44762 46494
44776 43084
44783 46597
44789 43320
44834 42898
44900 43370
44915 43178
44938 46551
44939 42985
45004 46329
45005 46328
45027 42951
45062 46379
45091 42818
45115 46194
45125 46373
45126 46366
45131 46287
45132 46246
45159 46219
45177 42888
45180 42758
45184 38298
45222 46176
45229 46170
45286 46104
45418 37768
45445 37949
45484 42531
45504 46119
45505 42496
45522 42487
45554 37761
45631 46021
45639 48793
45640 48788
45655 48783
45663 48812
45700 48733
45708 50510
45713 50497
45715 48705
45732 48690
45733 48689
45736 48686
45737 48685
45743 45906
45788 48636
45795 50432
45801 50491
45816 48537
45836 50425
45847 48512
45854 48505
45863 48611
45872 48528
45883 50327
45887 45753
45888 45723
45897 48412
45901 45716
45908 45690
45910 48524
45917 48500
45961 45615
45983 45601
45989 45606
46018 48389
46022 45525
46037 48334
46057 48256
46065 45479
46079 48345
46081 48289
46085 45405
46087 48309
46097 48308
46101 48265
46112 48292
46154 48172
46158 45358
46197 48210
46207 45204
46213 48254
46230 48137
46267 48055
46283 48109
46284 48108
46307 48072
46310 48105
46316 45123
46322 48138
46325 48092
46352 48096
46353 45141
46363 48043
46386 50048
46393 48095
46400 45026
46403 45080
46405 47979
46407 47966
46411 48077
46425 44998
46434 47906
46435 47905
46436 49987
46437 49988
46472 47889
46482 48022
46498 49967
46503 47820
46509 44899
46521 49943
46538 47852
46544 47794
46557 49920
46574 47821
46596 47792
46602 47877
46614 47801
46616 49910
46623 47778
46629 51351
46642 47739
46647 49828
46661 49829
46662 47727
46674 47642
46689 44595
46703 47686
46704 49816
46715 47662
46719 47589
46728 44477
46743 47635
46744 47634
46745 47625
46752 44564
46762 47621
46766 47641
46786 49749
46827 47472
46840 49712
46850 52951
46869 44514
46870 44513
46904 47459
46910 44409
46917 47452
46918 47451
46919 44461
46926 47467
46939 47458
46947 47495
46968 49641
46974 44412
46986 49639
47024 49663
47042 47386
47059 47367
47084 47404
47085 47403
47093 49623
47097 47296
47158 44074
47170 47202
47177 44057
47178 47216
47183 47157
47184 47156
47199 44122
47200 47209
47218 44136
47233 49554
47247 44086
47269 49490
47276 44081
47277 44080
47294 44084
47308 47153
47346 49458
47347 49457
47352 43875
47376 43897
47380 46919
47393 46910
47397 43940
47421 46857
47460 49327
47461 49326
47509 47078
47532 43684
47536 43696
47588 46700
47619 43672
47639 46649
47702 43594
47714 49113
47733 46829
47737 46633
47749 49205
47762 43447
47801 49150
47845 46563
47888 43398
47930 43279
47933 46539
47944 46449
47970 46566
47999 48966
48009 48965
48040 46330
48045 48994
48046 43101
48068 46201
48079 46317
48097 46199
48157 42999
48158 42998
48189 42717
48198 46424
48234 46292
48315 46120
48321 48858
48361 42649
48398 50573
48404 50572
48405 48766
48409 48813
48442 50565
48454 51838
48458 48698
48462 51792
48478 50525
48488 50516
48490 48648
48504 51748
48505 50491
48507 50414
48524 50391
48525 50390
48526 50472
48527 50473
48533 51759
48537 48576
48540 48616
48541 50428
48548 50368
48552 50366
48562 50429
48569 45766
48570 50417
48577 50352
48578 50351
48589 50341
48592 50338
48594 50377
48599 50329
48600 50328
48608 48506
48621 50315
48628 51693
48633 50322
48641 51656
48658 50346
48659 51629
48660 51677
48694 50314
48696 51633
48699 48294
48700 50258
48714 51610
48719 50229
48766 50180
48779 50151
48806 50160
48823 48179
48851 48132
48858 50141
48859 51519
48886 50135
48897 48064
48906 48019
48912 51473
48946 48025
48951 51461
48972 50036
48996 51398
49024 49909
49032 49896
49040 49938
49044 47877
49077 47836
49083 47788
49087 51321
49105 49857
49122 49858
49136 49830
49162 49789
49165 51310
49255 51229
49270 49714
49280 47579
49329 49635
49341 49623
49356 51165
49367 51106
49386 51091
49410 51123
49413 49645
49421 49591
49437 47432
49455 49479
49468 47345
49476 49554
49495 49490
49497 49478
49510 49501
49635 49381
49652 47139
49658 43696
49675 50878
49690 49328
49717 47041
49722 49288
49816 50736
49820 50734
49850 49025
49881 46523
49923 50707
50018 48907
50019 48894
50020 48895
50028 46560
50059 48876
50060 48875
50076 48933
50082 48855
50095 48921
50097 48957
50182 48868
50194 48858
50233 51889
50248 51867
50257 51862
50273 51829
50274 51828
50283 51840
50289 51807
50303 50512
50314 51810
50319 52649
50322 50414
50330 51773
50339 51762
50340 51761
50362 51764
50386 50383
50387 51731
50406 51703
50417 50353
50419 51702
50423 50256
50435 51688
50438 51624
50454 51652
50455 51651
50456 51644
50474 51623
50478 50245
50479 51618
50486 50236
50488 50208
50495 51594
50524 51575
50525 52520
50528 51564
50533 51560
50551 50186
50552 51552
50566 51537
50580 51523
50599 51495
50608 51492
50617 51482
50619 50117
50622 51489
50644 51435
50646 51431
50657 50066
50660 52425
50661 50013
50662 50014
50673 51410
50676 52408
50690 52406
50695 51418
50700 51411
50710 49905
50716 51448
50721 51443
50727 52377
50730 51370
50741 52368
50742 51365
50743 51361
50746 52397
50752 51356
50758 51318
50760 52363
50768 51319
50774 52364
50779 49820
50789 52348
50804 51316
50805 52973
50829 51355
50831 52320
50836 51272
50837 51271
50853 51320
50868 51250
50869 51247
50872 51238
50873 51239
50902 51178
50920 52236
50968 51201
51029 50947
51030 50946
51079 52116
51086 50953
51137 52055
51160 50851
51169 50872
51186 52017
51238 50786
51251 52019
51259 52027
51288 49281
51307 51947
51312 51974
51319 49165
51320 49166
51327 51966
51329 50801
51343 50687
51429 50642
51502 52702
51520 52694
51523 52657
51524 52655
51525 52656
51530 51833
51531 51832
51544 52648
51546 52675
51549 52645
51550 52644
51566 52623
51571 52660
51573 52654
51574 51782
51575 51781
51581 53166
51587 52641
51592 51768
51602 51752
51603 51751
51605 51720
51616 52620
51639 51652
51682 52537
51686 52525
51690 52504
51698 51585
51708 52515
51712 52480
51713 53059
51725 53054
51726 53053
51769 6505
51775 52469
51794 52401
51812 52388
51823 52383
51833 52370
51853 52961
51859 51350
51872 52940
51874 52324
51875 52323
51926 51262
51937 52907
52009 52181
52058 51052
52071 52859
52075 51129
52094 52135
52095 52132
52097 51021
52106 52853
52112 52847
52124 52109
52129 52101
52163 52173
52254 52740
52278 51935
52285 51941
52288 51925
52294 52008
52341 53214
52350 52716
52356 53512
52361 53204
52366 52692
52373 53197
52376 53200
52397 53169
52398 53161
52399 53159
52400 53160
52401 52636
52421 53134
52427 52562
52449 53695
52465 53096
52466 53095
52479 53085
52485 53056
52489 53430
52496 53038
52497 53037
52522 53012
52539 51406
52558 52993
52564 52998
52570 52950
52589 53366
52622 53335
52642 53331
52692 52821
52755 53257
52763 53249
52764 53234
52778 52028
52789 53223
52808 52780
52852 53498
52873 53489
52880 53474
52913 53101
52924 53089
52932 53080
52933 53079
52947 53669
52960 53851
52963 53024
52994 53638
53049 53346
53050 53345
53083 52883
53088 53602
53091 53588
53092 53587
53122 53276
53159 53278
53162 53546
53170 53263
53173 52795
53174 52782
53175 52781
53232 53500
53240 53493
53241 53735
53242 53724
53249 53710
53272 53680
53289 53415
53314 53650
53323 53637
53346 53809
53355 53801
53365 53800
53394 53550
53452 53734
53456 53882
53505 53637
53534 53810
53551 53797
53552 53915
53554 53914
53556 53917
53574 53578
53603 53987
53629 54038
53647 54027
53658 53938
53659 53928
53662 53935
53696 54060
53697 53986
53700 53983
53702 54103
53709 54046
53769 54060
53780 54121
53784 54117
53788 54082
53789 54081
53797 54110
53810 54150
53816 54092
53834 54143
53843 54137
53844 54136
53868 54138
53872 54162
53874 54171
