1477
810 46480
1377 18872
1723 18742
1729 18899
1889 18835
1890 18834
1894 18690
1937 18680
2063 18598
2250 18594
2396 16791
2405 16741
2574 18343
2682 17982
3117 17862
3483 22495
3787 17277
3974 15525
3977 16796
3997 17131
4265 16940
4266 16939
4310 16193
4338 16716
4385 28656
4443 16899
4498 15625
4522 27684
4523 16800
4535 16794
4563 16630
4583 15929
4694 15892
4695 15891
4744 15860
4765 16592
4766 16591
4806 16214
4955 16289
5087 15234
5223 15852
5258 16940
5279 14584
5426 15699
5490 15197
5673 14051
5741 15890
5901 27748
6145 15402
6692 13176
6791 14280
6793 14218
6808 14407
6932 14301
6995 14248
6996 14247
7177 35377
7208 13928
7312 13776
7345 3839
7351 13783
7395 13697
7396 13696
7415 13920
7441 14526
7462 13580
7593 13472
7638 13441
7639 13674
7640 13673
7665 26125
7728 14225
7804 26326
7817 26167
7885 13238
7886 13237
7973 13154
8107 23335
8229 25469
8272 13670
8369 12761
8572 12767
8610 25257
8883 12279
9232 24945
9239 10766
9279 12249
9328 25434
9365 12187
9389 24628
9390 24627
9433 11916
9468 25359
9544 24785
9748 11838
9788 11783
9847 24767
10259 24986
10263 10605
10392 25006
10471 10662
10543 10422
10544 10421
10578 11207
10594 25007
10600 10353
10632 10324
10688 23971
10711 10938
10788 23922
11109 601
11116 9660
11252 24473
11253 24472
11321 24396
11347 10106
11359 24405
11484 9967
11485 9966
11584 9313
11627 9260
11629 24239
11635 9236
11761 10440
11953 9068
12095 21452
12179 8812
12215 24030
12251 24011
12274 22974
12281 8666
12285 23572
12291 8785
12312 23958
12339 9073
12419 8546
12433 8960
12466 8981
12471 23958
12611 24093
12648 8823
12649 8822
12670 23095
12856 23593
13176 22097
13322 22046
13433 7197
13485 21883
13627 21755
13760 23018
14023 21415
14024 21414
14180 22553
14844 21353
14956 5656
15169 20902
15204 4064
15245 20824
15384 6709
15483 20528
15484 20527
15570 20453
15701 20995
15742 21648
15743 21647
15744 20445
15760 22358
15847 21303
15916 20967
15973 20832
16076 6198
16129 3524
16154 20715
16156 3499
16157 3498
16224 8420
16290 20234
16293 20599
16421 5489
16587 20736
16595 6722
16781 5809
16879 5429
17034 19444
17079 30372
17144 4797
17158 21254
17176 21452
17246 756
17312 19977
17386 417
17393 3460
17674 711
17738 5337
17807 20566
17931 19108
17991 19276
18203 19530
19101 29152
19123 29124
19199 37267
19434 18832
19447 18831
19465 18808
19554 18663
19577 29697
19619 29679
19629 29684
19636 18562
19664 18548
19682 29460
19703 18464
19713 29585
19723 28906
19743 18484
19747 29550
19803 18271
19815 18501
19832 18206
19854 29447
19856 29420
19858 18399
19859 18398
19864 18387
19883 18146
19954 18017
20080 17886
20087 17989
20159 17729
20165 17729
20179 29179
20183 17708
20220 28974
20323 28530
20328 28077
20333 17460
20351 17554
20357 16709
20408 17352
20416 28922
20463 28469
20535 17518
20562 36022
20590 17097
20596 17100
20642 17225
20660 17324
20783 17019
20929 16655
20948 28489
20971 28494
20973 28470
20987 16661
21034 16821
21062 27927
21063 16747
21070 16722
21076 16524
21127 28681
21131 16312
21132 16311
21153 27873
21155 16398
21232 28426
21233 28425
21271 16381
21304 16160
21329 28382
21332 16185
21389 28211
21395 15948
21424 16331
21448 15989
21454 16254
21475 15952
21504 15862
21517 16221
21531 28141
21598 35451
21602 16013
21622 27675
21688 15868
21690 13472
21697 27596
21901 27796
21916 15432
22246 27240
22273 14831
22285 27042
22308 27205
22323 27541
22324 27540
22362 27022
22508 27036
22509 27035
22539 26994
22588 14453
22623 13747
22813 34718
22825 26679
22829 26145
22835 26676
22840 34699
22887 26634
22888 26633
22936 5957
22938 26585
22943 14133
22981 26528
22982 26527
23110 34157
23127 13657
23175 26461
23228 26196
23417 26129
23423 26128
23424 26127
23425 12300
23433 35568
23452 12958
23465 25929
23466 25928
23483 26186
23485 26059
23496 26043
23528 26423
23638 12917
23668 12606
23715 26387
23751 24615
23921 11831
23923 25816
23969 25452
24086 25625
24162 11461
24190 25106
24207 34011
24227 11732
24230 10392
24245 11304
24255 25702
24259 33951
24265 25285
24337 25473
24390 33992
24429 11298
24443 33916
24467 11242
24518 25034
24519 25033
24541 24735
24542 24734
24554 32372
24570 33799
24655 11005
24662 33735
24683 25142
24784 25059
24785 25058
24808 24447
24831 24697
24832 24698
24874 33379
24902 25035
24943 24998
24956 10277
25021 10580
25072 24837
25076 24256
25100 33398
25111 33468
25172 10155
25264 24065
25290 32535
25304 24020
25305 33241
25306 33240
25322 23867
25356 24138
25404 24504
25486 24440
25507 9419
25570 23560
25896 38897
26020 24177
26035 32608
26227 23820
26254 32334
26307 23080
26309 22536
26337 32251
26377 23535
26465 23556
26466 23555
26640 32020
26856 38515
27009 31800
27026 6792
27027 31372
27076 32207
27124 32181
27131 31742
27138 31720
27151 20662
27249 31665
27353 30791
27407 32003
27421 31084
27434 30707
27482 31039
27509 31359
27510 31358
27594 31825
27597 30491
27607 30631
27610 31288
27628 21266
27630 31056
27646 30921
27730 31480
27782 31120
27832 6722
27833 6723
27850 21297
28098 30351
28213 37890
28223 31016
28294 30961
28368 30986
28408 19677
28426 19275
28451 30971
28470 21336
28485 29930
28501 30839
28509 29902
28542 30841
28633 30587
28751 30701
28776 20813
28777 20812
29529 42372
29641 36767
29721 18723
29723 29613
29736 37395
29770 37369
29838 29518
29845 29515
29877 29623
29914 29570
29919 37312
29943 42076
29980 37198
29981 37199
30002 29469
30027 29325
30036 29454
30044 29459
30072 29395
30089 29343
30094 29218
30103 23661
30190 47173
30230 37019
30269 29246
30288 29087
30293 29151
30296 36988
30297 36987
30333 36929
30386 36969
30403 29163
30419 17798
30432 29072
30444 36785
30512 28831
30534 36806
30575 36706
30624 36012
30635 36747
30640 28784
30652 36656
30664 28682
30670 28753
30682 17385
30684 28748
30686 36671
30729 36742
30776 28676
30787 41684
30803 36506
30804 35891
30822 28617
30856 35843
30867 36563
30869 28429
30882 28518
30907 36431
30909 28095
30916 28687
30924 28704
30926 28693
30934 36410
30946 28671
30951 28636
30955 28466
30957 36478
30968 36121
30969 36120
30987 36436
31020 28582
31062 28335
31077 27608
31090 28483
31108 16287
31113 36429
31114 28326
31150 28264
31185 41517
31211 36328
31228 28131
31252 35860
31298 35903
31336 28087
31462 41096
31467 35971
31491 27788
31493 27897
31616 27716
31627 27617
31681 27572
31729 27547
31741 35491
31746 27665
31779 35780
31800 35713
31805 35727
31926 27953
31929 27049
31930 27048
31961 14569
31972 35316
32019 27459
32025 34922
32135 40635
32190 27275
32205 34717
32206 34716
32220 26669
32225 27147
32321 35055
32379 35093
32419 35058
32434 40614
32435 40613
32442 13833
32461 35014
32462 35013
32489 35226
32504 26777
32532 40422
32536 35081
32537 26619
32637 34798
32642 34872
32711 34714
32722 26153
32729 34680
32730 34679
32807 34618
32845 26391
32851 25991
32854 26266
32929 34177
32970 40270
32988 44474
32993 34233
32998 26149
33012 26135
33056 26100
33066 34144
33072 34462
33110 40165
33157 34213
33165 40119
33214 25910
33218 24794
33224 40278
33262 34334
33269 34206
33272 33471
33280 34026
33285 34185
33305 47980
33328 34141
33351 40371
33397 40382
33504 39714
33537 33726
33605 40078
33732 40007
33770 39971
33786 24899
33803 24952
33812 33691
33841 24885
33844 24920
33850 33935
33855 39876
33951 33539
33983 40184
33986 24750
34001 39564
34004 39913
34044 33430
34056 33401
34057 33402
34062 33373
34078 33345
34079 33206
34147 39438
34152 39488
34153 39489
34182 33040
34372 31967
34408 33451
34468 38864
34491 38826
34498 39293
34534 32598
34540 39025
34587 39227
34660 43709
34664 33166
34799 43761
35042 32502
35098 38609
35127 32677
35130 38550
35242 43294
35263 39144
35359 38411
35402 38800
35440 38729
35443 31702
35444 31337
35463 38244
35491 32368
35534 38160
35535 32318
35568 23811
35607 38591
35618 30716
35663 38552
35718 38267
35725 38035
35732 43337
35755 38241
35786 38473
35789 30900
35794 30609
35842 42859
35861 31852
35873 31082
35874 31081
35937 31896
35948 37766
35949 37767
35963 38057
35996 31805
36006 31234
36047 42716
36062 37736
36121 37681
36144 29991
36154 38344
36178 30309
36210 37860
36225 31539
36236 42852
36325 31204
36338 38262
36344 37750
36386 37687
36470 38145
36471 38144
36557 38137
36566 42615
36818 42460
36848 42469
36979 46173
37122 42372
37322 42438
37342 37259
37365 37305
37371 42351
37377 37199
37381 37202
37392 42340
37394 37201
37405 37143
37408 37270
37428 37245
37518 37126
37521 42201
37557 36987
37599 36904
37694 37093
37703 28958
37710 41625
37712 42099
37739 41596
37812 36709
37816 42008
37819 41791
37840 41747
37848 41489
37861 36786
37889 41689
37909 36480
37912 41611
37919 36569
37933 36687
37934 36686
37939 41744
37943 36673
37947 41901
37982 41628
37986 36509
37998 36478
37999 36518
38001 36384
38002 36604
38010 36614
38011 36613
38016 36440
38024 36596
38058 41477
38068 41788
38070 41794
38072 36510
38095 36345
38103 36361
38123 36300
38143 41777
38150 36408
38166 36294
38242 36187
38265 45410
38286 36227
38309 41439
38317 41440
38379 41549
38381 45467
38417 41566
38418 41565
38459 35951
38509 41495
38520 41508
38556 35876
38566 35857
38584 35751
38588 35801
38600 41173
38603 35546
38605 41461
38624 41244
38667 14290
38668 45163
38702 41190
38709 45156
38735 35704
38745 41164
38746 41163
38767 41146
38772 41326
38798 41087
38824 27349
38831 41080
38844 35609
38849 41083
38877 41025
38878 15138
38910 35433
39029 40876
39045 35248
39049 40922
39050 40921
39060 40898
39061 40897
39134 40630
39156 44899
39184 44876
39204 35138
39216 44657
39255 34914
39306 40722
39319 34903
39324 34960
39332 34913
39339 44667
39351 26165
39361 44651
39378 44643
39415 44598
39429 34532
39439 44577
39441 40620
39445 44563
39455 34511
39461 34530
39508 40409
39528 34424
39559 40326
39600 34534
39601 44635
39604 40410
39621 40290
39642 40384
39654 40534
39686 40382
39700 34464
39702 40167
39720 34196
39770 34276
39809 44431
39892 44153
39988 39971
40005 44370
40029 40276
40068 44319
40087 39403
40160 39940
40174 44346
40189 39913
40216 39883
40253 39707
40282 39408
40396 39524
40406 44090
40407 44089
40410 43855
40482 43787
40551 43960
40564 43907
40570 39826
40571 39825
40601 47123
40619 43700
40676 47190
40684 39666
40697 43780
40891 38379
40933 46854
40939 46858
40963 38284
40987 38873
40997 43274
41017 43532
41056 38793
41064 32858
41079 39042
41081 43745
41099 39132
41100 38778
41116 43462
41190 43793
41205 43259
41223 38660
41226 43393
41262 38612
41273 43141
41291 37959
41296 46861
41301 43121
41302 43120
41306 43303
41328 38201
41353 38178
41354 38177
41363 32449
41398 46572
41423 31876
41424 31875
41472 42914
41473 42778
41489 30466
41510 43240
41515 43286
41533 43434
41534 43433
41537 42896
41543 46580
41555 42878
41573 38667
41616 46555
41617 42834
41632 43129
41638 42592
41651 38250
41663 38657
41704 38419
41706 42763
41714 43242
42135 49013
42182 48985
42284 46090
42292 42485
42295 37391
42325 42458
42334 46271
42346 46244
42364 46242
42375 42431
42402 42379
42453 42273
42455 42326
42470 42287
42471 42286
42478 42288
42483 42239
42487 42266
42488 42265
42491 37093
42538 42203
42567 46098
42568 46097
42584 42167
42643 45992
42649 46056
42668 48763
42682 42019
42704 45953
42731 42021
42734 45601
42796 41927
42803 41926
42809 41853
42824 41903
42825 41902
42835 36652
42844 41966
42847 41850
42852 41807
42859 41895
42866 41918
42867 45820
42881 41919
42883 41913
42884 41822
42890 45707
42904 45785
42913 41768
42984 45778
42998 45718
43005 41663
43006 45702
43015 45762
43033 48603
43043 48375
43053 41474
43056 48457
43064 45548
43076 45517
43099 45526
43141 48398
43142 48397
43144 48027
43211 45407
43234 41498
43237 45284
43250 45557
43256 45265
43290 45144
43302 45194
43331 45352
43344 48279
43437 45245
43438 45244
43442 41283
43461 48117
43482 41247
43485 40988
43493 48079
43528 45148
43609 44985
43612 47905
43633 45116
43689 44879
43695 40912
43793 44982
43794 44983
43796 47915
43813 40836
43825 40846
43850 44875
43854 40655
43868 44574
43882 44816
43921 47861
43987 44822
43988 44632
43989 40609
44013 44615
44045 47703
44059 44646
44142 44721
44148 44723
44167 44705
44168 44409
44239 44621
44254 40279
44286 44302
44317 44175
44324 47613
44339 47433
44362 44353
44398 44331
44417 44260
44418 47503
44420 40092
44459 49756
44535 44265
44600 43847
44641 44283
44656 47273
44737 43650
44747 47182
44756 47208
44782 47160
44783 47159
44789 44105
44833 47021
44834 47020
44943 43598
44974 43931
45015 47024
45020 46771
45025 46742
45091 43464
45098 46852
45126 46912
45131 46830
45132 49359
45144 46632
45157 42928
45201 46602
45222 46727
45229 49291
45230 49290
45279 46551
45280 42792
45286 46631
45298 46519
45304 46490
45312 46627
45343 46476
45350 46826
45351 46574
45352 46575
45353 46573
45367 46587
45368 46586
45394 46577
45418 43318
45442 46666
45483 46546
45504 49312
45505 46721
45529 43218
45816 48971
45888 46309
45901 46301
45910 46282
45917 46269
45923 46307
45933 50730
45944 46252
45953 46231
45956 46238
45960 46277
45961 46229
45964 46279
45989 46215
46004 46236
46014 46171
46018 48933
46021 46218
46022 46158
46097 46080
46098 46035
46122 46113
46123 46077
46154 48616
46164 46003
46190 48770
46196 46007
46197 48763
46224 45983
46264 48646
46267 48486
46280 48757
46297 48744
46313 45868
46342 45814
46355 48605
46356 48604
46363 48667
46378 48659
46379 48677
46383 48661
46384 48660
46390 45802
46391 45801
46393 48662
46399 45747
46418 48627
46436 48374
46437 48375
46450 48645
46463 45623
46479 45661
46514 45653
46517 45639
46525 41537
46539 50375
46544 48318
46557 48307
46602 48466
46610 45516
46622 48238
46623 48364
46628 48181
46629 48177
46634 48382
46635 48383
46642 48339
46644 48357
46647 48158
46662 48322
46674 48176
46703 48288
46715 45240
46719 48131
46726 48286
46743 48243
46744 48242
46786 50189
46788 48208
46821 48036
46849 53711
46871 48233
46880 50242
46883 50242
46904 44988
46909 41009
46970 48069
46974 45094
46986 50063
47028 44980
47136 47891
47177 44798
47178 47808
47233 50000
47276 44815
47287 44803
47294 44749
47308 44540
47352 44602
47376 44621
47393 49845
47396 49848
47445 44510
47458 47771
47461 49804
47491 47506
47492 47505
47587 49787
47589 49671
47617 47571
47619 44314
47658 47299
47681 49681
47744 39659
47748 49645
47749 49644
47751 47453
47788 47009
47866 49566
47915 47263
47933 47181
47955 49490
47972 49314
47975 49499
48045 49423
48068 49322
48078 46886
48079 46885
48098 49196
48102 49219
48147 49335
48157 47082
48158 47081
48315 49308
48321 49301
48462 50831
48525 48967
48533 52105
48561 50796
48577 50777
48578 50776
48589 50765
48592 50762
48621 50718
48623 49016
48624 49015
48626 48975
48633 50832
48700 48881
48707 50562
48712 48855
48719 48804
48753 48818
48766 50610
48823 48752
48824 48751
48826 48759
48840 51963
48847 50581
48856 48671
48863 50631
48866 45815
48886 50607
48890 50548
48897 50569
48898 50568
48906 48628
48926 48632
48930 48631
48965 50454
49000 50375
49010 50441
49018 48437
49044 48466
49088 45440
49105 50335
49162 50273
49218 48271
49228 50275
49255 50204
49329 50114
49375 50064
49386 49914
49410 51567
49412 50115
49413 50117
49415 50107
49418 48011
49419 48012
49421 50024
49467 47953
49476 50000
49477 49967
49499 50008
49591 47732
49627 51434
49635 49854
49675 51341
49690 49792
49692 51382
49711 51360
49722 49747
49726 51236
49763 49588
49838 49406
49881 49554
49951 49499
49968 49294
49976 38688
49980 51039
49986 51092
50003 49222
50018 51070
50020 51067
50023 47129
50058 51134
50082 49258
50085 51020
50086 49139
50095 51114
50097 51135
50099 46934
50102 51118
50139 50988
50157 50961
50194 49301
50317 50848
50330 52115
50339 52110
50340 52109
50416 52094
50419 52100
50430 50807
50435 52086
50442 52096
50443 52097
50453 50773
50495 51984
50500 52028
50525 52006
50532 50678
50537 48767
50542 51888
50548 50667
50551 50663
50566 50597
50567 48738
50569 50615
50581 51958
50599 50557
50615 51942
50622 51928
50630 50559
50644 51865
50648 51932
50670 50462
50682 51882
50692 51809
50700 51842
50715 50437
50730 50360
50743 51818
50752 51811
50779 51780
50789 52713
50790 51773
50836 51728
50837 51727
50853 50276
50868 51682
50918 51673
50973 51574
50995 50083
51029 49781
51030 49780
51033 50017
51079 52505
51098 52490
51137 52431
51176 52442
51240 53115
51251 52390
51259 52429
51307 52287
51312 52323
51327 52315
51328 52314
51329 51249
51339 52217
51343 52306
51374 52238
51375 52318
51387 52233
51388 52232
51429 52280
51433 51083
51524 52972
51605 52117
51616 52104
51625 52108
51670 52055
51682 52027
51686 52916
51687 52011
51690 52878
51698 50636
51719 50580
51723 52875
51755 53775
51781 52821
51782 52820
51788 51880
51810 51840
51812 52753
51819 52780
51823 52747
51825 52781
51827 52714
51833 52741
51859 52743
51883 53317
51909 51659
51931 51689
51962 52570
51966 52663
52026 52633
52094 52521
52106 53208
52129 52463
52169 53160
52249 53059
52278 52272
52285 52307
52286 52308
52288 52258
52309 53042
52400 53490
52401 52997
52438 52928
52455 52904
52466 53455
52479 53437
52482 53426
52496 53384
52517 53390
52526 53348
52534 53768
52546 52781
52552 53734
52554 52766
52570 53711
52647 52631
52648 52632
52692 53169
52755 53602
52759 53882
52763 53595
52766 53580
52767 53566
52783 53046
52863 53512
52924 53450
52932 53433
52933 53432
52966 53993
52967 53992
53022 53728
53029 53719
53049 53704
53050 53703
53097 54108
53141 53910
53159 53619
53172 53876
53242 53834
53249 53818
53340 54136
53345 54132
53346 54127
53348 53944
53473 54032
53475 54035
53531 54132
53551 54107
53554 54258
53565 54241
53576 54230
53585 54227
53618 54200
53621 54198
53640 54295
53673 54266
53674 54267
53678 54260
53680 54356
53682 54352
53715 54324
53716 54392
53737 54432
53750 54426
53757 54423
53766 54359
53788 54436
53789 54435
53868 54490
53887 54514
