4050
49 1600
65 1232
73 1468
77 19843
92 1543
93 1515
113 32409
134 992
142 1577
163 1563
179 19715
192 19929
202 1888
214 1727
222 1894
223 20024
224 20025
227 1071
230 44379
232 1568
260 19865
290 20038
301 1652
337 19919
395 1928
411 1813
435 1270
441 1808
457 19991
460 20138
465 19898
472 1819
477 1831
481 20167
482 20168
487 2209
498 1912
525 19942
545 2289
546 20225
547 20226
560 2122
563 1987
571 2298
608 2197
611 2220
615 20103
627 20113
639 2423
645 1782
647 20032
650 20117
655 20120
667 2135
680 2074
694 20150
695 20152
712 2170
713 2205
714 2206
716 2103
748 2554
749 2238
751 1978
762 20215
765 2391
767 2440
778 2417
821 2430
835 2349
861 2422
862 2313
872 20293
873 2432
919 2476
980 2481
1025 20398
1037 2660
1063 20452
1079 20463
1103 2701
1104 2670
1121 2806
1128 2746
1133 2655
1135 2665
1141 20510
1146 2771
1148 20568
1158 2740
1173 20467
1174 20468
1240 20523
1248 3092
1249 3093
1297 3128
1364 20577
1376 3253
1377 2887
1381 3003
1396 3061
1432 2933
1436 20654
1451 3110
1481 20616
1483 3137
1492 2688
1498 20592
1506 3162
1507 3163
1513 3161
1548 3194
1607 20724
1619 3170
1650 3296
1651 20870
1659 20886
1661 20728
1666 3565
1684 3402
1695 20893
1726 3562
1729 20952
1744 3715
1748 20811
1751 3503
1756 3607
1757 3608
1766 20809
1773 3520
1774 3521
1827 20959
1834 2880
1845 3754
1855 21067
1860 3544
1875 3883
1892 20905
1894 3653
1899 20951
1907 3848
1913 3908
1922 21114
1928 20983
1932 21154
1948 3946
1950 3676
1965 20998
1978 3750
1984 3475
2063 3833
2104 4053
2120 3892
2122 21252
2126 3922
2127 21253
2128 21253
2130 20933
2141 20695
2148 3921
2151 4185
2152 21262
2154 21077
2155 21133
2164 3866
2182 3758
2189 21097
2200 21103
2220 3918
2224 3973
2250 3806
2281 3529
2291 3850
2322 4307
2325 4106
2337 4305
2344 3639
2345 3619
2346 3620
2352 20935
2415 21360
2427 4311
2431 4279
2438 4022
2445 4009
2463 4321
2464 4323
2484 21408
2517 3850
2544 4531
2559 4455
2578 4497
2612 3957
2614 21484
2668 4552
2708 21546
2715 21592
2717 4943
2730 5002
2788 4804
2789 4805
2800 21256
2811 4652
2812 4653
2814 4817
2835 5113
2851 21568
2861 4878
2907 21700
2922 4762
2960 21897
2978 21625
2979 21626
2987 5399
2995 21711
3003 4793
3044 4849
3045 4692
3081 21683
3091 4959
3092 4960
3093 5148
3127 22003
3129 5394
3136 21862
3138 5518
3156 21772
3212 5331
3259 5462
3273 5166
3285 5136
3286 5137
3288 5511
3304 5235
3305 5410
3318 5698
3375 21931
3378 5738
3421 22197
3427 5395
3448 21990
3465 22208
3499 5355
3502 22242
3503 5941
3568 5475
3576 5739
3605 5467
3646 5226
3647 5231
3658 5954
3667 5263
3668 5262
3689 5665
3690 5793
3730 5990
3794 5979
3795 5874
3815 6057
3830 22264
3831 22265
3840 6008
3841 6009
3844 6074
3869 5965
3871 5700
3872 6027
3891 6078
3901 6136
3908 6131
3916 22306
3970 22531
3977 22394
3981 5928
3985 6312
3997 6193
3999 6212
4000 6213
4029 22360
4059 5730
4067 6420
4080 22270
4090 5982
4091 5983
4146 22323
4193 7446
4194 7447
4216 6469
4226 6331
4257 6588
4276 6605
4291 6620
4300 22625
4317 22765
4334 6670
4337 6413
4353 6593
4354 6594
4361 6280
4385 6609
4386 6746
4387 6786
4405 6615
4408 6712
4411 6489
4442 6792
4443 6777
4445 6750
4455 6688
4458 6540
4513 6408
4523 6830
4553 6907
4583 6645
4593 6922
4600 6698
4601 6699
4611 6945
4616 6714
4621 6908
4625 6995
4647 6528
4658 6759
4686 6967
4689 7019
4693 7079
4725 22966
4732 7130
4739 6838
4744 6865
4745 6866
4758 7094
4765 6969
4766 6970
4768 6882
4781 7456
4791 23026
4794 7005
4795 7006
4806 7097
4816 6953
4821 7172
4837 6956
4838 7224
4841 7458
4853 22930
4882 9666
4910 7248
4911 7306
4913 7019
4931 22919
4958 7240
4981 6988
4982 6989
4985 7300
5004 7289
5028 7318
5039 6739
5072 7783
5107 7363
5118 22992
5128 7299
5141 7469
5146 7507
5152 7491
5186 22900
5197 7569
5198 7339
5219 7379
5239 7540
5246 7869
5250 7573
5263 7433
5264 7434
5296 7059
5304 22971
5332 23129
5337 7597
5343 22875
5429 8093
5434 7618
5447 7669
5490 7702
5492 7281
5522 7842
5523 7843
5538 7710
5589 7725
5592 7889
5611 7993
5643 7473
5646 7863
5661 7769
5666 8114
5669 8067
5698 7968
5710 23365
5741 8015
5801 8020
5820 8184
5845 8094
5859 23522
5860 23478
5897 8536
5938 8427
5972 8450
5973 8451
6063 8472
6090 8355
6091 8356
6102 8604
6135 8690
6145 8696
6154 8590
6164 8650
6168 8692
6308 8756
6340 8456
6348 23820
6378 8666
6448 8902
6458 8844
6485 9072
6486 9073
6516 8932
6548 8956
6619 9012
6620 9013
6716 9168
6717 9169
6720 8655
6723 9093
6728 8655
6770 8981
6776 9202
6792 24046
6815 23960
6850 9232
6851 9233
6854 9241
6866 9083
6900 9339
6932 24140
6951 9400
6992 8900
7021 9239
7022 9447
7023 9448
7057 9500
7067 9468
7073 9345
7161 9610
7209 9669
7280 9735
7287 9402
7288 9403
7309 9900
7316 24183
7326 9779
7365 9509
7373 9838
7406 24421
7409 9444
7454 9135
7462 9914
7572 10047
7614 10346
7615 9870
7620 9732
7622 9794
7634 10085
7639 10358
7675 4900
7694 24551
7750 10201
7751 10204
7841 9906
7845 10372
7855 10307
7856 10308
7885 10344
7886 10345
7911 10441
7973 10433
7974 10434
8031 10931
8091 10188
8263 10625
8279 10122
8325 11267
8436 11309
8440 10322
8471 10860
8558 10723
8592 11532
8593 11533
8640 10997
8784 24988
8792 11286
8793 25281
8832 25091
8938 11362
8972 11754
9052 11565
9072 10971
9097 11449
9163 25120
9264 11582
9275 11801
9296 12087
9297 12088
9318 12106
9324 11823
9328 11644
9342 11603
9343 11604
9380 11892
9434 11690
9474 12234
9489 12003
9493 12245
9519 12235
9530 12017
9531 12018
9599 12115
9627 25589
9675 11966
9713 12192
9757 12236
9758 12243
9759 12244
9785 12275
9807 11688
9836 12097
9898 12355
9927 12382
9941 12026
9942 12027
10042 12127
10048 12287
10179 12628
10214 25909
10369 25978
10377 12688
10392 12708
10410 12872
10441 12877
10578 13008
10594 12926
10600 12918
10606 12678
10665 13536
10680 12978
10688 25818
10694 12996
10728 25983
10733 12562
10743 13124
10744 13125
10747 13172
10782 13073
10816 13121
10852 13247
10877 13574
10925 13346
10970 12778
11049 13579
11078 13461
11083 13675
11157 13582
11158 13583
11182 13617
11220 13491
11276 26128
11321 13694
11346 13658
11359 13729
11465 13780
11543 13393
11598 13844
11629 13999
11679 13952
11710 13707
11730 13994
11736 13995
11766 14014
11770 14014
11780 14174
11904 26756
11989 14242
12018 14232
12142 14112
12179 14421
12199 14531
12215 14478
12244 14561
12250 14500
12261 14507
12276 14610
12281 14519
12299 14567
12302 14538
12311 14542
12312 14544
12316 14295
12339 14650
12350 14841
12419 14640
12469 14664
12505 14700
12594 14801
12611 14877
12648 14906
12649 14907
12668 14968
12674 14547
12684 14875
12685 14876
12758 14947
12759 14948
12794 15097
12805 26918
12953 15331
13004 15300
13035 15264
13194 15379
13239 27414
13335 15546
13342 15520
13383 14983
13422 15037
13423 15605
13440 15619
13474 15079
13485 15101
13491 15724
13571 15533
13748 15963
13770 15996
13825 15832
13856 15525
13946 16080
13965 15659
13966 15660
14062 16135
14112 15788
14113 15789
14179 28208
14230 16870
14232 16624
14323 16478
14494 16629
14574 28073
14589 16242
14593 16958
14598 16242
14620 17185
14643 17200
14647 17244
14757 17450
14776 16364
14790 16685
14831 17373
14937 17056
14954 16794
14955 16795
15011 17025
15029 17241
15050 28112
15055 17273
15094 17230
15194 17280
15380 17899
15381 17900
15416 17333
15533 17584
15538 17628
15560 17636
15561 17635
15573 17563
15601 17661
15658 17532
15659 17533
15690 17758
15748 17763
15759 17851
15790 17793
15792 17559
15847 17861
15872 17773
15985 28814
16069 18473
16088 18485
16100 18327
16128 18534
16156 18056
16157 18057
16171 18569
16180 18404
16188 18584
16193 18074
16360 18363
16376 18308
16388 18278
16392 18396
16397 18394
16421 18431
16443 18324
16453 18826
16556 18519
16588 18747
16619 17957
16657 18552
16664 18803
16672 18626
16710 18807
16756 18678
16785 18694
16965 18822
17015 18862
17041 18871
17809 24521
18525 1040
18530 30071
18532 30040
18543 29968
18549 30129
18564 19884
18565 19885
18587 30161
18596 30163
18612 30247
18622 19907
18624 19733
18657 30157
18658 30158
18674 19966
18676 30168
18682 20106
18686 19684
18687 19685
18693 19860
18720 20145
18725 30123
18728 20143
18738 30284
18739 30285
18751 20099
18763 20039
18779 20050
18784 20035
18796 30407
18798 30281
18807 30295
18810 20178
18811 30365
18847 30402
18857 30362
18860 30321
18866 30434
18882 20210
18887 30454
18919 20292
18938 20318
18949 30294
18963 20127
18964 20128
18988 20449
19002 20367
19006 30528
19014 30512
19015 30513
19115 30570
19122 20136
19123 20137
19125 30587
19126 30588
19158 30621
19178 20565
19187 20657
19199 20425
19220 30681
19240 20606
19243 20628
19266 30816
19274 20747
19275 20660
19283 20753
19284 20754
19289 30739
19292 30831
19295 30725
19296 20775
19316 30758
19339 20686
19349 20720
19355 20816
19358 20702
19363 20707
19378 3488
19379 20741
19380 30899
19381 30900
19386 20839
19387 30955
19389 30918
19393 30789
19395 20784
19396 30830
19398 20735
19411 20907
19426 20820
19434 30862
19439 20897
19446 20963
19447 20962
19463 30953
19464 30954
19465 20988
19470 30614
19473 20879
19490 20901
19499 20900
19501 20847
19503 31034
19515 20973
19532 20931
19533 20932
19539 20799
19565 21026
19568 21032
19583 21189
19594 21206
19595 21205
19597 20989
19609 31007
19615 31132
19619 30928
19629 20918
19635 21079
19655 20943
19659 31147
19664 21100
19665 31155
19666 31156
19670 20966
19671 21240
19682 21129
19707 21010
19708 21011
19720 21022
19723 20898
19731 31085
19751 20867
19753 21159
19765 31191
19781 4335
19806 21281
19830 21315
19856 31119
19864 21222
19877 21370
19892 21235
19897 21235
19929 31099
19933 31196
19941 21476
19949 21286
19954 21461
19958 21532
19960 21466
19989 4300
19994 21363
19999 21573
20000 31397
20012 21379
20033 21564
20054 21607
20058 21548
20074 31519
20080 31396
20095 21479
20103 31627
20107 21619
20114 21661
20146 21798
20157 4663
20170 21567
20183 21834
20208 31655
20220 31668
20225 21929
20233 21907
20234 21908
20265 22039
20299 21963
20322 31861
20340 21963
20343 21816
20368 22187
20369 5606
20375 21979
20407 5107
20416 22113
20440 22136
20470 22154
20510 22227
20511 22233
20524 22070
20525 22071
20532 22334
20535 22268
20562 21819
20596 22213
20600 22188
20615 22285
20649 22273
20658 22357
20677 22392
20683 6146
20684 6147
20710 22446
20721 32032
20769 31935
20801 22528
20805 22691
20817 22536
20822 6350
20838 22350
20848 22369
20864 22552
20875 32223
20876 32224
20889 22566
20905 32145
20906 32146
20908 22583
20910 32071
20911 32072
20913 32173
20929 32350
20939 22561
20948 32370
20949 32371
20951 6360
20971 22870
20987 22605
20989 32388
21010 32237
21034 7003
21043 7028
21052 22969
21062 32182
21071 22703
21076 6804
21081 22827
21092 7101
21093 22801
21094 32409
21113 32386
21133 32452
21143 22941
21150 22943
21155 22783
21156 22908
21165 32271
21167 22868
21200 22681
21207 32465
21209 32415
21211 32423
21216 32428
21224 32392
21225 22933
21242 32467
21246 22923
21257 22907
21271 22950
21272 22976
21274 22955
21276 32510
21285 32475
21286 32476
21289 23014
21291 23151
21294 22905
21311 23042
21335 7444
21336 22977
21341 23086
21366 23046
21370 32654
21373 22991
21408 22541
21437 23284
21446 32524
21447 23065
21451 23208
21457 23143
21459 23063
21460 23172
21482 23240
21483 23241
21490 32566
21503 23369
21504 23370
21532 23283
21552 23207
21560 23100
21568 23210
21569 32629
21584 23192
21587 23333
21602 23236
21604 23374
21786 23533
21842 32881
21901 23674
21909 23542
21916 23573
21935 23619
21949 23585
21968 23383
22004 23758
22028 32910
22042 33011
22044 23736
22104 23864
22124 25379
22179 9258
22192 23936
22208 9275
22209 23985
22253 23967
22308 24042
22329 24075
22340 33236
22389 24105
22406 23934
22421 24197
22433 24125
22468 24236
22524 24559
22527 33524
22581 24357
22679 24467
22707 33670
22715 33376
22772 24536
22782 10033
22787 24549
22802 24408
22803 24409
22825 24572
22830 24398
22867 24597
22868 24598
22878 24819
22895 24531
22914 10044
22922 33613
22924 24653
22932 24659
22933 24660
22938 24667
22970 24920
22981 24722
22982 24723
22997 24966
23020 24912
23036 24991
23112 25067
23113 25068
23140 24663
23185 10692
23194 24918
23198 24719
23250 10522
23252 24725
23263 24721
23286 25229
23287 25230
23315 24827
23359 24970
23362 25184
23367 24946
23416 25436
23417 25110
23423 25114
23424 25115
23425 11284
23433 33263
23452 24996
23465 25197
23466 25198
23473 25475
23478 24928
23483 25233
23485 25168
23487 25094
23534 25514
23535 25515
23536 25234
23573 25107
23595 34094
23610 25148
23612 25153
23638 25362
23668 25195
23693 11211
23716 34317
23732 34421
23741 25446
23768 25276
23779 25361
23801 25519
23802 25520
23817 11786
23853 25568
23854 25569
23883 12139
23908 25777
23956 12040
24046 25746
24080 25766
24081 12753
24086 25800
24127 25635
24128 11974
24133 25837
24151 12571
24180 12656
24186 25723
24193 25905
24194 25906
24211 25912
24226 34695
24238 12423
24259 34710
24337 26054
24355 26077
24390 26057
24443 34807
24452 12613
24518 26244
24519 26245
24528 34801
24541 26187
24542 26188
24548 26265
24570 26281
24631 26331
24677 26197
24683 26404
24783 13180
24801 26305
24823 26473
24855 13806
24865 26670
24874 26566
24877 13911
24946 26840
24948 35197
24994 26673
25019 14129
25021 14687
25032 26751
25049 14773
25056 26744
25083 26555
25100 26733
25112 26760
25138 26781
25145 26791
25157 14440
25161 26665
25202 14432
25205 26900
25206 26882
25207 26877
25220 26904
25237 26873
25243 26931
25245 14566
25284 27017
25304 35489
25311 26764
25322 26946
25329 14306
25354 27012
25357 14766
25376 27003
25379 27075
25385 27047
25466 27143
25486 27195
25507 15066
25530 27234
25532 27323
25548 27242
25551 14788
25554 27219
25559 27310
25560 27311
25570 27236
25575 27031
25578 15073
25579 15074
25580 15075
25588 15307
25598 27276
25601 15345
25619 27312
25625 15359
25643 27106
25660 27117
25679 27302
25706 27015
25803 15485
25806 27451
25807 27452
25810 15472
25825 14921
25826 14922
25893 27543
25896 27190
25919 15646
25936 27292
25969 15855
25975 15774
26035 27674
26050 15818
26051 27711
26150 27805
26151 27806
26156 27840
26161 27690
26203 27482
26207 27546
26243 36265
26300 15781
26307 16398
26308 16399
26325 16270
26404 27958
26455 16482
26465 28032
26466 28033
26502 28174
26549 27847
26554 28244
26591 28121
26635 28452
26642 17185
26651 16526
26661 28197
26716 16861
26724 36546
26741 28619
26753 28318
26787 16830
26819 28368
26826 17516
26830 17062
26831 28395
26856 16772
26858 28128
26871 28439
26957 28171
26975 17285
26978 17232
27027 17147
27119 28888
27130 28660
27133 28496
27138 28656
27150 17177
27157 17202
27176 17366
27178 17964
27218 28724
27225 28918
27226 18066
27252 28747
27276 28864
27277 28865
27290 17506
27303 28708
27321 28739
27322 17577
27377 17719
27386 29141
27404 29072
27431 18356
27458 17678
27472 28986
27482 28919
27492 18237
27506 29079
27509 28975
27510 28976
27544 28954
27545 29246
27548 29250
27571 29049
27587 28743
27604 29075
27605 29076
27606 28909
27607 28910
27621 18603
27622 28299
27627 18219
27628 29096
27630 29034
27634 18263
27639 18256
27673 18701
27720 29194
27752 18688
27775 18486
27800 29204
27835 29292
27842 29198
27846 29280
27847 29281
27848 29282
27850 18828
27859 29318
27899 29341
27920 29327
27943 29423
27965 29370
27971 29350
27975 29403
28008 18561
28009 18562
28039 29388
28065 29414
28144 29281
28279 26908
28967 37658
28990 19572
28991 37668
28993 37672
29001 19873
29006 30127
29018 37654
29022 30082
29024 37674
29035 30164
29037 19931
29038 30214
29041 30143
29050 30187
29059 30173
29060 30174
29070 30301
29071 30302
29074 37696
29075 37697
29107 30231
29114 30247
29133 37734
29144 29989
29150 30400
29164 30011
29179 30307
29183 37719
29192 30300
29193 37789
29205 30397
29212 30408
29214 37803
29223 37859
29239 30364
29243 30378
29251 30430
29258 30379
29265 30162
29307 30451
29312 37813
29313 30318
29325 30452
29335 30449
29346 37891
29351 37907
29365 30497
29366 30498
29407 30542
29423 37953
29436 30589
29443 30479
29469 37893
29481 30567
29502 30665
29511 38073
29519 30695
29541 38126
29542 30732
29562 30696
29563 30697
29623 30808
29640 30918
29650 20589
29652 30789
29662 38174
29670 38167
29671 30985
29677 30881
29678 30882
29680 30949
29681 30994
29685 30883
29687 38202
29688 30898
29692 30903
29703 30866
29706 30932
29710 30934
29721 30916
29722 30917
29728 30970
29729 30971
29732 30795
29743 30959
29747 31061
29752 30982
29753 30983
29774 20896
29776 38252
29792 38333
29793 38334
29817 38257
29819 38256
29831 31028
29838 31025
29845 38263
29866 30956
29867 30957
29877 30958
29883 30965
29887 31197
29891 30978
29892 31074
29897 38390
29907 31073
29908 38394
29909 38382
29913 30979
29914 30980
29920 38417
29924 31094
29928 38426
29930 31081
29942 38220
29943 38221
29946 31157
29957 31179
29966 31182
29970 31153
29971 38374
29973 38205
29977 30892
29981 38422
29983 38480
30002 21140
30005 31233
30008 30951
30024 31213
30026 31226
30041 38482
30089 31162
30091 31252
30093 31325
30096 31173
30097 31174
30098 31054
30111 31203
30142 31215
30143 31216
30144 31217
30170 38611
30182 31380
30189 31277
30193 31574
30199 38556
30212 31432
30213 31433
30228 31431
30239 38397
30241 31622
30255 31481
30280 31360
30292 31455
30297 31514
30298 31353
30331 31500
30333 31631
30348 31615
30366 31753
30368 31553
30369 31652
30378 38713
30380 38732
30381 38733
30391 31810
30401 38702
30402 38703
30403 31760
30404 31720
30407 38793
30411 31696
30412 31697
30424 38803
30425 31749
30426 31750
30427 38739
30436 38705
30488 31901
30489 31800
30506 22074
30512 31821
30535 22099
30545 31714
30552 31897
30558 31845
30578 31772
30584 31862
30592 31907
30613 31929
30622 31931
30624 31597
30640 31927
30654 38860
30655 38861
30666 31832
30683 38889
30690 31864
30729 32039
30733 32158
30776 39041
30787 38901
30794 32094
30804 31807
30822 32265
30843 38919
30844 32011
30857 31838
30863 32159
30869 32192
30882 32168
30893 39129
30894 39130
30900 38958
30901 38959
30904 32073
30909 32085
30919 32351
30920 32190
30923 32272
30924 32273
30926 32297
30928 32240
30929 32241
30943 32302
30944 32180
30951 32298
30955 32380
30960 32290
30961 32291
30964 32244
30965 32227
30966 32228
30968 32149
30969 32150
30985 32317
31003 32193
31009 32347
31010 32469
31017 39139
31020 32361
31025 39137
31027 39092
31028 32222
31032 32373
31040 32372
31060 39184
31069 32434
31097 3578
31113 32445
31114 32364
31121 32471
31138 32414
31141 39131
31144 32506
31150 32466
31163 32508
31164 32509
31165 32499
31173 39310
31179 32544
31180 32545
31185 39189
31188 32431
31189 32432
31193 32552
31196 32551
31201 39278
31211 32541
31219 32461
31227 32682
31228 32679
31237 39280
31252 32494
31289 32642
31306 32738
31326 32807
31330 39294
31333 32750
31334 32608
31336 32751
31484 32850
31485 32851
31493 32995
31524 32976
31539 33009
31573 39570
31616 33008
31627 33062
31637 33055
31651 39634
31674 33049
31697 33134
31698 33135
31726 33177
31729 33207
31730 33114
31738 39548
31741 33172
31751 33170
31755 33060
31759 33230
31840 33280
31850 24091
31868 32521
31911 33276
31929 33374
31930 33375
31935 24154
31966 33408
31967 33409
31972 39798
31975 33243
31998 33436
32019 14371
32054 33484
32072 33726
32073 33727
32124 33569
32125 33573
32132 24338
32149 33539
32172 33477
32182 33507
32205 24382
32233 33852
32242 33508
32256 33579
32261 33515
32270 33849
32320 33959
32379 33933
32397 33704
32410 33712
32411 33713
32418 25036
32425 34037
32434 33729
32435 33730
32442 34045
32457 34061
32468 34004
32471 34072
32476 40073
32508 40132
32542 33992
32544 40163
32546 38420
32555 34159
32560 33945
32561 34140
32596 34235
32609 34027
32631 34002
32637 40207
32645 40306
32699 24310
32712 33963
32729 34148
32730 34149
32731 34150
32762 34215
32763 40304
32781 34073
32802 34085
32806 34258
32821 34273
32838 34295
32841 34307
32877 34357
32886 25158
32909 34410
32910 34411
32911 34409
32922 34245
32935 34303
32941 34732
32949 34435
32971 34271
32983 25385
33021 25687
33030 34343
33041 25715
33042 34352
33058 34517
33072 34546
33110 34429
33140 34356
33142 34607
33165 34474
33194 34666
33195 34667
33196 34664
33205 34495
33214 34675
33215 34676
33233 34627
33235 34522
33262 34713
33263 34714
33274 34470
33280 34673
33283 34812
33284 34813
33328 34748
33345 34781
33347 43345
33353 37981
33388 34829
33405 40731
33416 34834
33418 34872
33423 34858
33425 34805
33427 40748
33429 26153
33444 34632
33447 34896
33469 26243
33504 34706
33527 34763
33537 34991
33539 26325
33547 34908
33556 34974
33583 35059
33597 26233
33620 35064
33633 26282
33676 35131
33677 35132
33684 35135
33690 35158
33709 26558
33766 35213
33770 35166
33776 41025
33791 35172
33798 35210
33799 35211
33801 26623
33822 41078
33844 35162
33855 35285
33866 26731
33890 35381
33897 35224
33907 35364
33916 35410
33935 35391
33944 26669
33972 35475
33982 35303
33986 26932
33991 35498
34001 35503
34004 35513
34011 35500
34012 35501
34022 35493
34044 27030
34056 35542
34072 33321
34078 35566
34079 35550
34183 15137
34186 35726
34211 15191
34218 35681
34234 35904
34252 35773
34304 35709
34333 35863
34335 27478
34345 35782
34353 35777
34367 35807
34368 35808
34380 27462
34381 27495
34418 41488
34452 35876
34467 35931
34468 35674
34487 14266
34489 35824
34506 35843
34534 27687
34556 35961
34569 36007
34613 27764
34636 27778
34650 27785
34664 27800
34685 36091
34707 27773
34725 36076
34753 27902
34774 36054
34831 36273
34851 28042
34955 28143
34973 36313
35042 28592
35044 36567
35045 28279
35077 41901
35089 36171
35110 36404
35136 28228
35167 36508
35206 28438
35208 36413
35215 28302
35219 36488
35228 28453
35229 28454
35257 36715
35271 28542
35273 28587
35285 36471
35294 28430
35295 36568
35341 36454
35344 36448
35358 36491
35408 28702
35411 36861
35428 36741
35469 28923
35474 36637
35482 36647
35492 28800
35522 36678
35564 36720
35571 36761
35578 36816
35607 36825
35635 42115
35660 36856
35663 28987
35669 28903
35682 29242
35700 36916
35702 36918
35707 28950
35708 28951
35725 36848
35731 29098
35737 37102
35758 37147
35768 29193
35797 29368
35807 36952
35812 36959
35831 36939
35842 42121
35851 42138
35852 37011
35853 37012
35863 36966
35874 37032
35885 36968
35887 37054
35893 37094
35935 37086
35958 37155
35996 37207
36000 29264
36008 37172
36014 29282
36018 29409
36023 29401
36047 37161
36731 42622
36732 42651
36739 42630
36741 42665
36742 37582
36747 37652
36754 42660
36762 37674
36771 42700
36792 37557
36796 42540
36814 42652
36818 37558
36825 37740
36826 37771
36830 42668
36844 42719
36845 37743
36855 42682
36858 37762
36862 37748
36877 37806
36884 42709
36887 37751
36891 37797
36893 42708
36897 37819
36902 37868
36903 37869
36915 37782
36928 42801
36929 42738
36940 42786
36956 42767
36962 37830
36979 42655
36982 42813
36985 42730
36986 37723
36995 37952
36996 37887
37005 42783
37009 42838
37012 37894
37018 37876
37020 37924
37024 42802
37039 30496
37041 37765
37065 37955
37069 37958
37071 42930
37072 42929
37073 42912
37080 37967
37086 30616
37095 38033
37114 38034
37121 38023
37156 42993
37160 42959
37161 42960
37162 42999
37163 43000
37167 38099
37174 38163
37184 38132
37192 38131
37211 30849
37215 38191
37223 43064
37233 43073
37239 43061
37249 43021
37253 43101
37254 43102
37268 43118
37275 43134
37281 43109
37285 38272
37291 38366
37316 38375
37320 38324
37321 38325
37325 43001
37326 43002
37339 38349
37342 43123
37361 38362
37363 38359
37365 38286
37366 38287
37371 43185
37374 43190
37375 43070
37376 38421
37377 38422
37378 43151
37381 38388
37394 31283
37404 38406
37414 38491
37415 38492
37422 38442
37463 38429
37498 38675
37506 38386
37511 38470
37521 38617
37524 43362
37531 38494
37532 38495
37545 38619
37552 38509
37554 38439
37557 31514
37573 43376
37581 38651
37585 43268
37586 38541
37587 38530
37590 38625
37594 38665
37599 38700
37604 38624
37606 43402
37623 31684
37630 38719
37648 43394
37649 43254
37666 43452
37673 43454
37674 43455
37676 43253
37678 43408
37679 38752
37688 43467
37712 38764
37713 38765
37744 38806
37751 38850
37752 38851
37758 38847
37801 38914
37805 43542
37819 38821
37820 38716
37821 38899
37823 43409
37826 38881
37832 38759
37837 43537
37840 43468
37861 38985
37870 38830
37889 43509
37906 38919
37909 39047
37912 38906
37917 39038
37928 39048
37933 39057
37939 38997
37941 39126
37942 39127
37943 39064
37947 39128
37963 38960
37977 39145
37982 38977
37983 38978
37989 43567
37994 39105
37998 39157
37999 39045
38003 32227
38004 32228
38009 43699
38012 39087
38015 39081
38024 39124
38025 43650
38041 39161
38045 39179
38050 39141
38053 39063
38068 43728
38071 43738
38072 43698
38081 39245
38092 39030
38093 43752
38116 32519
38121 39230
38132 39301
38139 43632
38146 39182
38157 39315
38173 43719
38175 39244
38179 39249
38188 39118
38195 39195
38207 43826
38208 39225
38212 43831
38219 39227
38227 39168
38228 39321
38234 43733
38240 39277
38244 39347
38261 39261
38265 43714
38271 39304
38272 39305
38274 43788
38280 39313
38289 39384
38309 39343
38310 43828
38326 39360
38372 39349
38379 39463
38390 39442
38393 39395
38406 39412
38407 39413
38417 39453
38424 39458
38425 39459
38443 39531
38444 39532
38445 39462
38448 39468
38450 39525
38465 39488
38467 39509
38469 43964
38483 39575
38489 39519
38509 39559
38513 43995
38541 44065
38550 39576
38556 39641
38570 44006
38577 39594
38582 44015
38589 39612
38600 44027
38605 39654
38616 44041
38619 44061
38621 39663
38624 39668
38639 44136
38651 39587
38666 39725
38668 39624
38678 39675
38679 39676
38681 39755
38684 39742
38704 39750
38745 39782
38746 39783
38760 39751
38767 39792
38795 44278
38798 44235
38810 39887
38816 39861
38831 44256
38839 39779
38841 33392
38862 44201
38863 39898
38876 44300
38877 44301
38971 39890
39026 40020
39033 39988
39049 34000
39050 34001
39062 40173
39068 32521
39090 40031
39132 44484
39134 40111
39156 40138
39163 44455
39178 40326
39204 40324
39216 40098
39221 40217
39222 40139
39223 40264
39238 40159
39243 40204
39248 40213
39254 44510
39255 40222
39265 40300
39291 40295
39317 40276
39319 40457
39339 40285
39340 40487
39351 34196
39353 40348
39355 40434
39359 40488
39361 40301
39362 40441
39372 40323
39392 40459
39393 40345
39399 44627
39407 34237
39424 40479
39444 40513
39462 40522
39475 40512
39503 40450
39551 40499
39559 40615
39571 40611
39574 40647
39588 40649
39601 40629
39609 40683
39621 40663
39635 40711
39637 40532
39645 34524
39654 40687
39656 40726
39658 40719
39659 40720
39669 40651
39675 34794
39692 40652
39694 40731
39700 34823
39730 40869
39731 40870
39732 40794
39734 34892
39751 40880
39770 40733
39782 40771
39783 40772
39809 40864
39817 40881
39836 44856
39895 40957
39906 40965
39912 40967
39916 40807
39917 40950
39964 40843
39988 35166
39998 40891
40002 40879
40004 41008
40005 41009
40014 41020
40034 41076
40035 41077
40037 34954
40043 41078
40088 40987
40096 41113
40097 41114
40100 41381
40109 41165
40115 41010
40160 41199
40161 41178
40163 35464
40171 41186
40172 41187
40173 41216
40174 41217
40178 41206
40189 35513
40195 35500
40207 35530
40216 41250
40218 41252
40224 35542
40243 35539
40244 41257
40267 41286
40287 41287
40289 41240
40299 45238
40307 45242
40316 41375
40344 35725
40359 41517
40406 41407
40407 41408
40425 35814
40431 41282
40442 41443
40450 35825
40453 41439
40454 41440
40463 35862
40526 41518
40546 35843
40552 35924
40559 41395
40560 41457
40571 41472
40602 41502
40603 41503
40607 36002
40609 35809
40611 36001
40634 35968
40635 41526
40636 41527
40643 41580
40669 41597
40672 36076
40676 41603
40690 41746
40697 36115
40703 41649
40704 41650
40717 41756
40737 41615
40746 36140
40772 41707
40801 41604
40809 36252
40815 41877
40826 41745
40834 41882
40846 45709
40865 41748
40881 41806
40895 41830
40919 41856
40941 41874
40954 36513
40994 36572
40996 41908
40997 41840
41013 36448
41033 41944
41038 41935
41056 36636
41070 42080
41110 41982
41111 41909
41113 42048
41114 36716
41116 36698
41122 41955
41165 42016
41166 42151
41180 41890
41183 42017
41190 42077
41199 42081
41201 36730
41214 36853
41219 37010
41226 42090
41239 42098
41240 36886
41258 37073
41259 36918
41261 37069
41281 42150
41298 36972
41305 36975
41330 36985
41333 42166
41349 37012
41363 37152
41364 37153
41369 37015
41378 42203
41388 37078
41398 42193
41420 37046
41430 37196
41466 37215
41473 42262
41919 42607
41938 42635
41965 46277
41970 42638
41971 42658
41972 46327
41973 46328
41975 42644
41980 42681
41981 46289
41986 46290
41995 42676
41997 42673
42006 46304
42017 46355
42020 42751
42023 46307
42025 42697
42027 42768
42036 46314
42037 46315
42042 46287
42049 42704
42060 42721
42064 42716
42067 42732
42077 42657
42078 46346
42081 42765
42083 46367
42090 42775
42092 42794
42093 42758
42098 42791
42100 42799
42106 42793
42109 42788
42111 42792
42134 42778
42135 42779
42140 46415
42154 42872
42156 42806
42166 46438
42168 46437
42170 42896
42171 42897
42172 42914
42173 42915
42182 42840
42200 42875
42201 46481
42207 42954
42214 46501
42218 42971
42219 46551
42228 43017
42229 43018
42237 46570
42246 43042
42247 43043
42252 46582
42254 46578
42260 43058
42261 43059
42263 46590
42264 46591
42270 43067
42274 43074
42287 43092
42288 43093
42289 46621
42290 38103
42292 46602
42293 46603
42294 46604
42301 43095
42306 43096
42307 43032
42310 46640
42311 43113
42312 46636
42313 46637
42320 43037
42325 43069
42326 43065
42335 43140
42336 43141
42338 46643
42341 46524
42343 43091
42352 43162
42355 43108
42358 43166
42361 46557
42364 46654
42372 43131
42373 46564
42375 38303
42402 43122
42403 46737
42406 46624
42407 43068
42420 46733
42421 43292
42432 43215
42450 43276
42453 43234
42462 43313
42463 43314
42474 46701
42478 46796
42483 43278
42486 43264
42488 46808
42489 46758
42491 43330
42494 43290
42505 46715
42517 43281
42524 46828
42525 43346
42527 46825
42533 43320
42534 43387
42538 43390
42540 43368
42542 46840
42544 43266
42548 43363
42554 46793
42556 46800
42573 43233
42576 46760
42579 46843
42585 43435
42593 43360
42594 43361
42601 43364
42606 43397
42610 43321
42611 43458
42615 46914
42637 46890
42643 43432
42667 43466
42668 46908
42669 43429
42670 43430
42679 43464
42682 38843
42683 46917
42685 46902
42690 43500
42694 43519
42700 43482
42701 43483
42704 43475
42714 43382
42715 43383
42727 46944
42728 43505
42741 46909
42742 46910
42749 43532
42750 46965
42754 43469
42756 43474
42762 43556
42764 43558
42765 46987
42783 43498
42797 43583
42815 47066
42816 43616
42820 43582
42825 43662
42843 43636
42844 43637
42848 43607
42852 43640
42854 43693
42870 43664
42873 43516
42876 47022
42882 43672
42883 43673
42884 43711
42885 47046
42886 43601
42897 43668
42904 47131
42914 43675
42920 47142
42921 43681
42924 43760
42937 43694
42944 43774
42951 43716
42953 43731
42964 43739
42970 43796
42977 47162
42980 43706
42984 43762
42986 43670
42987 47079
42991 43736
42994 43763
42999 47207
43001 43725
43005 43838
43006 43833
43017 43772
43034 43765
43036 43741
43040 43813
43041 43814
43043 47123
43047 43767
43053 43794
43059 43768
43064 47187
43067 43860
43073 43852
43099 43841
43110 47254
43111 43886
43121 43874
43126 43836
43141 43894
43147 43900
43152 47256
43153 47257
43169 43891
43173 43889
43174 43890
43191 43925
43195 43930
43198 43985
43209 43986
43214 47331
43236 44012
43241 43988
43250 44087
43266 44009
43279 44017
43282 44102
43285 44082
43286 44101
43288 44080
43290 47309
43300 44112
43307 44133
43313 44167
43315 44052
43331 44132
43344 44119
43346 44138
43349 44267
43368 44183
43369 44184
43381 44206
43395 47408
43421 44186
43427 44268
43434 39910
43438 44276
43439 44277
43443 44283
43445 44347
43450 47523
43461 44231
43465 44310
43466 44309
43468 47515
43480 44337
43488 44263
43501 44280
43508 44350
43555 44379
43574 44341
43575 44342
43585 47604
43623 47712
43633 44489
43646 44453
43662 47628
43669 44444
43700 44492
43702 44495
43704 44496
43707 44459
43708 44460
43709 44519
43710 44520
43720 44433
43737 40241
43742 47743
43773 44521
43796 44568
43797 44567
43801 44618
43802 44619
43805 44603
43825 47802
43826 47803
43831 44651
43838 40317
43854 40458
43869 44549
43879 47814
43894 44704
43909 44782
43910 44649
43938 44778
43940 44737
43943 47891
43946 44769
43964 44792
43965 44663
43986 44815
43987 44816
43988 44787
43995 44819
43999 44820
44012 44835
44016 40729
44034 44847
44045 44871
44046 44880
44048 44883
44050 44863
44058 44920
44102 44936
44105 44913
44109 40968
44112 44941
44142 45064
44147 44861
44148 44895
44167 45080
44169 44973
44178 48032
44222 45046
44223 45047
44238 41070
44243 44947
44244 41073
44249 48125
44251 45038
44258 41080
44262 45075
44263 45066
44267 45086
44286 45074
44288 41126
44291 45007
44314 45028
44324 45122
44330 41171
44334 45054
44336 41179
44349 41063
44350 45068
44362 45151
44365 45139
44373 45085
44381 45163
44396 41380
44409 45177
44418 45175
44424 41249
44462 45250
44473 41463
44478 45265
44534 45366
44539 45328
44540 45329
44541 45330
44545 41449
44548 45212
44552 41418
44556 45342
44576 45377
44600 45388
44613 41520
44614 41521
44621 48268
44641 45369
44664 45458
44665 41477
44684 45455
44696 45464
44729 45496
44740 45512
44750 41519
44751 41655
44753 45415
44757 45532
44776 41661
44782 45536
44783 45537
44789 41788
44833 45588
44834 45589
44839 45481
44900 41795
44943 41843
44959 45701
44974 41895
44975 41896
44991 45654
44992 45655
44995 45665
44996 45666
45015 41926
45021 41889
45028 42069
45029 45684
45034 45769
45035 45850
45041 45748
45049 45761
45057 41981
45061 45772
45067 42111
45073 45774
45077 45840
45078 45725
45091 45855
45098 45786
45103 45798
45110 45794
45115 45782
45120 45830
45121 45831
45126 42073
45130 45832
45132 45833
45144 45796
45150 45956
45177 45975
45180 42140
45184 42154
45193 45887
45197 42144
45209 42159
45218 45922
45219 45949
45229 45934
45239 42201
45250 42239
45253 42218
45260 45978
45286 42243
45297 46006
45624 48994
45629 46262
45630 46263
45633 46244
45634 46225
45635 46215
45639 42616
45640 49021
45644 46183
45647 46260
45652 49009
45654 48966
45662 42647
45663 46288
45664 49024
45666 46245
45669 49045
45670 46256
45679 49050
45680 49051
45685 46330
45690 46356
45692 46313
45702 49058
45704 46294
45708 48999
45710 49049
45732 46358
45733 49070
45736 46363
45737 46364
45740 46302
45743 46361
45753 46348
45757 46393
45775 46425
45794 49133
45801 49124
45816 42858
45820 46465
45847 46434
45848 49165
45854 46435
45858 46508
45859 49159
45863 46507
45867 46455
45874 46472
45875 46473
45883 49123
45885 46478
45888 46538
45889 46609
45901 46552
45910 49216
45917 46596
45929 46610
45930 46611
45935 46618
45936 46619
45943 46547
45949 46639
45956 46630
45961 46645
45969 46595
45989 46657
45990 49263
45991 49268
45998 46687
46007 46710
46011 46698
46018 46727
46019 46660
46032 46731
46034 49301
46042 46784
46056 49254
46057 46650
46060 46819
46061 46820
46063 49295
46069 46670
46074 46714
46077 46715
46078 46683
46079 46792
46081 46735
46090 46813
46097 46857
46099 46774
46115 46755
46126 46709
46142 49342
46158 46875
46161 46884
46166 49340
46182 46911
46197 46908
46206 46893
46220 46950
46224 46953
46246 46977
46258 46931
46263 49462
46264 46940
46266 49397
46269 46983
46273 49471
46294 47005
46297 49504
46308 49512
46309 47029
46310 49502
46311 49503
46312 47057
46313 47015
46324 47032
46325 47061
46331 47098
46332 47099
46359 49559
46363 47153
46369 47101
46373 47071
46376 47120
46383 49528
46392 47135
46393 47126
46396 47193
46400 49567
46403 43756
46405 47201
46406 47199
46410 47144
46411 47145
46418 47211
46429 47163
46431 47197
46436 47122
46437 47123
46438 47121
46446 47161
46448 47181
46459 47169
46498 49597
46500 47280
46501 43836
46508 47266
46509 47294
46521 47258
46533 47259
46537 47319
46539 43918
46545 47295
46555 47326
46557 47263
46562 47333
46566 47278
46567 47279
46576 47322
46595 47361
46596 47362
46604 47347
46610 47349
46611 47357
46612 49708
46614 47394
46617 47396
46621 47401
46629 49667
46642 47417
46643 47400
46647 47356
46662 47442
46674 47398
46676 47493
46689 47561
46690 47463
46691 47464
46703 47485
46709 47445
46715 47506
46724 47524
46728 44290
46733 49781
46742 47538
46743 47545
46744 47546
46745 47543
46755 47556
46762 47565
46763 47566
46767 47568
46776 47509
46786 47521
46794 47551
46804 47660
46821 47570
46827 47574
46840 47597
46842 47637
46846 47579
46851 47635
46873 49916
46878 47648
46890 47677
46917 47706
46918 47707
46926 47732
46936 47791
46940 49946
46964 47743
46970 47731
46974 44512
46999 47795
47003 44603
47004 47781
47008 49935
47032 47768
47045 47778
47058 47855
47059 47806
47060 47807
47067 47828
47086 47814
47094 47846
47095 47758
47123 47815
47144 47908
47158 44796
47159 47872
47178 47910
47181 47885
47189 44820
47199 47974
47215 47950
47221 47957
47222 47942
47223 47965
47239 47985
47241 50087
47242 48018
47246 47970
47247 47971
47259 48027
47262 50128
47265 44905
47276 48015
47304 48030
47312 47973
47346 48085
47352 45011
47360 48093
47361 45017
47372 50178
47376 48115
47380 48101
47385 48044
47391 48124
47411 48143
47421 48149
47427 48156
47474 48189
47478 45293
47492 48197
47495 50255
47501 48216
47515 48228
47517 48236
47531 48251
47532 48252
47542 45261
47568 48285
47569 48305
47576 48306
47579 48301
47580 50315
47587 45327
47599 48309
47607 48318
47617 48298
47619 45320
47632 50340
47685 48375
47695 45368
47702 45430
47713 48326
47714 48327
47715 48338
47721 45397
47737 45505
47744 48447
47748 48455
47749 48456
47755 48468
47757 48442
47762 48475
47767 48497
47774 48504
47777 45556
47786 48515
47787 48516
47801 48499
47828 52116
47845 45648
47869 48557
47887 48553
47910 48598
47933 45828
47940 48615
47944 45744
47946 48692
47950 50524
47951 48620
47954 48627
47955 48623
47959 50528
47967 45840
47987 48658
47994 48733
47998 48661
47999 48668
48001 45813
48006 48694
48009 48678
48012 45867
48014 45941
48019 48698
48020 48699
48040 45878
48044 45918
48046 45891
48049 50578
48050 48711
48057 48729
48064 48695
48068 45892
48070 45959
48072 48738
48073 45875
48078 45920
48089 48758
48092 48788
48097 48757
48098 48726
48104 48804
48123 48807
48138 48777
48150 48794
48153 45999
48157 46009
48158 46010
48398 50750
48404 50757
48405 50774
48406 50775
48407 49007
48409 49006
48410 49003
48412 50782
48415 50786
48418 49014
48422 49051
48442 49039
48443 49037
48444 50776
48449 49049
48456 49031
48458 50793
48463 49069
48471 49027
48478 50809
48488 49095
48492 49072
48496 50832
48503 49133
48505 49124
48507 49093
48513 49148
48525 49121
48526 49151
48528 50864
48533 49112
48535 49132
48537 49172
48544 49195
48548 50857
48549 50898
48550 49134
48553 49193
48561 49150
48562 50890
48563 49213
48568 49123
48577 46489
48589 49178
48592 46506
48595 50916
48596 49184
48599 49191
48606 46527
48608 49230
48621 49209
48626 49252
48630 49249
48631 49261
48634 49227
48641 50912
48656 50921
48658 49262
48660 49324
48665 49317
48669 50976
48680 49359
48692 49315
48700 51014
48701 49348
48709 51010
48720 49364
48725 49372
48726 49340
48743 49409
48746 51055
48750 51007
48752 51000
48756 49458
48757 49459
48765 49461
48766 51036
48770 49437
48774 49413
48779 49426
48792 49474
48798 49476
48802 49404
48808 49465
48812 49490
48820 51097
48825 49521
48832 49498
48834 49533
48839 49517
48840 51116
48845 51105
48848 49547
48856 49548
48892 49534
48894 49545
48897 49557
48901 49535
48903 49596
48906 49581
48912 51147
48934 51212
48936 51166
48951 51184
48959 49624
48965 49612
48972 49641
48974 51190
48978 49620
48985 49626
49006 49662
49008 49627
49015 49670
49016 49671
49025 49645
49042 49676
49045 49697
49052 49677
49053 51293
49057 49761
49059 49710
49064 49734
49073 49746
49085 47493
49086 51330
49087 49701
49096 49714
49101 49755
49103 49758
49105 49751
49111 49814
49119 49821
49125 49781
49133 49829
49153 49778
49161 51357
49166 47668
49167 47669
49176 49823
49200 49916
49211 49866
49218 51442
49227 49875
49228 49876
49259 49888
49270 49924
49276 49909
49281 49911
49285 52421
49325 47822
49367 49958
49369 49978
49386 49965
49395 47912
49400 50024
49410 50044
49421 50043
49423 50061
49453 50097
49455 50018
49466 50082
49467 47954
49477 50094
49497 50117
49498 48020
49517 50139
49532 50140
49555 50158
49568 50178
49572 50182
49587 50201
49591 50204
49597 50162
49601 50179
49604 51617
49624 50236
49626 50252
49627 50237
49632 50211
49635 48215
49638 48174
49647 48185
49664 50276
49665 50278
49675 48267
49679 50285
49690 50290
49694 50303
49698 50306
49699 50307
49711 50311
49722 50320
49726 50273
49754 50360
49757 50347
49776 48424
49789 48484
49813 50408
49815 50439
49816 50410
49818 48480
49821 50403
49830 48573
49831 50433
49833 50376
49842 52115
49844 50405
49850 50388
49854 50436
49859 50398
49870 50432
49877 50450
49880 50466
49896 50477
49899 50451
49900 48606
49911 48571
49913 48596
49924 48640
49931 48653
49939 50559
49943 50531
49956 48663
49957 50518
49958 50519
49961 50527
49974 50540
49978 48713
49982 48693
49989 48686
49996 50584
50010 50570
50018 48737
50028 48764
50031 48783
50056 48799
50086 48815
50245 50743
50248 52015
50257 52004
50261 50791
50264 50779
50265 50780
50267 50808
50271 50766
50272 50800
50276 52005
50279 52037
50282 50811
50289 50789
50292 52835
50297 52048
50300 50822
50303 50825
50304 52051
50312 50839
50313 50840
50314 52050
50315 52057
50318 50820
50319 52038
50320 52039
50324 50849
50338 50829
50339 50833
50340 50834
50341 50865
50347 50837
50348 50852
50354 50855
50356 50883
50359 52100
50365 52086
50366 50867
50368 52106
50377 50932
50382 49229
50384 52111
50387 50926
50392 52112
50400 52116
50405 50954
50406 50955
50416 50964
50417 50939
50419 50963
50421 49304
50422 50970
50423 50923
50424 50947
50425 52125
50432 52153
50438 50931
50444 50991
50446 52137
50454 52167
50468 51019
50478 51022
50479 51048
50488 51061
50491 51020
50493 52189
50495 51025
50496 51026
50501 51054
50511 51046
50512 52194
50520 51077
50524 52220
50525 52221
50526 51084
50533 51112
50536 51078
50538 52213
50543 51091
50551 51108
50553 51114
50560 51126
50561 51115
50563 51120
50564 52240
50566 51142
50569 51111
50573 51109
50580 51152
50595 51171
50599 51175
50608 51186
50615 51195
50617 52269
50622 51183
50633 51176
50637 51206
50645 52264
50660 51179
50670 51244
50675 51250
50680 51245
50682 51258
50690 52277
50698 51270
50699 51271
50700 52299
50701 51252
50709 51298
50713 51317
50730 51316
50738 51326
50742 51333
50743 51331
50747 52316
50752 51339
50757 51343
50760 51315
50766 51349
50774 51327
50779 49783
50788 51342
50790 51362
50791 51363
50800 51347
50805 52354
50822 52367
50830 51394
50831 51382
50832 51383
50836 49897
50837 49898
50839 51392
50842 51434
50843 51403
50844 51404
50853 51417
50856 51379
50858 51415
50868 51439
50869 51438
50871 51406
50872 51443
50873 51444
50888 49925
50918 51470
50949 50071
50951 51526
50952 51530
50957 50049
50967 51518
50968 51537
50971 51555
50995 51539
51003 51581
51012 51582
51015 51590
51016 51588
51026 51592
51031 51570
51053 51616
51057 51627
51058 51603
51074 52588
51078 51650
51080 50247
51122 51710
51142 51718
51156 50346
51162 50348
51169 51746
51173 50379
51176 50359
51179 51755
51185 51768
51186 51758
51187 51759
51188 50335
51197 51783
51204 52642
51210 51787
51211 51788
51218 51796
51224 51797
51225 51798
51234 51786
51238 50445
51240 51807
51244 50475
51249 51814
51252 50458
51259 51866
51265 50512
51272 51864
51275 51846
51276 50507
51277 50496
51278 50561
51283 51865
51290 50515
51291 51862
51296 50549
51302 52738
51317 50554
51319 51895
51320 51896
51323 50539
51327 51900
51328 51901
51329 51903
51332 51897
51339 51892
51341 51915
51343 50591
51344 50592
51346 50589
51499 52012
51501 52001
51502 52002
51507 52815
51516 52036
51520 52827
51530 52033
51544 52039
51546 52052
51549 52040
51550 52041
51555 52063
51566 50828
51567 52062
51569 52101
51570 52059
51571 52084
51572 52868
51577 52847
51578 52848
51581 52857
51582 52871
51591 52061
51600 52093
51602 50919
51603 50920
51605 52114
51616 52872
51635 52117
51636 52118
51639 52167
51640 52168
51653 52143
51657 52139
51658 52173
51660 51015
51669 52184
51673 52185
51682 52202
51684 52201
51686 52926
51687 52199
51690 52193
51699 52207
51707 52238
51708 52239
51712 52231
51717 52947
51724 52246
51726 52244
51746 52264
51759 52271
51775 52298
51779 52301
51782 51273
51785 52314
51792 51303
51794 52320
51797 52322
51800 52357
51812 52340
51819 52325
51822 52376
51825 52348
51827 52326
51833 52359
51853 52374
51856 53027
51868 52386
51874 52401
51875 52402
51877 51421
51879 52406
51880 52407
51882 52398
51890 52429
51903 52442
51904 53050
51905 52396
51927 53097
51936 52471
51943 52437
51953 52478
51958 52497
51959 52498
51962 52466
51975 52504
51977 52519
51989 52485
52009 52502
52021 52545
52026 52550
52061 52577
52071 52582
52075 52571
52080 52588
52082 53160
52089 52591
52090 52593
52093 52599
52094 51681
52106 52604
52113 52610
52114 52613
52124 52624
52129 51728
52136 52636
52143 51734
52151 51751
52158 52643
52159 52644
52160 52655
52161 52656
52168 52660
52169 52661
52174 51778
52178 52667
52187 52671
52202 52685
52208 52697
52210 51827
52214 52700
52219 51842
52224 52709
52229 51859
52230 51855
52233 52731
52234 51856
52235 51857
52236 52713
52246 52750
52249 52721
52256 52739
52258 52752
52350 52811
52351 52822
52353 52817
52354 52824
52361 53289
52368 52832
52373 53299
52379 52849
52381 53310
52386 53318
52393 53311
52394 53320
52397 53327
52401 52105
52405 52881
52406 52873
52407 52872
52408 52885
52414 53351
52427 52908
52429 52912
52435 53367
52440 53368
52441 52924
52442 52925
52446 52921
52450 52929
52454 52932
52457 52931
52461 53375
52462 52937
52463 52938
52465 53380
52517 53411
52522 52295
52534 53430
52546 52348
52558 53018
52568 53027
52584 53037
52596 53459
52603 53068
52611 53097
52626 53105
52641 52485
52642 53121
52660 53144
52661 53134
52664 53139
52694 53179
52703 53189
52713 52666
52720 53207
52737 52677
52741 52686
52758 53238
52761 53234
52765 53241
52767 52713
52772 52735
52835 53620
52840 53619
52842 53278
52843 53279
52847 53296
52850 52852
52852 53303
52853 53304
52855 53309
52861 53325
52863 53331
52864 53326
52866 53655
52879 53342
52880 53676
52883 53667
52884 53352
52887 53677
52890 53359
52892 53680
52893 53681
52897 53675
52902 53366
52903 53691
52908 53370
52909 53371
52910 53372
52911 52920
52913 53373
52914 53376
52919 53703
52920 53378
52921 53379
52922 53389
52947 53716
52951 53407
52956 53412
52970 53423
52971 53424
52990 53454
53001 53467
53024 53478
53029 53482
53035 53492
53043 53497
53049 53502
53050 53503
53052 53504
53082 53537
53091 53530
53092 53531
53117 53553
53140 53213
53148 53236
53155 53232
53159 53244
53160 53582
53162 53588
53213 53624
53223 53859
53232 53870
53237 53876
53240 53647
53245 53665
53247 53669
53248 53666
53250 53679
53257 53687
53258 53688
53263 53694
53265 53696
53266 53699
53267 53700
53268 53889
53270 53708
53275 53715
53276 53714
53293 53439
53321 53745
53340 53782
53346 53521
53348 53786
53355 53801
53359 53545
53360 53544
53366 53550
53368 53552
53375 53556
53387 53822
53393 53829
53394 53581
53399 53835
53453 53876
53454 53874
53456 54003
53465 54009
53466 53884
53467 53885
53473 53888
53477 53902
53478 53903
53506 54033
53530 53945
53536 53796
53538 53797
53539 53798
53541 53959
53544 53803
53546 53810
53547 53961
53548 53962
53551 53963
53553 53965
53554 53966
53556 53969
53558 53970
53568 53824
53571 53982
53603 54083
53605 54007
53610 54011
53615 54094
53617 54098
53619 54017
53620 54018
53624 54099
53625 54020
53635 54029
53636 54030
53637 54028
53646 54036
53647 54037
53652 54039
53658 54043
53659 54046
53665 54048
53668 53964
53672 53974
53678 53984
53700 54087
53701 54144
53705 54145
53714 54099
53737 54120
53742 54122
53743 54123
53749 54054
53755 54130
53769 54141
53771 54148
53772 54183
53774 54184
53777 54152
53779 54190
53780 54158
53784 54160
53788 54115
53789 54116
53795 54167
53807 54178
53808 54179
53810 54176
53812 54205
53813 54181
53816 54185
53819 54210
53821 54187
53834 54212
53837 54164
53838 54196
53840 54166
53842 54218
53843 54199
53858 54230
53859 54209
53862 54208
53864 54211
53866 54217
53868 54219
53869 54220
53872 54231
53873 54232
53876 54234
53896 54252
53898 54253
53899 54254
