2097
198 29306
218 29637
306 18646
324 18560
340 18646
422 29501
423 29500
501 18264
503 17694
651 29265
661 17948
709 17782
780 17442
796 18151
823 17338
829 17437
847 17383
907 17312
1004 28952
1161 29016
1199 17429
1224 17286
1225 17287
1232 29031
1255 17636
1270 28949
1310 28835
1335 17588
1353 16930
1469 8397
1497 16774
1515 16880
1522 17376
1562 17182
1628 16715
1649 16670
1703 16916
1808 16639
1882 16970
1909 28616
2014 16583
2028 16395
2068 16351
2209 16202
2243 16360
2350 16009
2361 16102
2374 28323
2378 28216
2426 36268
2608 15845
2609 15844
2665 15766
2719 27961
2730 15716
2858 15821
2933 15761
2973 27966
3046 15430
3066 35964
3093 15408
3157 15506
3161 15264
3170 27824
3245 27816
3316 27768
3332 15141
3464 27560
3481 15014
3495 15167
3561 14933
3562 14816
3588 14882
3595 27472
3597 27587
3619 15026
3620 15025
3670 27520
3682 14782
3699 14935
3727 14994
3742 14699
3826 14617
3828 14615
3833 14581
3858 14598
3862 14571
3895 14531
3901 27375
3920 14636
3937 14456
3957 14583
4116 14316
4158 14265
4325 14283
4329 14092
4408 27079
4409 27078
4417 27061
4428 13991
4441 26963
4549 26972
4561 13878
4575 13806
4595 13901
4804 13637
5041 13508
5051 13382
5113 13239
5114 13240
5318 13267
5320 13230
5347 26500
5413 26452
5541 26372
5634 12771
5646 38920
5662 12809
5669 12757
5699 12785
5706 12713
5741 26281
5742 26280
5826 12509
5884 12541
5928 26130
5929 26129
5948 12389
5981 12361
6021 12329
6049 26070
6078 12428
6115 12454
6118 12293
6147 34776
6165 12386
6194 12371
6294 12165
6311 25953
6369 25982
6433 25862
6464 25840
6475 25828
6557 11740
6578 25731
6645 25725
6671 12000
6770 11804
6810 11605
6865 25642
6938 11353
6968 11387
7004 11208
7059 25435
7079 25499
7130 25464
7143 25503
7169 11572
7172 11542
7312 11148
7334 11068
7357 11026
7473 25212
7529 10867
7546 11261
7555 10929
7577 10820
7623 10787
7680 25169
7709 25073
7746 10556
7752 25128
7819 10608
7965 25030
8287 24668
8303 24593
8341 24564
8388 10209
8413 9880
8481 9911
8616 9860
8624 9856
8956 24362
9013 9373
9073 9665
9093 9275
9168 9069
9202 9202
9209 8959
9210 8960
9214 9191
9319 48434
9493 8890
9571 8830
9638 8783
9650 8429
9760 23758
9832 23910
9914 8439
9952 8030
10121 23525
10122 23526
10145 23495
10193 23486
10240 23558
10241 23557
10490 7910
10491 7909
10531 7465
10617 23219
10853 23091
10879 23142
10898 23044
10922 7722
10923 23122
11059 6964
11132 6844
11133 6843
11175 22878
11181 22895
11241 6915
11249 6752
11362 7111
11411 6740
11414 7682
11472 7037
11546 22691
11688 6290
11699 22574
11711 7343
11762 22567
11823 6354
11825 22520
11888 6737
11893 6304
11909 7209
11910 7210
11916 22469
12040 6173
12115 6019
12194 22236
12226 22239
12287 22354
12316 5892
12362 6281
12378 6255
12379 6253
12703 21948
12831 21783
12892 46364
13008 5904
13011 21640
13388 21501
13393 4332
13422 5662
13466 21537
13492 21538
13668 4737
13694 4384
13763 4699
13898 38704
13911 21268
13995 4436
14016 21970
14046 4670
14167 21829
14206 5021
14242 4179
14478 3965
14499 3930
14500 3929
14538 3884
14542 3853
14544 3852
14599 3169
14640 3741
14687 4158
14748 21234
15079 20421
15155 20391
15211 4006
15334 2121
15533 4251
15615 19961
15637 20081
15638 20080
15699 3901
15708 3938
15968 3859
15969 3858
16072 3565
16221 2378
16246 1968
16398 2267
16399 2266
16406 2342
16409 1045
16410 1044
16806 3108
16923 437
16934 2878
17092 1137
17227 18994
17285 2253
17328 90
17329 89
17366 2711
17559 19020
17577 2498
17780 2135
17782 1671
17783 1670
17851 1629
17906 629
18387 915
18747 1426
18748 938
19188 29523
19265 29149
19286 29502
19354 29323
19623 36752
19685 28959
19739 36657
19774 28663
19794 16972
19809 28673
19877 36588
19953 28520
19991 16618
20022 28363
20039 28399
20048 28385
20058 28386
20070 16444
20106 28332
20107 28331
20120 28344
20121 28345
20143 28283
20177 28261
20178 28324
20181 28194
20199 28445
20210 28219
20236 28421
20243 36311
20305 36241
20314 16319
20330 28086
20367 28058
20378 15942
20425 16129
20430 28131
20452 15681
20463 15652
20503 15579
20510 15574
20523 15598
20540 15513
20543 27863
20556 36046
20577 27821
20614 35994
20615 35993
20632 27897
20635 27732
20653 27715
20654 27842
20663 19231
20706 35885
20747 27672
20769 35775
20788 35855
20799 35857
20800 27683
20814 35829
20823 35848
20830 35802
20839 27479
20867 35789
20882 27599
20907 27471
20912 27428
20951 14753
20952 27420
20962 27455
20976 27392
20988 27408
20993 27374
21001 27473
21009 27468
21021 27509
21032 14664
21077 14635
21097 27306
21098 27305
21216 27179
21223 14295
21269 35519
21281 27115
21292 35492
21305 27074
21389 27103
21406 35401
21451 27031
21461 26948
21573 26827
21576 13737
21581 26880
21613 26825
21619 26861
21661 13669
21668 35234
21669 35233
21704 13546
21778 13300
21819 26602
21834 13273
21859 35081
21860 35080
21954 26403
21963 13043
21980 26374
22003 26364
22050 26309
22128 34867
22133 26297
22186 26173
22187 26172
22191 26201
22194 34824
22270 26144
22350 26053
22359 26095
22360 26094
22483 25820
22514 34632
22537 25761
22547 34565
22548 34607
22549 34608
22604 12064
22605 12063
22647 25677
22689 11830
22693 25662
22707 34440
22721 25606
22724 34483
22731 25648
22741 34466
22765 25566
22785 25664
22801 11717
22827 11534
22884 11558
22900 25462
22905 11601
22923 11482
22927 34362
22969 25344
22991 11430
23004 25522
23015 34301
23021 25982
23042 25377
23123 25426
23148 25379
23169 10912
23195 34095
23215 25012
23216 25305
23235 34066
23242 25037
23268 10784
23284 24987
23382 24926
23423 33918
23439 10536
23453 9880
23522 10293
23632 24688
23879 33596
23922 24427
24036 9789
24106 24180
24107 24181
24197 24102
24212 23966
24235 24066
24335 33224
24365 33244
24474 23723
24478 23725
24479 23726
24531 33117
24541 23756
24542 23752
24552 23731
24572 23711
24591 33025
24624 7968
24653 23592
24660 7965
24688 32898
24741 8511
24794 32821
24918 32778
24959 7953
24970 32692
24977 32687
24996 8013
24997 8012
25001 7876
25076 7735
25079 22957
25081 22843
25091 7183
25114 23100
25115 23099
25168 23054
25197 32545
25198 32544
25254 22958
25266 22687
25287 22659
25301 22626
25362 7299
25394 22977
25401 32406
25406 32311
25472 22421
25496 22501
25497 22502
25520 7092
25589 6991
25646 6647
25693 22864
25840 6627
25942 22733
25967 22120
25968 22119
26035 22080
26052 22062
26066 5867
26077 5930
26095 21824
26131 32217
26171 6153
26187 21913
26188 21912
26244 22010
26245 22009
26250 21570
26264 21400
26281 31658
26287 47312
26305 6045
26325 5950
26366 5589
26404 5480
26415 21185
26508 5307
26674 5043
26783 4838
26796 5302
26805 20898
26869 4694
26877 21305
26932 4883
26943 31002
26946 3721
26973 27106
27050 21151
27067 21008
27126 21072
27205 21001
27232 4689
27234 20930
27253 20266
27278 4609
27436 4218
27507 4119
27534 30882
27540 4151
27710 3805
27711 3804
27877 20983
27924 3269
27935 38217
27959 30516
28125 19817
28181 20630
28197 29937
28368 19613
28435 20264
28502 2525
28556 19500
28557 18957
28563 20501
28599 2615
28614 2025
28656 19402
28660 19419
28672 19362
28738 2507
28812 18938
28836 20135
28865 2187
28921 30353
28938 19854
28983 1472
29040 19040
29075 19032
29076 19031
29096 205
29295 152
29484 18893
29587 42355
29588 42354
29722 37024
29747 36793
29762 36979
29783 42228
29784 36935
29833 36902
29879 36562
29903 36724
29920 42083
29926 45836
29968 42034
29984 36538
29989 41978
30004 36515
30026 28504
30040 36509
30048 41917
30059 36594
30065 36491
30147 28533
30157 36414
30158 36413
30159 36402
30295 36291
30300 36256
30301 36261
30302 36260
30329 41784
30338 36380
30339 36379
30364 36197
30370 36336
30375 36178
30388 41754
30408 36218
30416 36153
30434 36183
30435 28137
30445 36131
30449 28104
30450 41701
30451 28063
30542 36012
30588 27909
30597 41590
30606 35968
30607 35967
30614 36050
30621 35952
30622 35951
30651 41532
30652 41533
30681 27806
30683 35911
30704 27778
30762 35831
30795 35891
30829 35855
30860 41406
30862 27507
30868 35732
30934 35671
30948 35689
30953 27386
30954 27385
31040 27279
31043 41309
31058 35629
31060 35551
31090 35518
31094 35521
31131 27170
31132 35452
31159 35439
31188 41171
31209 35488
31244 35382
31245 41164
31281 27087
31298 7160
31328 26941
31369 41087
31370 41088
31380 35295
31396 35308
31402 26896
31456 35250
31508 40952
31570 40893
31578 26598
31580 35095
31592 35122
31596 40873
31621 40867
31668 35024
31675 35008
31697 35002
31796 34886
31807 40728
31821 34896
31825 34854
31832 40735
31893 40686
31895 26218
31912 34801
31913 40665
31915 40665
31920 34800
31928 34815
31937 34820
32039 34761
32044 25959
32048 34709
32065 34699
32085 34678
32095 34712
32108 34619
32129 40533
32150 40521
32158 34572
32180 25909
32182 40489
32195 40454
32196 40453
32219 34544
32260 40448
32302 25748
32373 25666
32390 25592
32409 40331
32445 34452
32469 34326
32473 44590
32474 25587
32483 34338
32485 34313
32490 34421
32492 25430
32501 25496
32507 25982
32511 25394
32521 23159
32525 34344
32538 25447
32541 34374
32566 34358
32586 40236
32587 40235
32609 25378
32614 25355
32630 34224
32652 34127
32653 34126
32659 34128
32679 34090
32692 40156
32718 34059
32719 34060
32774 25083
32807 33952
32810 33956
32833 40041
32901 24985
32915 24977
32921 33733
32924 24963
32954 24799
32973 33703
33003 24740
33089 44256
33154 33592
33170 33598
33222 33514
33236 33545
33326 33438
33378 33266
33464 33311
33477 24236
33508 39576
33531 33179
33557 33213
33617 33200
33677 33122
33726 33113
33730 39396
33741 33104
33819 39358
33919 23436
33959 23380
33974 32694
34002 39210
34034 32629
34045 23313
34062 23284
34093 39150
34148 32670
34149 32669
34150 22985
34224 39011
34271 38980
34273 32587
34285 38963
34299 38951
34304 7308
34316 23110
34317 23109
34320 38936
34343 38917
34344 38916
34352 38907
34375 32220
34464 38851
34491 22890
34514 32407
34537 38757
34546 32371
34627 38807
34650 31902
34653 32267
34673 32083
34676 22707
34699 22684
34710 31844
34732 6741
34751 22621
34790 22525
34793 32417
34805 32313
34807 31947
34835 32289
34836 32288
34882 31592
34894 38429
34903 38412
34932 38392
34947 21400
34962 31510
34974 31434
34991 31594
35099 32066
35123 38748
35131 31717
35132 31716
35147 32012
35156 38449
35157 32011
35174 31996
35175 31995
35232 31932
35285 38318
35347 38577
35469 31284
35489 21097
35498 21612
35501 21087
35513 31365
35635 30748
35638 38128
35674 30804
35701 31459
35761 21274
35795 41066
35824 31435
35840 21302
35901 37913
35973 30681
36011 37831
36012 20917
36066 37612
36089 37972
36094 30561
36131 30242
36132 20858
36144 20791
36222 31019
36235 30583
36433 30468
36440 20579
36446 30222
36476 20553
36502 29877
36650 30083
36653 19326
36658 20323
36686 30647
36687 30659
36706 30032
36796 20200
36853 37328
36858 850
36861 29935
36864 29852
36919 29833
36957 30140
37008 29790
37054 30250
37082 30117
37106 19576
37107 19575
37114 29798
37115 30180
37141 30181
37152 30334
37153 30333
37155 30132
37176 507
37210 30006
37281 42244
37311 46051
37314 42370
37337 42347
37365 42290
37383 42164
37385 42299
37404 42263
37410 42144
37419 45929
37428 42212
37430 42219
37439 42233
37487 42148
37549 42073
37554 42074
37558 45832
37562 42056
37570 45822
37627 41886
37636 41848
37650 41781
37654 41908
37670 191
37696 36398
37717 45741
37723 48464
37733 41760
37740 41731
37743 45619
37760 41724
37765 41795
37777 45584
37778 41700
37789 41690
37798 41683
37806 41722
37829 41756
37854 41625
37868 41607
37869 41608
37873 45567
37875 45596
37891 36102
37898 41657
37955 36022
37971 41524
37977 41509
37985 35989
38015 41489
38054 41450
38059 41439
38072 41474
38107 41428
38148 35760
38163 45375
38213 35677
38214 35676
38216 45356
38228 45353
38265 45330
38266 45329
38336 41230
38340 41221
38366 41187
38375 45234
38382 41215
38383 45247
38397 41202
38431 35367
38443 45195
38446 35403
38451 35676
38470 45193
38482 41119
38490 45162
38492 45143
38521 41081
38533 45120
38588 41009
38589 41008
38614 35124
38641 35158
38665 40891
38677 40877
38680 35128
38686 40861
38709 44973
38713 40839
38722 40808
38732 40812
38733 40813
38745 40801
38750 40788
38803 44896
38811 40722
38821 44909
38837 44890
38853 44876
38860 34847
38861 34846
38873 40653
38887 40669
38910 40651
38916 40608
38919 40614
38922 44815
38945 40547
38949 40575
38977 44782
38979 40551
38997 44758
39041 40455
39063 40459
39069 44706
39088 40487
39105 40467
39116 40383
39127 40378
39128 44663
39137 34478
39138 34477
39142 34456
39144 40363
39151 34514
39157 40332
39189 40339
39195 44627
39217 34432
39232 44562
39253 47637
39267 40226
39277 40245
39315 40181
39316 40180
39318 34311
39335 40176
39343 40171
39384 34124
39414 33908
39415 34150
39454 40142
39519 39963
39525 39998
39604 39897
39609 39952
39611 40011
39638 44290
39646 39859
39668 39837
39676 39932
39741 44218
39749 44155
39750 39748
39764 39709
39768 39709
39782 39713
39783 39712
39792 39690
39837 39638
39889 44033
39905 44020
39911 39564
39925 10684
39926 34172
39940 39535
39957 34172
39972 10684
39973 34172
39988 43960
40015 43962
40053 43914
40060 39352
40065 39306
40100 39410
40108 33029
40111 43900
40132 39272
40133 39246
40170 43855
40217 43817
40246 39107
40270 43760
40272 32932
40299 32639
40309 43693
40322 43703
40345 43685
40370 32587
40385 32578
40396 32760
40419 32744
40420 32745
40421 38937
40446 43614
40458 39070
40488 32529
40499 43572
40532 38766
40629 43561
40652 32488
40663 38758
40717 32382
40723 38733
40731 38721
40830 32238
40831 32239
40847 43274
40850 38558
40872 38558
40880 32050
40960 38748
40987 38236
40998 38181
41008 38414
41020 38396
41038 31932
41078 38174
41094 43095
41115 43074
41125 38577
41199 31407
41203 31681
41206 38230
41216 38290
41217 38288
41242 38264
41340 38439
41349 37876
41388 42899
41394 42894
41396 42888
41407 38025
41408 38024
41430 31455
41471 38294
41472 38293
41477 31397
41486 37913
41564 37814
41589 37808
41597 37787
41601 37575
41619 37766
41638 37809
41649 31071
41650 31070
41661 37716
41671 42598
41677 42624
41697 37457
41707 37438
41748 31039
41765 38044
41833 42483
41848 30565
41868 42457
41944 37788
41976 42450
41982 29990
42016 37294
42053 37246
42073 37322
42077 37657
42079 30615
42090 29864
42095 29915
42098 30373
42132 42452
42135 29833
42154 30271
42192 37580
42231 29798
42237 30323
42337 48753
42381 45904
42384 48718
42389 42331
42420 45984
42425 45885
42427 45944
42430 41997
42445 48672
42446 48671
42454 48662
42456 45793
42461 48640
42468 48643
42473 45803
42483 45779
42485 45887
42490 45899
42501 41936
42510 45895
42541 41882
42542 45775
42544 45802
42554 41872
42559 41961
42586 45728
42589 48551
42590 45800
42593 45782
42602 45683
42604 45667
42614 45670
42615 45688
42622 45641
42636 45672
42640 45661
42648 45651
42673 45637
42700 45616
42704 48444
42707 41717
42708 41716
42712 45585
42716 41696
42718 45660
42720 45581
42730 48434
42749 45558
42751 45560
42765 45529
42767 45561
42768 45540
42778 45609
42779 45608
42784 41616
42786 48344
42788 45509
42792 41606
42793 45514
42795 45569
42802 45557
42814 50392
42826 45476
42838 48335
42840 48346
42850 45470
42858 45527
42899 45444
42954 45381
42959 41396
42960 41395
42971 41378
43018 48188
43033 45317
43037 45323
43041 48186
43074 45287
43092 45259
43094 45264
43096 45263
43114 45265
43118 45244
43133 45227
43139 45245
43140 45226
43144 45229
43165 45199
43166 45197
43176 41195
43178 45217
43185 45196
43188 48068
43226 48021
43234 45122
43253 45110
43278 40997
43286 45080
43318 45029
43330 45007
43345 47936
43346 45003
43363 47935
43365 44969
43403 47902
43409 47898
43433 44927
43454 44885
43455 44884
43462 44870
43468 44895
43483 44864
43508 44838
43514 44846
43516 47819
43519 44800
43520 44827
43529 44812
43533 40593
43537 44788
43556 47787
43558 47783
43572 44767
43601 47769
43621 44709
43649 40462
43661 44656
43662 44655
43670 49899
43677 47680
43692 44636
43699 44626
43706 47658
43711 47656
43718 47650
43719 44668
43728 44576
43746 44564
43752 44560
43756 44631
43758 47610
43762 44624
43763 40318
43772 40307
43774 44533
43785 44597
43790 44511
43793 44531
43795 44529
43802 47580
43803 40217
43828 47540
43831 44472
43834 44487
43841 47566
43844 47552
43852 40159
43860 44493
43875 47507
43885 33908
43889 40029
43890 40028
43918 44355
43930 44388
43931 44389
43971 44336
44007 44321
44009 47427
44013 47422
44027 47415
44102 39893
44132 47375
44133 39872
44136 39860
44185 47313
44201 44122
44219 44150
44226 47280
44231 47275
44235 39644
44255 44124
44256 44123
44276 44095
44279 47226
44280 47212
44283 44094
44288 47223
44290 47259
44318 47203
44339 47179
44341 43980
44350 44039
44355 47170
44369 47150
44384 47135
44415 39511
44426 43911
44444 47090
44450 43930
44457 39384
44468 39490
44514 47028
44519 43885
44520 43886
44521 47021
44526 39339
44567 46995
44600 43745
44618 46978
44619 46977
44637 43645
44649 46918
44668 43825
44749 43616
44766 38776
44801 43448
44852 43354
44863 43649
44895 38950
44903 43316
44913 43238
44947 43233
44973 46664
44997 38801
45035 43166
45055 43321
45059 38675
45061 43248
45074 43234
45122 43251
45151 43211
45175 43132
45178 38266
45216 43078
45217 43077
45275 43320
45307 42857
45319 42998
45342 42968
45347 46410
45388 46368
45406 42903
45426 43162
45430 38234
45464 46277
45471 42731
45496 42829
45505 46354
45536 42762
45537 42761
45556 43071
45595 42585
45596 38067
45615 42681
45665 42561
45714 42557
45767 37303
45799 30207
45813 37875
45846 42520
45849 37754
45851 42498
45882 46104
45938 37726
46076 48727
46091 48637
46099 50640
46100 48619
46107 48689
46129 48602
46137 50612
46166 48530
46183 50573
46211 48525
46212 48497
46213 45708
46216 48499
46217 48498
46227 45710
46230 48548
46240 48476
46249 48457
46257 48461
46259 48506
46260 48468
46274 48448
46284 48406
46289 48433
46308 48375
46309 48376
46317 45572
46318 45571
46327 45592
46328 45591
46340 48434
46341 48374
46346 48352
46348 50437
46352 45518
46359 48363
46361 45533
46363 48326
46364 48325
46368 48342
46404 48296
46405 45466
46407 48330
46434 50364
46435 48308
46470 48247
46482 45387
46489 50319
46505 50309
46506 50308
46526 50290
46527 50289
46535 48232
46538 48200
46539 48197
46541 50269
46550 48189
46551 48183
46552 45344
46557 48223
46559 48179
46574 45317
46578 48165
46582 48159
46583 48158
46588 45318
46596 48140
46603 45268
46626 45261
46634 48113
46635 48114
46636 48107
46638 48105
46640 48099
46646 48088
46653 45213
46655 50203
46656 50204
46669 50188
46673 45218
46682 48052
46694 45179
46712 48041
46714 48049
46727 50138
46733 48014
46763 45091
46774 50126
46795 45020
46797 50105
46822 45045
46826 50093
46829 47944
46836 47933
46857 47903
46875 47900
46877 44937
46878 47899
46908 50024
46909 47872
46930 47844
46944 47832
46955 44834
46974 44828
46979 49987
46992 47776
47019 44741
47020 47744
47026 49950
47040 49939
47046 49933
47055 47711
47060 47697
47061 49917
47075 47702
47083 47685
47086 49907
47120 44670
47122 49871
47123 49872
47126 47698
47131 44584
47140 49864
47141 47622
47142 47621
47145 47682
47153 47614
47166 49847
47184 47646
47187 47589
47199 47568
47200 49816
47206 40117
47218 47605
47256 47478
47258 47482
47272 49751
47280 44443
47294 44429
47307 49708
47329 47485
47338 49687
47349 44403
47350 44404
47356 49668
47361 47425
47362 47424
47395 49674
47399 49653
47408 49643
47409 49642
47410 47453
47417 47373
47419 47420
47430 47361
47451 49615
47455 49614
47456 47327
47463 47315
47487 47241
47493 49589
47502 47284
47506 47279
47513 47224
47545 47249
47546 47248
47547 49566
47557 47191
47561 44070
47565 47232
47566 47231
47568 47217
47589 47201
47597 49526
47611 47176
47620 10964
47654 47102
47677 47114
47707 47048
47718 47038
47731 47064
47758 49412
47778 46951
47801 43889
47802 43887
47803 43888
47825 46932
47850 49336
47872 46859
47952 49274
47954 46956
47965 46756
47966 46757
47974 43609
47975 43608
48011 43551
48067 50892
48085 46647
48124 43147
48125 43144
48180 49080
48223 43294
48229 46553
48230 46552
48277 49009
48289 46447
48305 43134
48324 43157
48326 46390
48350 43213
48355 43124
48382 46289
48385 46445
48436 48891
48445 48882
48451 46365
48455 46364
48456 46363
48457 48945
48470 46230
48520 46375
48526 46496
48548 42665
48553 42985
48562 46247
48619 46366
48640 46431
48643 15867
48646 46173
48785 46194
48789 42604
48888 50597
48889 50596
48891 51947
48892 51946
48893 48624
48903 51934
48916 48547
48918 50609
48932 51907
48945 50493
48973 48476
48974 50454
48981 48457
48992 50453
49014 50436
49016 50480
49021 50434
49033 50428
49041 50425
49046 51809
49053 48374
49056 51782
49057 50389
49067 51780
49070 48345
49089 50393
49093 50390
49095 50353
49097 50345
49100 51750
49112 51726
49121 51723
49123 51714
49128 50364
49133 51699
49134 51705
49136 51695
49148 51689
49149 51688
49150 50331
49169 51672
49171 50282
49175 50279
49178 50310
49190 51665
49209 50280
49216 50248
49223 50230
49227 51637
49230 50227
49254 50200
49261 51595
49272 48071
49282 50164
49300 50142
49310 50138
49324 51555
49359 50088
49400 51493
49425 50013
49426 50015
49433 49991
49434 49990
49440 50000
49448 47835
49476 49969
49502 49935
49504 49924
49512 49910
49523 49892
49525 49886
49528 47719
49539 51382
49553 49864
49564 49848
49565 51363
49567 47635
49568 47634
49575 49839
49581 47603
49582 49816
49584 49801
49597 51333
49624 47548
49641 49786
49660 49724
49661 47493
49667 51268
49698 49674
49701 52393
49705 47445
49709 49661
49710 49656
49713 49648
49717 49650
49726 49615
49730 51211
49745 51205
49746 49600
49751 49616
49798 49543
49809 49571
49810 49570
49819 47273
49822 49553
49832 49518
49839 49545
49857 47161
49866 49510
49897 51117
49898 51116
49912 47165
49922 49451
49924 49473
49958 49395
49965 51039
50071 46980
50082 46952
50094 49248
50097 46902
50104 46898
50224 46739
50230 46704
50267 49123
50290 49078
50322 49057
50347 48984
50359 50788
50362 48916
50388 48867
50396 46531
50403 46551
50415 48924
50445 48874
50515 46438
50518 50697
50572 48847
50573 48848
50647 52803
50661 52793
50672 51940
50685 50551
50688 52770
50750 51814
50764 51776
50774 50417
50776 52721
50787 51765
50789 51803
50792 51788
50793 50399
50799 52707
50802 51747
50803 52708
50809 51729
50812 51715
50815 52700
50828 52689
50829 51736
50834 51724
50837 51721
50849 51680
50857 51697
50867 51684
50890 50255
50896 51647
50898 51632
50907 51627
50909 51644
50912 51636
50913 50222
50923 51621
50926 51604
50932 51599
50954 51583
50955 51582
50965 52581
50971 51571
50972 51556
50976 52572
50977 51551
50987 51540
51000 51527
51008 52549
51014 51498
51016 52544
51025 52546
51026 52545
51036 51494
51044 52529
51061 51457
51078 52508
51086 51445
51089 51437
51108 49947
51110 52484
51113 51408
51115 51420
51142 51375
51147 52469
51152 51358
51175 51342
51179 52448
51184 51338
51188 51329
51189 53120
51190 51320
51197 51312
51198 52431
51200 52432
51201 52433
51267 51283
51293 51264
51294 51265
51303 49715
51315 52379
51316 51235
51327 52376
51331 51222
51335 52383
51336 52374
51339 51218
51346 51209
51355 49601
51357 51180
51360 51202
51363 51187
51382 52322
51394 51155
51400 47192
51424 52287
51438 51125
51439 51126
51444 51121
51488 51038
51526 49414
51528 52190
51558 50923
51559 50922
51597 50931
51641 50839
51710 49149
51728 50815
51742 49058
51805 50714
51866 50707
51884 48932
51950 51882
52004 52714
52011 53286
52015 52705
52021 52707
52023 51735
52026 52693
52027 52694
52033 51719
52034 51718
52036 52683
52040 53282
52041 53281
52048 52686
52050 52672
52052 52670
52061 53268
52082 53259
52092 52634
52093 52640
52094 52639
52114 51587
52117 52601
52118 52599
52125 52595
52139 52580
52140 51558
52152 51543
52170 51504
52176 53197
52182 51486
52187 52526
52195 52518
52202 52506
52207 53175
52210 52500
52211 52501
52220 52491
52237 51404
52241 52470
52243 52467
52254 51346
52263 53128
52264 52452
52271 52436
52281 52439
52299 51275
52320 52389
52322 52386
52326 53069
52340 52373
52354 53056
52359 52355
52378 53033
52398 52293
52404 53004
52442 52272
52466 52244
52468 52971
52502 52203
52508 52197
52516 52182
52533 52930
52555 52185
52588 52082
52593 52116
52624 52066
52641 50899
52660 52042
52661 52041
52695 50777
52731 50781
52740 50769
52782 53345
52791 53676
52793 53316
52808 53302
52823 53289
52824 53288
52832 52690
52851 53263
52857 53643
52902 53202
52907 53196
52926 53173
52945 53157
52973 53555
52983 52422
52984 52421
53001 53065
53107 52944
53108 53459
53110 53460
53121 52940
53132 53446
53135 53449
53206 53393
53209 52084
53210 52069
53225 52837
53278 53889
53289 53284
53290 53657
53303 53873
53304 53872
53319 53243
53351 53600
53358 53594
53393 53805
53410 53538
53412 53537
53421 53784
53422 53783
53530 53414
53607 54050
53623 53663
53647 53628
53655 53835
53715 53562
53742 53770
53747 53966
53801 53723
53858 54033
53866 54031
53877 54023
53908 53990
54007 54206
54008 54117
54037 54179
54039 54077
54046 54073
54054 54167
54083 54216
54087 54123
54088 54122
54089 54209
54120 54175
54141 54212
54145 54271
54156 54291
54158 54288
54164 54251
54169 54233
54176 54315
54185 54297
54199 54280
54202 54301
54211 54306
54212 54305
54231 54334
54232 54335
54242 54317
54245 54321
54254 54338
