1982
189 5144
640 19700
858 18449
1023 16646
1107 40936
1515 18613
1543 18614
1604 18474
2007 18356
2014 18233
2055 18080
2328 17897
2349 18073
2537 3149
2665 17798
2702 17730
2947 17623
2989 17746
3104 17457
3110 17291
3207 17313
3209 17193
3233 17251
3245 28300
3265 17237
3270 17442
3271 17188
3295 17418
3296 17419
3461 17068
3495 15812
3552 16961
3610 16900
3620 15641
3651 27628
3653 16807
3657 16944
3691 16916
3706 16778
3716 16829
3758 16967
3759 16740
3774 16788
3840 16705
3850 15442
3862 16627
3875 16631
4009 16635
4022 16650
4158 16349
4175 16476
4176 16475
4337 16303
4356 16131
4408 27791
4409 27790
4697 16001
4853 15846
5041 14526
5152 15453
5396 15436
5581 13977
5683 15170
5706 14857
5742 14347
5839 14277
5918 14980
5928 14166
5929 14165
5931 14810
5938 15187
5954 15264
6049 13268
6194 14957
6306 26892
6311 13873
6368 13145
6464 26731
6528 13625
6540 14612
6671 14500
6690 14721
6707 14721
6739 12981
6770 14292
6784 14294
6785 14295
6799 13706
6804 27175
6810 13713
6817 47868
6858 14557
6865 26741
6866 26742
6901 14417
6990 14535
7003 14550
7059 26223
7148 13462
7152 14263
7162 14059
7240 13972
7286 14183
7287 14184
7296 14038
7334 13583
7348 13957
7430 14897
7458 13701
7459 13700
7465 25980
7473 25972
7536 12987
7600 13603
7616 25914
7769 12710
7814 13401
7876 13816
7909 13778
7954 13630
7975 13283
8141 11630
8624 12061
8696 12966
8779 12535
9013 11875
9072 12617
9073 12616
9202 11807
9209 10170
9210 10171
9249 10692
9458 11748
9467 11306
9486 24888
9552 14174
9610 11450
9638 11416
9664 11797
9668 11396
9669 11395
9779 11244
9802 11210
9832 25253
10047 11034
10048 11033
10067 10970
10068 10969
10085 10889
10163 24493
10165 10303
10218 16646
10270 10774
10433 24920
10490 10550
10491 10549
10531 24313
10617 24258
10637 24017
10712 24206
10746 10021
10879 24563
10971 23839
10985 10152
11020 23985
11144 8290
11180 24431
11284 24462
11318 9651
11362 9615
11405 23834
11493 9180
11553 1110
11699 23775
11723 9074
11762 23818
11823 8903
11893 8859
11966 23680
12040 23734
12043 23365
12106 9977
12127 7618
12134 23861
12245 9493
12352 23132
12355 8875
12429 22800
12553 7588
12562 22696
12703 23304
12708 23435
12753 9108
12754 7828
12778 22567
12870 8955
12905 7353
12918 7655
12926 7743
12996 8774
13008 8513
13046 7615
13047 7614
13461 6757
13466 22828
13668 22841
13694 22725
13696 8187
13714 22762
13729 22722
13949 22751
14140 21956
14156 21452
14164 21685
14231 6295
14232 22478
14242 22570
14339 22737
14421 6001
14451 22052
14476 21792
14478 22406
14499 5935
14507 5923
14524 21388
14542 5856
14544 5855
14561 8970
14566 6319
14665 22241
14687 7173
14827 22148
14906 5957
14907 5956
14914 38694
14947 22054
14948 22053
15079 20906
15169 5120
15211 6470
15231 21831
15264 21443
15334 4019
15472 21675
15544 21001
15577 20554
15727 21576
16072 5792
16201 5907
16246 21064
16308 21069
16413 19976
16420 19976
16424 19977
16635 19798
16796 19694
17163 20583
17171 4220
17226 19426
17227 19425
17285 4405
17299 20547
17319 4402
17422 2807
17423 2806
17435 19216
17559 19546
17616 2503
17621 2449
17636 21177
17678 19107
17698 3970
17749 2551
17782 3736
17815 23824
18183 19050
18256 19873
18308 3415
18309 3414
18348 19194
18431 2830
18600 3137
18604 19338
18747 3923
18803 3896
19572 37047
19796 18253
19797 18252
19896 29579
19902 29548
19931 29518
19966 18627
19971 18310
20024 29529
20025 29528
20034 29406
20050 18177
20063 18362
20106 18284
20107 18283
20136 28596
20137 28595
20166 29368
20184 18224
20285 29298
20322 18069
20330 17990
20357 17821
20358 17820
20409 29104
20425 28724
20572 29079
20577 28888
20606 17613
20619 31382
20654 17195
20710 17442
20720 28840
20724 17146
20735 17327
20763 28900
20787 17181
20850 28598
20867 27921
20874 17111
20878 17041
20898 28056
20899 16880
20918 28729
20926 17053
20927 17052
20952 16862
20962 28584
20988 28554
20993 28543
21021 28058
21022 28636
21081 16671
21090 28488
21097 28474
21098 28473
21099 16598
21100 16597
21140 28534
21194 27750
21222 28470
21287 16428
21323 16279
21377 27517
21402 27480
21406 35888
21411 16150
21435 28097
21461 28127
21501 16097
21506 16101
21551 15959
21592 28013
21665 28023
21788 27724
21834 15627
21924 15456
21979 15396
22003 27709
22019 15334
22050 15283
22185 15057
22187 27529
22188 35688
22242 15005
22268 15214
22270 14201
22332 14812
22342 14848
22343 14847
22359 14814
22360 14813
22446 15058
22477 27194
22528 14820
22541 27351
22548 35358
22604 14573
22605 14572
22611 14383
22630 14756
22690 14282
22765 14187
22785 14036
22827 13995
22878 26813
22894 26477
22905 14120
22927 26442
22928 26443
22937 34958
22938 34957
22974 27078
22997 27040
23002 26354
23008 13826
23015 26331
23042 26710
23065 13860
23086 26972
23087 26755
23088 26754
23111 13787
23112 13786
23133 14011
23134 14010
23208 13551
23226 26134
23230 13515
23268 13427
23277 13351
23365 13082
23404 13387
23439 13304
23485 34426
23522 12972
23533 26262
23604 13093
23674 26280
23747 12447
23758 26110
23823 34567
23846 12793
23951 25696
23968 12559
24064 25970
24071 25598
24075 25606
24155 25477
24197 25444
24235 25405
24270 24756
24292 25361
24317 25343
24369 33967
24382 33917
24383 33916
24385 25368
24454 11864
24479 24838
24483 11649
24511 33900
24529 25054
24552 34198
24558 11471
24572 25043
24597 24987
24598 24986
24600 33503
24624 24990
24625 24989
24634 11532
24653 24939
24659 10611
24660 10610
24667 24941
24668 24940
24671 11489
24687 24099
24722 24886
24723 24885
24777 24858
24809 35030
24827 33538
24912 33974
24970 24211
24989 23800
24991 11023
25036 10908
25040 24929
25073 10529
25074 10528
25083 10838
25091 9705
25121 24877
25168 24450
25178 23778
25184 24432
25197 33608
25198 33607
25234 24398
25241 33214
25260 10181
25261 10180
25266 23933
25268 24163
25360 33300
25368 23807
25432 23709
25446 10088
25459 33206
25462 33275
25469 10045
25587 23026
25606 33087
25693 24497
25751 8838
25818 22731
25820 23951
25863 9374
25909 23260
25967 32973
26052 23331
26066 23777
26077 8535
26120 8733
26153 8864
26187 23158
26188 23157
26244 23386
26245 23385
26281 32650
26297 32343
26331 32529
26404 23552
26424 8193
26623 22688
26733 22522
26823 32458
26900 7036
26904 22646
26906 23226
26932 7342
26946 22267
26994 31837
27015 31409
27017 22982
27030 32310
27067 32128
27077 32044
27101 38937
27126 32232
27195 6691
27205 32164
27234 22199
27308 31116
27414 21783
27428 38416
27451 21829
27467 21636
27482 30935
27483 30936
27530 30890
27679 31512
27710 6250
27711 6249
27797 31344
27902 22193
27914 31300
27959 31286
28032 5336
28042 38044
28097 21775
28099 30446
28279 31110
28318 21765
28338 30519
28364 30252
28368 30937
28412 30402
28532 30167
28539 30286
28567 30078
28641 19604
28656 30798
28660 30814
28737 1248
28757 30749
28813 30307
28837 21183
28909 19130
28919 30208
28975 19893
28976 19892
28987 30456
29034 19494
29037 30005
29052 29908
29091 30034
29096 19920
29203 30222
29282 20667
29328 20649
29587 37323
29588 37322
29655 37256
29656 37255
30004 29643
30070 29685
30083 37101
30126 37244
30157 29491
30158 29490
30162 42064
30164 18678
30166 29622
30173 37185
30174 37184
30183 37312
30247 6823
30300 37128
30301 37144
30302 37143
30364 37019
30376 29376
30378 37108
30391 18100
30401 37071
30421 29214
30451 29157
30484 36985
30520 29177
30522 36927
30542 36930
30649 36852
30652 41788
30665 28906
30683 28957
30725 36788
30730 28970
30739 28910
30740 28911
30767 28790
30808 36818
30809 36817
30819 28871
30862 28672
30864 36223
30881 28635
30893 28632
30897 36736
30928 28734
30944 36700
30953 28607
30954 28606
30958 28695
30959 28643
31025 28495
31043 41835
31044 36561
31063 36120
31073 28437
31077 28412
31121 28341
31151 28417
31153 28352
31184 28365
31188 36441
31204 36389
31213 28277
31215 36484
31216 36482
31217 36483
31221 36383
31226 28263
31241 36344
31348 36326
31369 36148
31375 36007
31377 28130
31396 28080
31446 36190
31455 27992
31504 36130
31513 36135
31514 36134
31568 41608
31596 35490
31621 35812
31627 27800
31654 27782
31729 27851
31796 35976
31821 35889
31837 35325
31857 27548
31868 35767
31927 27452
31928 27410
31973 35820
31996 27447
32005 27396
32039 35870
32065 35432
32085 35429
32108 35690
32129 35391
32149 35386
32158 35648
32168 27221
32173 35472
32182 35333
32240 14343
32241 14342
32255 27180
32265 35579
32290 35498
32302 27287
32336 27083
32350 27016
32361 27223
32364 27069
32388 26956
32390 26946
32431 35164
32440 35435
32466 26933
32469 26872
32473 34949
32475 13966
32483 35117
32494 40902
32499 35807
32510 27032
32511 26883
32527 35351
32541 35463
32566 26781
32592 40826
32595 26793
32608 34995
32609 26756
32630 35244
32652 35243
32653 35242
32679 35201
32696 35195
32699 34996
32701 26712
32702 26713
32705 35355
32747 13432
32751 26614
32774 26580
32782 35237
32850 40618
32851 40617
32861 35078
32874 26422
32878 35018
32920 40590
32921 40589
32954 26294
32973 34368
32995 26361
33061 26283
33062 26078
33170 34587
33183 34544
33213 34872
33222 34521
33223 34132
33224 34131
33236 25572
33243 34124
33308 34456
33358 34430
33374 25380
33375 25379
33385 40175
33393 25331
33464 34309
33477 25650
33601 34183
33676 34476
33677 40257
33690 24983
33697 39903
33698 39904
33725 34459
33726 34415
33729 39995
33730 39994
33799 25409
33815 24082
33853 34008
33906 25262
33933 33979
33982 25170
34001 40133
34002 39917
34051 24900
34059 33031
34064 11743
34097 33758
34098 33759
34149 33709
34195 44010
34215 33525
34224 39637
34256 39626
34273 33684
34285 39587
34317 10132
34339 39549
34343 39544
34344 39543
34352 39531
34375 39408
34396 24611
34409 33361
34411 33360
34429 39468
34447 24569
34453 39440
34491 33795
34514 33482
34546 33457
34627 39570
34673 33009
34675 24275
34706 39106
34710 32833
34713 33324
34748 33091
34751 33546
34807 32869
34823 24080
34877 23880
34882 39004
34921 23992
34932 32108
34991 32576
34998 32409
35052 39245
35132 32728
35154 32946
35166 39198
35210 32450
35211 32449
35225 39082
35285 39091
35311 32870
35322 32871
35410 32720
35489 22374
35503 38770
35511 32709
35512 32708
35513 39101
35561 31689
35566 22423
35668 31571
35674 38316
35726 39018
35842 38355
35846 15474
35876 31685
35897 38780
35898 38347
35901 38578
35913 32313
35951 38268
35967 31481
36005 38261
36094 38413
36115 43130
36142 38332
36223 30719
36311 31921
36376 37724
36389 37729
36395 38211
36433 31340
36488 38116
36491 42772
36492 37772
36526 37671
36542 37698
36557 37659
36558 38127
36560 37603
36636 38071
36650 38073
36653 30725
36716 30720
36754 37475
36761 37732
36783 31193
36825 30521
36835 37730
36856 37654
36886 31247
36899 37615
36919 37879
36925 37809
36928 13822
36930 13821
36941 37566
36952 37644
36959 37645
36975 37826
37015 42548
37070 37621
37078 30184
37115 20697
37141 31048
37152 31432
37153 31431
37155 30949
37157 30584
37167 37411
37226 30373
37430 42315
37549 42394
37554 42391
37562 42380
37636 37263
37649 37334
37659 42402
37670 37244
37688 42400
37723 45758
37743 42353
37762 42354
37765 41985
37784 37112
37789 37043
37796 37091
37803 37034
37810 37100
37811 42282
37830 42240
37868 42228
37869 42229
37876 36974
37885 42213
37887 42214
37891 36946
37894 36996
37900 37025
37901 37023
37903 36985
37924 36939
37955 36940
37977 36884
37993 42103
38034 42114
38054 42058
38059 42100
38061 42076
38062 42120
38073 42047
38076 36881
38077 42088
38115 41859
38133 42075
38191 36634
38197 36736
38213 36617
38220 41732
38221 41731
38225 41970
38243 36581
38263 36594
38265 41582
38285 41928
38286 41938
38287 41937
38336 36523
38349 36476
38354 41874
38362 41863
38374 36442
38382 41831
38388 41838
38389 36424
38419 21686
38422 36387
38442 36363
38446 28248
38482 41765
38526 36285
38541 36319
38555 35985
38573 36286
38595 36245
38612 36213
38613 36209
38614 36208
38661 41608
38667 41222
38700 36025
38748 45323
38754 27851
38764 41544
38765 41543
38779 36106
38803 41512
38811 45261
38821 41310
38837 41263
38843 41438
38850 41435
38851 41434
38892 41444
38910 35799
38946 41393
38977 41110
38985 35873
38997 41174
39001 41272
39016 45182
39044 40963
39047 41233
39063 45001
39064 35753
39116 35522
39126 41213
39127 41212
39128 41211
39129 41215
39130 41214
39131 40981
39142 35458
39145 41188
39157 41170
39178 35417
39189 40948
39195 40927
39217 35453
39219 40902
39228 41119
39232 44910
39245 41088
39267 41078
39294 40838
39318 35339
39325 35315
39327 35219
39335 40853
39338 41009
39343 40839
39373 13432
39415 35234
39450 40949
39453 40956
39489 35114
39519 40625
39559 40888
39584 26283
39594 40809
39604 34677
39610 40815
39611 40816
39612 40814
39646 40565
39651 34931
39668 40542
39741 40477
39764 40431
39768 40431
39782 40447
39783 40446
39792 40436
39808 40414
39905 44291
39911 40296
39920 40099
39995 40225
40008 33685
40015 39971
40053 39922
40073 34253
40096 34347
40098 44087
40133 39837
40170 39905
40217 44145
40222 34049
40259 10835
40280 39976
40285 44036
40299 39962
40317 43991
40370 33684
40405 39675
40417 39393
40419 33906
40420 33907
40421 39666
40458 39895
40473 44071
40475 44014
40487 40075
40497 39854
40512 39577
40513 33795
40629 43924
40630 39471
40663 39518
40681 43830
40687 39819
40688 39818
40700 39404
40710 33499
40728 39736
40771 39169
40815 39795
40830 33400
40847 43496
40864 43685
40913 39380
40972 43644
40987 38825
40997 43626
40998 38964
41020 43647
41028 38941
41037 39483
41045 39480
41078 43527
41081 39442
41124 39431
41194 46735
41199 39142
41228 32709
41252 39065
41259 38922
41282 43170
41388 43076
41394 43075
41407 43363
41408 43362
41424 43183
41440 38678
41464 38682
41471 39122
41472 39121
41477 39123
41486 38578
41497 32318
41597 43168
41602 43162
41619 38366
41638 38462
41661 43084
41677 42823
41697 42909
41707 42880
41709 37843
41710 37842
41734 31921
41745 43058
41746 38692
41772 42824
41788 43320
41794 38211
41806 43007
41813 42803
41855 42678
41857 46329
41868 42656
41908 38107
41935 38058
41944 12720
41982 38005
41992 42583
42037 42543
42047 37461
42066 42517
42077 43139
42090 37876
42135 37879
42140 42758
42154 38298
42160 38172
42203 42588
42208 42942
42243 46104
42373 48810
42415 45983
42468 46002
42490 48768
42510 46015
42616 48793
42630 42386
42636 45993
42642 45977
42648 45989
42651 42387
42681 42321
42694 46000
42700 42337
42707 42267
42708 42266
42712 45969
42718 45865
42720 42248
42721 42309
42726 42317
42732 42299
42763 42232
42768 45943
42775 45922
42779 48596
42783 42210
42784 42211
42788 45887
42791 42200
42792 42173
42796 42213
42826 42193
42838 42141
42843 45910
42879 42103
42882 42093
42886 45819
42912 42085
42915 45785
42916 42087
42954 42036
43005 42017
43018 45721
43021 42007
43036 41975
43052 45676
43056 41925
43059 45670
43069 41923
43111 41881
43122 45644
43141 45617
43153 36426
43176 41841
43183 41822
43188 45533
43278 41705
43282 41711
43328 45478
43330 45453
43361 45430
43365 41611
43376 41597
43390 45398
43432 45350
43444 41484
43445 45264
43454 41513
43455 45329
43462 45325
43468 45149
43483 45266
43500 45345
43506 45307
43531 45142
43533 41343
43556 45165
43567 45047
43571 41349
43601 45017
43624 41220
43640 45096
43646 41239
43649 41320
43662 45108
43681 45002
43692 45091
43693 45083
43699 41155
43711 45058
43713 44814
43714 44802
43728 41100
43731 45101
43733 44922
43738 45040
43750 44948
43752 41077
43756 45080
43762 45081
43765 47899
43774 45010
43776 41082
43777 41081
43785 45057
43790 44986
43793 44903
43794 44902
43795 44898
43797 44881
43798 41049
43802 47868
43803 41045
43820 44776
43824 44822
43826 44977
43833 44955
43835 41019
43841 44841
43892 44695
43894 47819
43895 47818
43936 44732
43964 40742
43971 44688
43973 44576
44027 44614
44051 40797
44054 44799
44072 40608
44081 44462
44132 47746
44153 44591
44202 44388
44226 44390
44231 47567
44235 40381
44247 47524
44252 44527
44255 40377
44256 40376
44264 44492
44265 47515
44276 44499
44286 40520
44290 44477
44317 44475
44337 44602
44350 44434
44433 47352
44444 47443
44447 40308
44450 44315
44489 44319
44512 44412
44519 44260
44520 44261
44521 47337
44526 40233
44535 44376
44568 47347
44574 39929
44595 47326
44618 47385
44630 47386
44637 44006
44649 47189
44668 44318
44689 43945
44735 47114
44749 44023
44785 47012
44791 43845
44792 39735
44801 43636
44817 47163
44887 39731
44913 43615
44919 44037
44947 43463
44976 43664
44979 38859
45038 47013
45061 43619
45074 39086
45080 43851
45122 43652
45151 43627
45175 43524
45178 43614
45188 43548
45204 39302
45244 46771
45250 43683
45326 49322
45333 39247
45430 43594
45434 46695
45458 43093
45471 42897
45501 46521
45505 46633
45536 46598
45589 42898
45595 42779
45613 42853
45621 46384
45623 42728
45626 46282
45648 46563
45659 49021
45665 46357
45673 46538
45678 46551
45684 46262
45697 48938
45700 43420
45720 46206
45744 46449
45782 46194
45786 46316
45828 46539
45832 46286
45833 46246
45834 46218
45835 38654
45851 46373
45855 42818
45865 42528
45921 46169
45922 46168
45926 46305
45934 46170
45999 46141
46006 46159
46107 48773
46249 46009
46259 48622
46277 46031
46286 46026
46288 48812
46289 45984
46309 48772
46326 42325
46334 45985
46346 45961
46356 48724
46358 48690
46363 48686
46364 48685
46369 48710
46373 45897
46435 48505
46438 48625
46480 45768
46506 50338
46507 48611
46528 45766
46538 45723
46540 48551
46552 45716
46566 48555
46569 48528
46574 45690
46584 48320
46588 45672
46596 48500
46603 45654
46612 48492
46618 45638
46626 45635
46645 45615
46650 48256
46654 45610
46657 45606
46682 45580
46694 45565
46712 45551
46727 48389
46733 45500
46792 48345
46795 45463
46819 45448
46823 45443
46825 45410
46829 45405
46850 48323
46853 45458
46863 45418
46875 45358
46877 48283
46890 48244
46894 45337
46899 48266
46908 48210
46909 48155
46910 48154
46930 48134
46979 48072
47038 45198
47039 45197
47040 48061
47041 48130
47046 48056
47049 48179
47050 48178
47054 48054
47055 45126
47059 48012
47061 48092
47075 47981
47126 48095
47131 45037
47140 48057
47141 48046
47142 48045
47144 48078
47145 48077
47153 48043
47161 47886
47164 48093
47166 47891
47187 47908
47199 47971
47200 47966
47221 44930
47232 47851
47255 47794
47263 49920
47309 47690
47312 47852
47320 44908
47321 44907
47323 44832
47362 47792
47394 47801
47398 47642
47409 49813
47413 44780
47417 47739
47442 47727
47451 49880
47455 47589
47472 47553
47478 47685
47479 47531
47485 47686
47501 47677
47502 47676
47505 47680
47506 47662
47521 49749
47523 47645
47535 44590
47545 47635
47546 47634
47547 49741
47555 47744
47561 44595
47565 47621
47566 47620
47593 47605
47597 49712
47610 47576
47611 47575
47613 44546
47637 47538
47668 40298
47669 40299
47692 44421
47706 47452
47707 47451
47718 47436
47721 51203
47732 47467
47801 40128
47806 47367
47813 18178
47825 47280
47838 49649
47850 47095
47910 47216
47929 44057
47971 44086
47987 47164
48070 44024
48080 46944
48085 49458
48086 49457
48101 46919
48119 49368
48149 46857
48194 49400
48215 49381
48216 46791
48227 49371
48254 49346
48267 50878
48286 49328
48289 46745
48318 49310
48324 46995
48327 49113
48368 49240
48370 49261
48375 49213
48407 7732
48445 49033
48456 49205
48470 49014
48475 43447
48499 49150
48554 46258
48593 46193
48633 48914
48646 49046
48657 46228
48663 46691
48668 48966
48680 48853
48689 46779
48713 43290
48737 48907
48741 48895
48748 48908
48764 46560
48774 48939
48992 48782
48999 50510
49006 48813
49021 48788
49033 48775
49039 50565
49057 50538
49061 50554
49067 50384
49069 50530
49070 48689
49095 50516
49097 48661
49108 48636
49112 51759
49119 48642
49124 50491
49149 50441
49150 50361
49151 50472
49171 48577
49172 48576
49178 50341
49183 51717
49184 51718
49190 51712
49191 50329
49201 50392
49209 50315
49216 48524
49217 48528
49230 48506
49233 50383
49238 48492
49240 48494
49253 48457
49262 50346
49272 48444
49300 48408
49316 50314
49324 51677
49353 48354
49359 48341
49376 48323
49380 48355
49390 48288
49433 50216
49434 50215
49474 48219
49478 50172
49489 51573
49498 48158
49504 50169
49514 48117
49523 50137
49528 48098
49546 50157
49553 48057
49557 48064
49558 48063
49563 48097
49564 50106
49577 48006
49581 48019
49584 49998
49585 49999
49597 49967
49598 47982
49620 49979
49660 49944
49667 51351
49701 51321
49710 51385
49726 49880
49732 49951
49751 49857
49783 49820
49795 47748
49833 49852
49839 49845
49842 49774
49897 51272
49898 51271
49917 51203
49924 49714
49955 49694
49958 51106
49965 51091
50018 49479
50030 49624
50043 49591
50049 49685
50053 49553
50080 51084
50095 49576
50099 49585
50120 51062
50177 51005
50185 49408
50222 52128
50237 49400
50255 49297
50267 49371
50273 50823
50290 49328
50295 50903
50313 49454
50320 49288
50322 49307
50350 50748
50362 49054
50381 49027
50388 49025
50403 49378
50410 50736
50415 50812
50445 50786
50450 50746
50539 50631
50567 48982
50591 50687
50592 48961
50612 24550
50688 51860
50750 50573
50757 50572
50774 48766
50781 51842
50789 51807
50793 48698
50807 51846
50809 50525
50812 51840
50816 50515
50824 50513
50825 50512
50828 52623
50833 51762
50844 51811
50867 51726
50873 50448
50882 50433
50890 50429
50895 50417
50907 50395
50910 50408
50912 51656
50913 50377
50920 51751
50923 50256
50926 51731
50931 51624
50954 51704
50960 50335
50963 51702
51019 51632
51022 50245
51036 50180
51038 50253
51061 50208
51063 50199
51086 51580
51093 51565
51094 51564
51108 50186
51112 51560
51116 51553
51123 51515
51124 51555
51131 50121
51141 51547
51142 51537
51147 51473
51152 51523
51157 51524
51158 50135
51172 51467
51175 51495
51179 52425
51183 51489
51184 51461
51214 50066
51246 50038
51258 51437
51267 49938
51290 49928
51293 51408
51294 51409
51310 52357
51315 52363
51316 51370
51327 52364
51331 51361
51333 51365
51339 51356
51352 51347
51355 33088
51360 51333
51377 51355
51400 49851
51417 51320
51438 51247
51439 51250
51443 51238
51444 51239
51449 51298
51455 52234
51528 52174
51537 51201
51558 50947
51559 50946
51602 52163
51639 50987
51663 51069
51681 52135
51710 49447
51758 52017
51759 52016
51772 52011
51773 52010
51789 50905
51853 50650
51856 51954
51861 50807
51866 52027
51868 52001
51878 51947
51886 51974
51896 49166
51900 51966
51903 50801
52002 52702
52004 51862
52011 52700
52012 52701
52023 51852
52027 51849
52033 51833
52034 51832
52038 52649
52039 52648
52040 52645
52050 51810
52052 52675
52069 51797
52082 53159
52084 52660
52085 52654
52089 51782
52090 51781
52092 51764
52095 51771
52098 51757
52105 52636
52114 51720
52141 50311
52144 51688
52152 51669
52170 51655
52176 52511
52184 52547
52193 52504
52194 52534
52195 52509
52199 51599
52202 52537
52220 51575
52221 52520
52237 51558
52239 52515
52274 51504
52296 51465
52299 51411
52307 51409
52320 52401
52340 52388
52359 52370
52389 51329
52401 52324
52402 52323
52502 52181
52559 51159
52567 23636
52588 52852
52604 52853
52624 52109
52718 51932
52719 52758
52720 52757
52721 52735
52827 52694
52861 52654
52862 52647
52863 51781
52866 53181
52867 52643
52872 52620
52926 52525
52953 53089
52964 53072
52965 53071
52966 53430
52991 53419
53017 52969
53018 52993
53063 52335
53069 53335
53085 52331
53121 53331
53152 53307
53210 52854
53224 53236
53225 53257
53237 53234
53241 52758
53242 52757
53289 53204
53303 53498
53319 53180
53323 53179
53329 53171
53342 53141
53358 53134
53373 53101
53410 53405
53421 53658
53422 53657
53445 53635
53480 53630
53493 53344
53502 53346
53503 53345
53513 53337
53530 53588
53531 53587
53552 53284
53582 53235
53588 53546
53647 53493
53659 53486
53673 53710
53676 53474
53691 53703
53716 53669
53754 53637
53801 53801
53874 53729
53875 53730
53884 53473
53888 53697
53961 53795
54003 53882
54008 53975
54018 53864
54046 53928
54053 53922
54083 53987
54087 53983
54088 53982
54090 53984
54101 54042
54115 54082
54116 54081
54126 54019
54127 54020
54141 54060
54142 54061
54154 54042
54158 54121
54169 54110
54176 54150
54185 54092
54199 54137
54212 54143
54216 54156
54217 54155
54218 54139
54231 54162
54256 54173
